# t(s) QueuingDelay(ms)
10.080399  0
10.089481  1
10.095859  1
10.104630  4
10.123773  5
10.136319  8
10.172745  10
10.189885  11
10.196522  15
10.208158  30
10.227390  3
10.235500  10
10.239925  41
10.255953  12
10.264583  42
10.274357  21
10.285519  25
10.298194  50
10.299967  41
10.310829  44
10.322930  52
10.334666  54
10.362828  73
10.366183  56
10.371482  89
10.382443  110
10.384056  62
10.397430  65
10.414110  158
10.424723  23
10.426856  161
10.443944  166
10.448029  83
10.454227  186
10.456719  29
10.468081  87
10.472726  195
10.482509  93
10.485181  29
10.494804  135
10.499129  38
10.507739  144
10.510411  62
10.514836  201
10.532043  64
10.538541  152
10.551357  157
10.559307  71
10.563851  163
10.565484  213
10.575247  173
10.585869  249
10.590773  80
10.603189  80
10.611399  275
10.627670  285
10.633968  92
10.642805  299
10.653808  175
10.658273  312
10.660146  99
10.676471  308
10.686594  102
10.707020  110
10.716836  178
10.731764  182
10.740668  125
10.767077  145
10.771841  207
10.786389  342
10.788741  214
10.795039  350
10.797112  159
10.813842  231
10.816214  180
10.817907  358
10.833225  202
10.839922  374
10.843808  214
10.848333  237
10.867785  239
10.878448  244
10.883113  212
10.896242  384
10.897835  269
10.906504  210
10.920278  282
10.937337  396
10.957768  435
10.979434  295
10.996206  308
10.998338  211
11.015438  313
11.017910  467
11.033381  338
11.038165  213
11.042790  472
11.045102  2
11.052573  346
11.061402  231
11.065687  347
11.072184  240
11.080135  483
11.092730  352
11.100441  357
11.107937  355
11.127709  250
11.150947  509
11.153119  255
11.192869  525
11.201838  283
11.203491  362
11.210308  547
11.216426  391
11.225096  548
11.232193  301
11.240483  558
11.246960  312
11.248753  402
11.259716  565
11.261309  404
11.270458  567
11.278356  331
11.288324  405
11.291770  353
11.293963  19
11.295816  573
11.309370  27
11.313635  571
11.340504  361
11.358596  115
11.361268  381
11.381087  390
11.398574  584
11.400347  424
11.413502  433
11.418007  596
11.449515  439
11.451388  420
11.457965  126
11.466954  420
11.469067  449
11.488579  453
11.490432  610
11.494977  433
11.499202  463
11.507852  463
11.514249  569
11.518914  143
11.522640  616
11.529497  447
11.545977  631
11.574360  637
11.582630  643
11.584263  421
11.613444  416
11.680429  658
11.709942  688
11.712354  427
11.720424  436
11.736484  678
11.746886  672
11.751211  160
11.755496  441
11.762672  666
11.764924  181
11.779312  214
11.790095  656
11.817537  441
11.819769  654
11.835595  218
11.837168  441
11.844319  23
11.857294  221
11.872182  572
11.876906  250
11.902410  595
11.915652  449
11.924802  602
11.941247  456
11.943180  848
11.957737  463
11.975935  863
11.980020  488
11.986298  658
12.005216  877
12.010500  747
12.012553  882
12.024114  751
12.026386  908
12.037368  501
12.041373  763
12.044085  911
12.050402  259
12.066069  508
12.067902  782
12.078864  783
12.085581  520
12.094490  796
12.103340  922
12.109577  924
12.112209  804
12.119473  541
12.144172  275
12.156892  811
12.161177  561
12.177668  816
12.195534  828
12.201932  837
12.208569  572
12.216839  838
12.225409  584
12.229694  934
12.245880  948
12.258854  622
12.267444  957
12.278805  957
12.292099  947
12.306691  160
12.310776  846
12.342824  656
12.353946  877
12.370906  660
12.387834  288
12.392079  888
12.402529  673
12.412066  316
12.421635  942
12.424047  886
12.483142  751
12.512123  775
12.516248  370
12.531043  164
12.539273  782
12.543019  643
12.548083  808
12.560458  852
12.607489  405
12.642628  830
12.663119  700
12.667384  664
12.679185  663
12.686516  410
12.691420  658
12.744277  664
12.746449  666
12.812783  667
12.824085  674
12.828729  417
12.833708  675
12.852626  440
12.854818  930
12.878876  928
12.891591  173
12.908831  183
12.918320  925
12.920493  214
12.931935  675
12.934247  674
12.938772  833
12.966294  675
12.968946  233
12.980662  816
12.982295  678
12.991384  677
13.024939  240
13.037614  797
13.042478  247
13.107440  802
13.120534  801
13.134394  756
13.147468  748
13.157771  720
13.174810  681
13.186212  694
13.190077  702
13.199626  686
13.203971  1
13.207577  693
13.225635  677
13.231593  460
13.268999  466
13.274877  463
13.277309  682
13.286378  695
13.289764  7
13.298693  463
13.339068  32
13.341141  685
13.347778  685
13.350150  42
13.351923  684
13.374484  683
13.376636  687
13.393687  459
13.411886  680
13.416051  454
13.424861  672
13.431298  686
13.436003  671
13.442100  243
13.481180  680
13.485065  660
13.496167  680
13.500252  447
13.506470  443
13.511174  22
13.526840  666
13.531165  677
13.535610  664
13.552529  438
13.559247  430
13.566204  215
13.570589  643
13.575473  643
13.577765  212
13.584583  211
13.590780  204
13.592353  633
13.601782  629
13.606646  620
13.609198  615
13.612449  187
13.619446  614
13.658061  623
13.660473  627
13.677780  185
13.699879  179
13.733526  613
13.735679  400
13.795769  615
13.814633  617
13.823163  621
13.828941  629
13.833466  640
13.891979  678
13.901328  674
13.906272  19
13.914563  641
13.925286  659
13.934055  664
13.940892  663
13.979202  674
14.009977  461
14.030387  491
14.040209  26
14.057069  495
14.072867  685
14.075159  33
14.079584  503
14.084049  42
14.090547  515
14.096765  692
14.099417  692
14.106853  538
14.110799  680
14.121921  698
14.124513  548
14.134776  700
14.139181  55
14.152355  702
14.156660  491
14.161504  710
14.171038  187
14.173410  717
14.217573  719
14.224310  33
14.241389  58
14.291508  719
14.295653  531
14.299818  738
14.304143  192
14.319451  240
14.322023  545
14.350304  271
14.357955  280
14.388355  567
14.399278  283
14.403104  570
14.413806  288
14.451902  294
14.471173  485
14.480017  318
14.502361  321
14.507266  690
14.523467  330
14.551349  340
14.559839  690
14.565488  350
14.584620  704
14.589125  58
14.595743  710
14.600887  367
14.618147  718
14.619800  379
14.643198  713
14.675225  63
14.715085  289
14.823406  72
14.874501  70
14.899497  501
14.941467  80
14.945033  87
14.947645  740
15.016763  5
15.028072  760
15.034010  702
15.040387  89
15.066636  599
15.099823  766
15.107561  646
15.157627  320
15.164424  696
15.199319  347
15.222104  361
15.226769  731
15.252179  369
15.256964  715
15.273724  95
15.302279  723
15.349249  742
15.353454  729
15.364411  760
15.382350  737
15.428980  766
15.443587  399
15.445300  772
15.461766  400
15.465931  779
15.503854  121
15.519908  578
15.541973  10
15.563992  789
15.568736  17
15.581630  44
15.631719  77
15.648499  599
15.670723  143
15.722732  669
15.748062  159
15.750714  773
15.759684  701
15.782803  739
15.809640  113
15.875284  165
15.890273  87
15.892246  163
15.954548  783
15.970095  175
15.989008  789
16.000652  231
16.018914  828
16.025012  836
16.042851  837
16.046996  248
16.093579  670
16.110888  661
16.118643  656
16.124887  620
16.140680  546
16.148056  207
16.169921  796
16.184115  796
16.204386  627
16.212856  635
16.222166  635
16.242305  827
16.260183  846
16.282246  642
16.291336  846
16.317685  548
16.322712  857
16.354861  472
16.357213  860
16.379759  865
16.398992  869
16.477398  490
16.492785  876
16.496950  506
16.520727  543
16.534880  878
16.542476  523
16.570908  478
16.586654  248
16.617368  261
16.666902  267
16.687897  266
16.705572  269
16.734741  99
16.788759  887
16.820527  188
16.845145  276
16.856047  307
16.866969  222
16.892407  87
16.902070  310
16.921309  880
16.955912  279
16.986486  290
16.991310  894
16.999700  312
17.003985  314
17.043214  720
17.047319  365
17.062752  217
17.090200  505
17.127178  539
17.136787  556
17.180663  897
17.188443  941
17.196853  560
17.203430  561
17.214412  563
17.238494  546
17.300120  971
17.305451  551
17.312267  958
17.320742  1206
17.323174  649
17.335015  664
17.347034  762
17.361047  551
17.365052  968
17.405338  971
17.406971  553
17.432921  548
17.452952  344
17.536368  550
17.551758  548
17.609193  549
17.633588  551
17.670063  332
17.710759  233
17.738160  255
17.747301  551
17.762257  88
17.800867  328
17.902896  234
17.963740  330
18.036153  991
18.111635  554
18.123815  553
18.156792  243
18.169632  354
18.186396  968
18.228202  467
18.238488  755
18.240366  993
18.262529  333
18.292036  513
18.322194  968
18.341999  755
18.383287  546
18.398284  605
18.409589  435
18.439786  320
18.465943  302
18.478374  302
18.505604  114
18.519956  293
18.524900  113
18.530044  110
18.535562  293
18.537335  290
18.542539  290
18.544711  109
18.549465  109
18.557875  288
18.559708  285
18.562160  284
18.567244  274
18.598759  274
18.610934  273
18.612527  264
18.632789  195
18.634362  272
18.667655  200
18.713947  280
18.719745  287
18.723790  201
18.727021  205
18.732544  265
18.734836  207
18.741493  206
18.744644  278
18.752934  278
18.811485  279
18.821947  205
18.824259  278
18.825832  204
18.828464  286
18.832649  204
18.834941  274
18.839725  201
18.842971  200
18.845383  271
18.850347  185
18.914626  205
18.928843  212
18.936139  221
18.973617  285
18.978401  294
18.980553  299
18.990481  303
18.997078  302
19.001143  301
19.013343  296
19.033633  295
19.041428  307
19.047286  306
19.097324  291
19.102128  289
19.104640  505
19.107072  295
19.127362  290
19.130034  186
19.134818  186
19.136671  194
19.145006  193
19.147698  285
19.159813  280
19.164537  276
19.167683  272
19.170195  269
19.172048  268
19.191799  254
19.194191  913
19.231514  266
19.271262  681
19.296875  885
19.299447  255
19.301859  251
19.311747  251
19.316032  250
19.317665  250
19.321750  248
19.397510  249
19.420100  67
19.422412  67
19.434103  247
19.445429  68
19.449514  888
19.458503  248
19.462488  249
19.472955  250
19.474588  250
19.476201  249
19.478833  249
19.483877  241
19.487742  240
19.515639  240
19.517512  241
19.533237  242
19.538760  242
19.545995  250
19.556534  176
19.569337  175
19.586725  176
19.590870  175
19.596508  175
19.602889  253
19.621487  167
19.626266  251
19.631030  250
19.642970  68
19.667466  250
19.669259  173
19.674762  251
19.680006  252
19.690867  253
19.693459  253
19.697424  252
19.730407  243
19.737783  172
19.761843  173
19.766587  173
19.774043  160
19.781339  160
19.783871  157
19.790208  171
19.793474  166
19.802323  239
19.853044  167
19.887959  239
19.892843  239
19.904064  238
19.910102  237
19.920776  249
19.950382  237
19.966702  252
20.027522  241
20.032526  243
20.034958  473
20.040545  3
20.061116  161
20.066639  253
20.069071  160
20.070824  256
20.072397  254
20.099292  255
20.111739  6
20.119397  11
20.154056  254
20.160433  258
20.162905  261
20.185887  666
20.215715  883
20.218327  251
20.231980  253
20.234452  254
20.236225  252
20.253436  254
20.280188  254
20.302664  7
20.334949  67
20.342764  67
20.346649  245
20.349001  66
20.352227  64
20.354739  244
20.357131  64
20.361995  885
20.366919  885
20.375269  245
20.393546  248
20.398929  240
20.422599  238
20.450868  239
20.452781  248
20.461870  249
20.466574  162
20.468986  242
20.470719  232
20.476602  161
20.481506  161
20.483139  160
20.485631  239
20.488323  159
20.531606  159
20.551545  241
20.557268  67
20.563745  229
20.566776  161
20.568549  158
20.590324  230
20.591897  234
20.599253  233
20.600866  232
20.662116  158
20.663809  245
20.666401  163
20.670975  232
20.672708  163
20.675420  231
20.677692  163
20.680344  143
20.682037  137
20.683670  137
20.691405  152
20.702850  225
20.744815  149
20.754723  224
20.759847  197
20.764651  196
20.766324  195
20.770728  191
20.783183  195
20.787048  187
20.788761  187
20.790534  192
20.799523  0
20.812721  187
20.823602  184
20.839383  192
20.886038  7
20.896106  7
20.902543  411
20.915126  106
20.927979  194
20.940981  113
20.965992  0
20.985773  1
20.992190  6
21.014156  580
21.018860  768
21.040834  0
21.054268  64
21.057594  0
21.071726  683
21.074018  680
21.078902  679
21.097709  0
21.115075  0
21.164162  0
21.284386  1
21.289150  0
21.297261  0
21.312192  0
21.339420  0
21.343865  4
21.381030  375
21.404915  1
21.410079  147
21.420062  366
21.451334  0
21.478098  379
21.492054  4
21.574863  4
21.670877  6
21.675722  5
21.691648  2
21.700844  7
21.733130  10
21.746588  4
21.761365  4
21.775158  0
21.782575  7
21.810008  14
21.831179  17
22.017061  34
22.022979  44
22.055026  1
22.067127  10
22.100908  21
22.133515  11
22.137920  12
22.149141  78
22.187279  80
22.194735  4
22.199379  14
22.208328  85
22.219349  13
22.225946  66
22.234256  79
22.254947  32
22.268825  94
22.290360  102
22.297038  74
22.308199  90
22.309772  110
22.331063  102
22.343418  113
22.351009  120
22.364144  165
22.366636  137
22.372454  140
22.400216  385
22.441969  40
22.467286  44
22.494528  47
22.499914  69
22.615942  150
22.640833  151
22.646970  390
22.648863  197
22.673680  204
22.698648  118
22.769648  84
22.782223  149
22.784136  89
22.788461  238
22.792646  245
22.799311  245
22.803696  87
22.819462  242
22.852121  92
22.862843  132
22.865255  244
22.873405  241
22.875977  216
22.889220  245
22.904921  247
22.916702  144
22.925831  249
22.927424  230
22.936733  254
22.942631  247
22.947175  471
22.956544  260
22.958137  263
22.976312  263
22.992279  254
22.996784  266
23.008266  267
23.016717  279
23.023394  279
23.031204  413
23.035129  498
23.037322  280
23.051915  288
23.059152  512
23.076371  298
23.087753  306
23.111342  307
23.131832  314
23.144566  246
23.173539  161
23.200822  380
23.207319  412
23.209511  530
23.215374  694
23.225662  244
23.231860  220
23.240490  269
23.258050  489
23.264108  229
23.288951  238
23.350986  45
23.374248  183
23.385065  321
23.405384  324
23.412405  338
23.427397  352
23.434813  609
23.450087  385
23.458557  648
23.490613  334
23.498763  401
23.500556  326
23.517142  276
23.551963  346
23.586202  267
23.601980  412
23.610070  414
23.619219  6
23.630441  254
23.650094  425
23.662490  294
23.670006  90
23.677662  328
23.679355  327
23.691971  407
23.693964  418
23.714594  432
23.738219  428
23.739932  421
23.746397  394
23.758193  406
23.760625  426
23.773893  410
23.777024  430
23.789680  470
23.792092  436
23.794324  725
23.811345  439
23.812958  328
23.817243  477
23.830958  485
23.846525  449
23.854615  488
23.856328  622
23.858121  418
23.869023  502
23.871135  455
23.884131  511
23.896939  463
23.908639  490
23.913264  629
23.928143  503
23.948179  508
23.956869  516
23.973982  519
23.989170  533
24.006035  538
24.016597  542
24.024927  550
24.036968  555
24.049109  559
24.057639  559
24.062203  434
24.073825  554
24.078150  32
24.089652  147
24.094496  335
24.096149  315
24.125099  406
24.167574  695
24.186151  434
24.197337  410
24.202181  521
24.235505  762
24.255737  415
24.273237  549
24.323514  374
24.339619  380
24.347235  52
24.391482  388
24.408112  151
24.410764  366
24.424143  593
24.426216  647
24.430780  571
24.444174  780
24.451630  577
24.489721  602
24.525100  523
24.548696  604
24.559718  590
24.586247  437
24.602453  792
24.622070  254
24.626375  621
24.634392  436
24.650685  622
24.655150  562
24.658261  625
24.664678  628
24.668803  786
24.676905  545
24.694104  554
24.699707  595
24.706284  609
24.710788  522
24.714593  457
24.727448  525
24.757535  608
24.769835  613
24.779903  609
24.791564  614
24.799140  615
24.801472  829
24.821063  626
24.844350  577
24.846343  606
24.855951  629
24.920957  818
24.944508  648
24.950011  622
24.966495  664
24.974924  615
24.992806  673
25.017096  682
25.056774  651
25.061518  609
25.079920  696
25.091500  538
25.100050  669
25.104095  532
25.135392  556
25.167740  614
25.179281  542
25.190742  598
25.211116  607
25.215900  630
25.233004  721
25.254652  755
25.283427  756
25.324056  600
25.338543  605
25.350108  612
25.355810  565
25.383030  590
25.394810  600
25.399035  583
25.402330  581
25.408009  593
25.410521  579
25.419150  581
25.428958  930
25.447055  987
25.477772  589
25.481897  594
25.505123  599
25.514532  615
25.535493  603
25.542769  605
25.665785  620
25.668417  618
25.679958  985
25.702684  605
25.704277  599
25.735621  606
25.747366  608
25.763235  600
25.773682  616
25.775335  600
25.781038  610
25.788254  614
25.793218  614
25.809563  614
25.811995  614
25.819031  612
25.826307  612
25.834562  611
25.841209  610
25.852335  612
25.855007  751
25.865519  611
25.870902  610
25.877706  758
25.884463  613
25.892498  613
25.894850  610
25.904898  609
25.911814  608
25.914386  607
25.925807  958
25.927640  605
25.932724  605
25.959500  610
25.977458  611
25.982642  613
25.993624  614
26.009551  616
26.015009  612
26.028063  619
26.032308  622
26.042715  620
26.047447  623
26.053644  626
26.055477  628
26.060308  628
26.062780  630
26.067644  629
26.072368  626
26.084029  613
26.092159  612
26.106551  607
26.109223  628
26.112234  624
26.115529  621
26.118041  611
26.120473  620
26.134167  611
26.139011  612
26.163467  618
26.166658  612
26.172775  613
26.178298  614
26.183162  613
26.185834  614
26.198274  698
26.216412  924
26.218924  619
26.221416  619
26.224088  622
26.229252  617
26.238581  614
26.241193  613
26.267034  601
26.286390  604
26.299586  604
26.302258  605
26.304710  615
26.310608  603
26.313539  615
26.315172  600
26.350690  601
26.362611  603
26.365283  602
26.395692  605
26.402509  614
26.412964  613
26.415456  610
26.417648  592
26.419221  610
26.448601  613
26.461001  598
26.465346  598
26.473081  600
26.484063  600
26.497149  599
26.518338  600
26.520171  619
26.524476  618
26.528521  598
26.531492  597
26.537670  596
26.540641  596
26.542494  594
26.544766  602
26.549730  593
26.568631  593
26.570224  592
26.576530  591
26.593486  606
26.598969  589
26.603134  605
26.607468  614
26.636103  607
26.655427  612
26.661130  611
26.673598  598
26.703002  604
26.705434  605
26.707766  587
26.715242  606
26.717554  606
26.720146  434
26.724731  599
26.736671  600
26.742609  598
26.744861  595
26.758714  586
26.760447  582
26.762360  582
26.766205  579
26.768697  573
26.773841  945
26.781157  568
26.788413  565
26.791679  560
26.794171  556
26.797517  553
26.801822  696
26.804174  545
26.820611  695
26.824221  545
26.826334  687
26.828706  537
26.842692  536
26.844405  533
26.851082  885
26.856665  527
26.883962  528
26.892771  542
26.899329  525
26.904113  525
26.905786  516
26.916527  510
26.929581  499
26.934385  497
26.952208  495
26.967694  496
26.971579  495
26.973312  483
26.990955  485
26.994146  479
26.997472  469
27.009911  474
27.018121  468
27.027530  464
27.039450  464
27.044274  463
27.045927  464
27.050491  463
27.055922  835
27.062079  834
27.063712  831
27.066304  829
27.069335  458
27.076451  453
27.082074  449
27.149593  765
27.151985  369
27.153758  365
27.164509  364
27.174821  359
27.181405  369
27.184499  368
27.187730  367
27.199128  351
27.231837  325
27.233410  322
27.241785  301
27.251074  297
27.273077  263
27.274890  281
27.278895  261
27.282301  273
27.291090  267
27.299779  258
27.302111  254
27.306742  266
27.308575  263
27.316465  246
27.318877  627
27.326053  245
27.331576  237
27.333908  220
27.349279  246
27.352645  238
27.355317  245
27.357929  237
27.360241  235
27.361894  235
27.364426  233
27.380072  233
27.384936  232
27.387208  230
27.405087  234
27.409172  231
27.414395  229
27.418819  369
27.424937  367
27.427229  358
27.429122  354
27.432253  562
27.446358  556
27.451242  555
27.467036  188
27.490197  186
27.514666  144
27.522976  154
27.524849  137
27.529294  137
27.531127  136
27.543268  134
27.562161  133
27.586337  503
27.588050  500
27.594847  495
27.599332  499
27.601604  128
27.606089  125
27.690738  121
27.730451  112
27.773942  89
27.784452  101
27.800878  115
27.810366  122
27.812179  122
27.816424  120
27.820669  123
27.823101  122
27.825433  491
27.840824  91
27.850487  107
27.869584  91
27.879052  464
27.890434  224
27.892587  74
27.910685  428
27.958625  47
27.976382  44
27.980767  37
28.036517  416
28.038590  408
28.040902  414
28.051664  46
28.137785  42
28.142450  69
28.146535  46
28.178203  68
28.222516  36
28.243974  45
28.255635  49
28.259581  53
28.263586  53
28.267871  424
28.286708  46
28.288361  24
28.305360  42
28.339393  50
28.341705  197
28.429893  48
28.474174  54
28.503080  50
28.569493  36
28.576050  48
28.666519  28
28.681946  43
28.684538  403
28.703551  53
28.716825  43
28.748643  40
28.767535  31
28.873262  36
28.908647  53
28.940095  59
28.944320  57
28.950578  66
28.953170  60
28.974615  61
28.979380  428
29.004850  426
29.134665  56
29.171831  56
29.176256  33
29.241816  27
29.251284  192
29.263779  405
29.285682  37
29.308845  38
29.349728  63
29.382315  63
29.391204  67
29.399514  64
29.410623  71
29.421145  67
29.431608  435
29.451799  436
29.489984  39
29.514164  40
29.630635  71
29.647335  63
29.704741  60
29.738694  427
29.755354  73
29.800327  84
29.805431  412
29.819345  98
29.822057  434
29.841925  108
29.861577  126
29.874791  136
29.913342  72
29.931441  96
29.937778  104
29.943916  160
29.948141  68
29.983506  159
29.987372  168
29.991897  167
30.008517  169
30.012242  497
30.018040  439
30.078098  55
30.085693  68
30.111027  29
30.162741  53
30.176729  160
30.201485  161
30.203378  106
30.207663  108
30.209955  105
30.218285  169
30.222330  165
30.231300  48
30.243241  64
30.251871  136
30.297023  489
30.336411  213
30.353731  68
30.365752  505
30.369737  143
30.385324  157
30.391222  514
30.436798  154
30.439030  144
30.452532  83
30.462562  156
30.464495  480
30.491517  159
30.532598  178
30.549917  181
30.574094  171
30.578339  280
30.584617  181
30.586190  533
30.629499  301
30.662284  84
30.689718  171
30.700100  152
30.767604  139
30.816296  543
30.827046  168
30.838468  191
30.845245  524
30.846838  103
30.889598  184
30.925295  47
30.942897  202
30.959363  109
30.964366  213
30.976926  219
31.016475  546
31.027497  192
31.029650  548
31.044518  227
31.055240  188
31.075247  192
31.076980  227
31.085055  158
31.087208  227
31.095318  536
31.101416  189
31.113058  225
31.117003  222
31.119375  222
31.134962  194
31.142059  228
31.148596  223
31.165356  562
31.196271  224
31.200396  232
31.207300  240
31.212978  240
31.217043  557
31.223680  237
31.227725  581
31.230097  233
31.235875  558
31.249230  597
31.255687  334
31.323524  214
31.450560  224
31.467450  225
31.479910  340
31.483896  227
31.486068  243
31.509186  150
31.511398  214
31.578185  227
31.589427  231
31.591619  221
31.593312  258
31.601308  596
31.611951  302
31.622334  310
31.629270  225
31.643497  229
31.652116  160
31.663937  249
31.670534  377
31.686039  276
31.693635  194
31.713521  281
31.723229  287
31.753913  297
31.759456  307
31.773469  304
31.819553  596
31.823738  303
31.835134  252
31.841176  607
31.853978  254
31.859142  234
31.867292  253
31.871497  313
31.876501  317
31.878114  615
31.897565  313
31.899897  242
31.910899  214
31.915384  609
31.925173  307
31.963638  652
31.975778  378
31.995270  256
31.997443  270
32.130029  224
32.146928  310
32.168293  258
32.188729  400
32.194013  256
32.196645  327
32.200870  262
32.205954  327
32.210259  313
32.220902  317
32.224428  319
32.250007  293
32.281504  282
32.283357  282
32.292600  300
32.296885  291
32.305623  289
32.312260  275
32.317524  284
32.322268  271
32.326293  283
32.338253  264
32.348061  429
32.364186  290
32.365819  227
32.409172  240
32.413397  262
32.421052  293
32.425597  294
32.427809  321
32.429722  295
32.454318  667
32.460935  288
32.467812  294
32.480791  296
32.530839  664
32.545191  292
32.549915  663
32.565764  303
32.566583  298
32.568995  307
32.571387  315
32.574059  305
32.588077  690
32.619961  303
32.622373  664
32.628910  673
32.630583  303
32.634608  303
32.636201  299
32.643437  671
32.663379  661
32.679484  657
32.705120  301
32.722391  272
32.740469  275
32.792144  270
32.808629  265
32.815965  284
32.831111  288
32.836869  284
32.847304  291
32.890632  284
32.927916  290
32.930867  291
32.939863  286
32.941636  286
32.964219  283
32.972379  267
32.977363  262
32.979855  265
32.981648  265
32.983800  261
32.987845  260
32.995640  258
33.002537  406
33.005568  258
33.009373  258
33.018509  267
33.032237  242
33.047124  245
33.056560  234
33.066208  215
33.076458  589
33.116142  223
33.144815  223
33.147267  222
33.153417  595
33.155250  595
33.165098  222
33.169363  604
33.172274  602
33.186288  220
33.190912  219
33.192825  228
33.202553  369
33.216268  218
33.220338  218
33.225781  586
33.227374  231
33.231459  216
33.233971  574
33.235584  211
33.244713  220
33.255704  221
33.257317  219
33.259629  217
33.261961  200
33.275614  569
33.281492  564
33.307145  211
33.331385  185
33.336609  212
33.388863  169
33.412434  184
33.428942  327
33.433766  184
33.445986  323
33.448558  182
33.451270  182
33.452943  180
33.457607  182
33.490906  179
33.514476  179
33.535549  169
33.548324  179
33.558476  178
33.566112  179
33.577134  321
33.583419  158
33.608513  185
33.624919  185
33.635227  185
33.651133  537
33.681607  168
33.704539  163
33.707111  163
33.709124  526
33.726944  147
33.730969  145
33.736732  286
33.738485  514
33.754181  143
33.758985  131
33.761597  492
33.766840  130
33.771086  501
33.788126  477
33.820639  130
33.832427  109
33.834220  129
33.845290  108
33.853133  130
33.908673  109
33.930803  122
33.946829  270
33.951494  130
33.953487  129
33.981793  120
33.987232  132
33.989764  116
34.049863  107
34.054387  96
34.063457  241
34.067223  73
34.071568  97
34.089961  78
34.120829  65
34.129939  439
34.152689  74
34.165284  81
34.178398  77
34.201376  447
34.216004  78
34.220309  65
34.222242  423
34.227940  429
34.244325  419
34.253275  419
34.285194  67
34.292270  41
34.296575  36
34.299167  59
34.348939  27
34.361515  34
34.376049  35
34.387091  173
34.389164  29
34.392949  38
34.394742  32
34.403751  29
34.409909  26
34.428367  12
34.466878  29
34.471243  44
34.487544  8
34.495040  25
34.537259  1
34.544615  379
34.553585  24
34.567493  18
34.570165  15
34.592429  15
34.610428  391
34.630574  371
34.635099  12
34.639684  381
34.681680  170
34.693082  35
34.807629  169
34.811814  33
34.863945  21
34.883689  10
34.910625  12
34.919175  18
34.939133  18
34.961697  5
34.976665  377
34.987447  381
35.067598  23
35.118006  386
35.218570  23
35.253190  31
35.262838  36
35.280438  22
35.284823  26
35.290501  384
35.327497  5
35.369860  2
35.379050  378
35.392365  17
35.402488  18
35.436255  19
35.477012  45
35.478885  411
35.510023  401
35.523951  385
35.532700  45
35.552011  390
35.587053  43
35.686616  183
35.695445  23
35.726902  30
35.735672  32
35.770719  391
35.772912  19
35.816481  5
35.822020  397
35.833202  24
35.839639  12
35.859411  398
35.863776  406
35.876260  26
35.891367  39
35.895892  415
35.917410  415
35.933336  402
35.958392  405
36.036835  29
36.060333  21
36.089528  0
36.094552  26
36.102922  168
36.106208  12
36.117829  12
36.119662  29
36.163835  24
36.202576  17
36.256823  399
36.283207  33
36.291517  396
36.392096  415
36.413441  417
36.424223  421
36.428548  399
36.456717  405
36.486245  56
36.512154  29
36.543508  6
36.557237  19
36.571430  45
36.580160  44
36.598293  31
36.644313  12
36.668845  13
36.700052  25
36.704737  38
36.715427  409
36.722484  32
36.739504  408
36.743649  407
36.757711  38
36.770646  44
36.781288  416
36.788512  50
36.795169  47
36.807145  419
36.822491  58
36.840564  50
36.880426  14
36.893321  30
36.907654  63
36.930821  192
36.943356  39
36.953839  68
36.955612  413
36.990332  51
37.003805  45
37.024510  49
37.033220  204
37.034833  424
37.039478  58
37.054226  56
37.098614  59
37.139020  59
37.189617  60
37.196734  54
37.203531  417
37.215866  64
37.220031  48
37.232606  429
37.243549  50
37.252518  450
37.261248  57
37.263301  80
37.267786  68
37.303458  431
37.322690  60
37.324503  70
37.341892  79
37.355485  423
37.362945  92
37.375380  61
37.381063  424
37.382996  455
37.392525  82
37.394697  431
37.405280  89
37.407113  68
37.412397  92
37.423443  468
37.428467  80
37.440870  75
37.451012  75
37.453444  218
37.479927  85
37.545932  86
37.551790  79
37.558607  225
37.563012  89
37.564865  227
37.578819  107
37.588048  110
37.596399  93
37.607568  42
37.616138  113
37.620183  475
37.630107  102
37.671821  83
37.675986  115
37.685975  49
37.697717  474
37.701123  123
37.713279  105
37.731638  84
37.738275  102
37.744113  475
37.748218  113
37.761473  457
37.776960  91
37.783437  489
37.794779  106
37.798804  130
37.812079  479
37.814731  134
37.823820  112
37.839446  122
37.847197  126
37.852820  137
37.855232  122
37.870020  119
37.876337  121
37.887399  482
37.889272  74
37.895769  127
37.903182  121
37.929131  122
37.931603  501
37.938700  133
37.951735  489
37.953867  113
37.987927  137
37.992052  268
37.998090  136
38.053982  133
38.067856  511
38.101097  271
38.109907  117
38.118576  135
38.143279  138
38.212173  146
38.236354  121
38.268441  130
38.295870  135
38.321110  490
38.330634  284
38.342616  500
38.351925  140
38.354497  151
38.369165  131
38.376481  512
38.393568  145
38.414773  519
38.428421  139
38.440223  154
38.453438  134
38.459496  159
38.466393  126
38.474603  520
38.488731  136
38.503440  505
38.508564  158
38.517121  543
38.519753  139
38.526990  186
38.535827  523
38.549261  544
38.557032  179
38.572299  292
38.583741  173
38.585853  157
38.598548  541
38.621830  533
38.632332  155
38.641590  161
38.682859  133
38.685131  293
38.692921  142
38.694494  311
38.703682  177
38.712611  180
38.717095  549
38.757762  176
38.799643  185
38.805705  147
38.825001  183
38.871529  173
38.894235  178
38.949621  182
38.955559  182
38.959651  184
38.968899  193
38.979566  548
38.985344  197
38.994180  181
39.005641  558
39.011519  191
39.029517  200
39.054015  555
39.055648  145
39.062372  185
39.072954  542
39.074907  188
39.078792  538
39.085948  192
39.088320  183
39.093543  180
39.095396  169
39.103971  183
39.112665  328
39.148806  182
39.153770  331
39.171560  192
39.207500  561
39.220274  190
39.263173  171
39.293951  197
39.303419  181
39.310595  183
39.382880  200
39.397173  172
39.399765  191
39.466346  179
39.491695  176
39.517991  179
39.521661  199
39.528358  545
39.541859  184
39.549415  189
39.554179  547
39.563747  190
39.570404  184
39.580786  191
39.583398  570
39.587363  212
39.599223  205
39.614454  195
39.618379  588
39.622544  212
39.626589  186
39.637415  215
39.639568  223
39.641760  217
39.651968  202
39.664992  206
39.666705  206
39.671849  571
39.674181  196
39.676154  200
39.687615  570
39.690187  556
39.692100  209
39.698222  560
39.703326  197
39.709133  209
39.713158  202
39.715750  572
39.722267  562
39.726152  560
39.736829  560
39.746005  200
39.757789  196
39.760381  200
39.762194  198
39.764606  203
39.767792  194
39.773115  196
39.775068  555
39.777200  548
39.778913  197
39.790958  568
39.803816  197
39.809559  185
39.813644  196
39.853380  332
39.855932  337
39.863628  174
39.872378  337
39.874870  180
39.876483  337
39.883559  180
39.885172  179
39.887804  555
39.890316  554
39.907335  193
39.958951  193
39.964254  166
39.966307  192
39.968659  191
39.970811  177
39.975815  189
40.003425  162
40.023122  154
40.029919  148
40.077251  149
40.080597  516
40.103259  513
40.113761  154
40.124463  151
40.138456  539
40.140389  156
40.142062  163
40.149457  537
40.167635  151
40.172000  140
40.180350  153
40.184775  149
40.191951  146
40.193624  146
40.196635  128
40.200780  140
40.205704  498
40.207856  126
40.209569  503
40.214792  138
40.215951  496
40.220835  503
40.225779  126
40.228111  502
40.233689  120
40.242218  499
40.246982  137
40.271438  271
40.275343  121
40.284599  137
40.286312  130
40.297474  132
40.308356  118
40.312621  107
40.315073  115
40.345092  243
40.361573  82
40.363985  88
40.372821  93
40.377186  112
40.379698  91
40.384762  470
40.400443  105
40.402615  100
40.423245  103
40.433468  92
40.438292  88
40.441163  76
40.450972  86
40.470325  458
40.477442  77
40.498087  62
40.522577  55
40.525109  37
40.531007  44
40.547120  412
40.549292  410
40.556903  47
40.567305  38
40.568958  37
40.575754  46
40.585223  420
40.604860  50
40.609744  50
40.614030  36
40.623898  46
40.631509  41
40.633761  31
40.637107  40
40.644183  403
40.645896  33
40.651080  42
40.652913  402
40.660808  41
40.662960  32
40.663879  27
40.666431  20
40.672628  35
40.687835  168
40.694872  22
40.701030  24
40.703482  36
40.711553  27
40.721716  27
40.723389  14
40.725941  24
40.731065  14
40.752950  159
40.776046  6
40.779931  3
40.785756  8
40.789661  5
40.794385  0
40.803035  10
40.804648  9
40.812399  7
40.836162  19
40.843778  5
40.848163  5
40.870946  0
40.890797  0
40.918739  0
40.931114  3
40.938870  356
40.967290  143
40.968923  6
40.984692  384
41.006237  376
41.043321  4
41.045653  5
41.050737  13
41.075421  3
41.094733  0
41.108008  7
41.127781  4
41.129913  22
41.191520  0
41.203975  5
41.216230  6
41.225679  7
41.455470  8
41.458716  17
41.460709  7
41.477833  11
41.479526  13
41.486882  1
41.488675  5
41.495652  18
41.497745  19
41.502070  30
41.522502  30
41.529793  30
41.589055  11
41.602110  5
41.609047  19
41.615524  17
41.620668  20
41.623200  0
41.697588  10
41.745528  24
41.772064  24
41.790142  27
41.802625  153
41.808463  2
41.855699  12
41.860264  26
41.862856  386
41.874337  401
41.887212  24
41.900067  22
41.901660  29
41.914604  44
41.928107  29
41.930459  29
41.936626  46
41.941650  30
41.946315  31
41.952373  52
41.968158  61
41.970390  58
41.974735  24
41.987070  58
42.013558  28
42.026593  165
42.069788  32
42.080850  51
42.089839  70
42.096077  68
42.100082  27
42.101755  35
42.116922  38
42.128558  33
42.139347  48
42.155274  38
42.164264  59
42.210826  46
42.241485  44
42.250175  21
42.252168  67
42.293193  56
42.301303  64
42.311765  67
42.329111  56
42.359580  66
42.367303  68
42.370989  72
42.384989  62
42.387062  75
42.394462  66
42.398168  71
42.401339  65
42.411851  61
42.449182  47
42.459584  73
42.474811  52
42.485973  51
42.496556  67
42.525759  77
42.530064  71
42.539819  74
42.544224  74
42.568062  73
42.582810  68
42.584963  67
42.586596  77
42.595525  69
42.604214  77
42.628830  80
42.649137  58
42.686268  80
42.713150  76
42.747182  74
42.765636  73
42.774725  12
42.780390  76
42.783042  74
42.808172  57
42.824438  76
42.830596  70
42.840304  82
42.874498  81
42.908198  88
42.927929  85
42.936699  75
42.962743  80
43.009009  62
43.012475  84
43.017100  77
43.025491  86
43.038965  81
43.049417  76
43.052109  63
43.071502  88
43.078379  89
43.114385  86
43.134457  80
43.182764  86
43.206362  83
43.217824  88
43.226634  92
43.242121  84
43.255195  90
43.273868  72
43.280365  86
43.287482  87
43.289595  81
43.304982  90
43.312413  70
43.333072  87
43.337896  98
43.365679  88
43.377715  78
43.402725  92
43.410995  104
43.415639  86
43.426361  105
43.437902  114
43.439975  120
43.442107  95
43.446532  110
43.494586  73
43.500344  109
43.534548  97
43.536720  92
43.540745  106
43.542778  96
43.551827  87
43.557425  122
43.567908  76
43.571933  119
43.598780  100
43.615379  101
43.620458  103
43.649858  114
43.704309  99
43.728684  87
43.735461  114
43.745751  120
43.767501  108
43.778584  112
43.796583  115
43.804593  107
43.823506  112
43.833669  108
43.838201  128
43.845398  118
43.853668  115
43.863692  119
43.886976  110
43.895886  124
43.899911  115
43.910141  120
43.928121  110
43.930214  119
43.964978  126
43.968384  126
43.970856  122
43.996210  95
44.014029  110
44.022618  127
44.026943  129
44.033461  123
44.046736  110
44.074678  124
44.079881  128
44.102864  114
44.151563  129
44.154035  138
44.181417  123
44.273756  131
44.290800  136
44.308745  122
44.312990  116
44.324915  134
44.334903  128
44.343713  133
44.350789  144
44.357346  122
44.370340  136
44.374825  123
44.378850  127
44.388578  126
44.395235  140
44.423256  135
44.429434  134
44.434059  134
44.443128  128
44.450169  125
44.454813  133
44.497250  134
44.507113  141
44.509385  130
44.513410  140
44.523118  134
44.549902  128
44.559351  113
44.567501  145
44.573639  148
44.577784  129
44.592731  145
44.602187  144
44.616281  140
44.673229  142
44.690492  144
44.692844  148
44.699461  146
44.712535  152
44.741959  141
44.762260  136
44.825820  140
44.844417  147
44.846190  137
44.850914  146
44.869572  133
44.874276  138
44.884364  150
44.929732  153
44.936813  130
44.944434  139
44.946467  155
44.950872  145
44.989572  147
44.992284  155
45.015406  157
45.022103  158
45.027187  160
45.034483  153
45.036436  161
45.050788  166
45.065795  170
45.067528  168
45.073071  147
45.079848  160
45.087025  168
45.092089  143
45.105162  176
45.126451  128
45.133582  164
45.168079  172
45.174476  168
45.178981  162
45.189516  166
45.203489  162
45.242283  141
45.252111  160
45.255022  172
45.270188  166
45.274573  176
45.278398  177
45.280171  188
45.282523  149
45.286273  171
45.288765  192
45.315152  176
45.331972  158
45.337455  166
45.367572  161
45.412270  167
45.414143  162
45.426463  142
45.429889  167
45.433040  164
45.442648  168
45.451063  168
45.474294  169
45.491824  164
45.497327  166
45.503345  166
45.504978  171
45.515384  171
45.517716  161
45.519329  158
45.543177  162
45.546942  147
45.548875  161
45.554198  145
45.561354  144
45.568490  158
45.573289  154
45.580984  143
45.587102  154
45.623608  156
45.636009  154
45.638541  157
45.641033  151
45.642626  151
45.644239  155
45.648164  154
45.652469  153
45.675956  145
45.684494  168
45.687026  155
45.695827  144
45.715048  162
45.738788  160
45.745569  160
45.766119  152
45.783610  149
45.785363  139
45.791061  151
45.826250  164
45.828123  148
45.864499  146
45.872769  138
45.898722  129
45.917000  125
45.924277  110
45.926629  122
45.941996  111
45.946421  128
45.959940  113
45.971209  110
46.002485  131
46.006570  124
46.011574  123
46.015389  123
46.017961  123
46.031821  122
46.034193  111
46.036905  111
46.042029  108
46.058394  126
46.082395  120
46.084687  124
46.086360  121
46.095529  112
46.134576  112
46.142199  102
46.155413  109
46.168567  114
46.175084  95
46.179789  100
46.186226  86
46.207337  104
46.211382  105
46.227121  102
46.229393  107
46.234198  107
46.238443  104
46.240635  89
46.243287  104
46.244900  88
46.272941  94
46.297138  99
46.305808  98
46.307841  82
46.348978  98
46.386397  96
46.406987  79
46.408660  95
46.424686  79
46.429810  95
46.436667  76
46.441511  76
46.444103  69
46.481652  84
46.485417  83
46.489027  82
46.498675  68
46.514382  67
46.528036  50
46.534474  40
46.574900  53
46.576613  52
46.586082  44
46.588135  47
46.594712  45
46.609273  46
46.622588  32
46.642680  45
46.646905  44
46.653722  42
46.663411  36
46.685155  25
46.689360  24
46.706048  23
46.709503  17
46.711396  2
46.716100  10
46.750839  16
46.795136  20
46.801254  15
46.807612  11
46.810284  10
46.812197  7
46.826824  9
46.844842  0
46.854011  0
46.857956  0
46.866486  0
46.892180  0
46.942734  0
46.957191  0
46.968536  0
46.985496  0
46.991674  0
47.010691  0
47.020834  0
47.025659  0
47.111157  0
47.694578  5
47.699502  5
47.707872  3
47.751141  3
47.786435  6
47.797457  15
47.809713  25
47.820575  7
47.933162  7
47.944164  9
47.995554  8
48.019884  20
48.058169  10
48.085951  15
48.097393  33
48.119757  18
48.121850  19
48.144541  19
48.146594  6
48.153331  0
48.155124  1
48.179421  13
48.213148  31
48.215161  61
48.236212  64
48.238285  6
48.252159  29
48.268999  9
48.288281  19
48.328404  36
48.340979  42
48.343271  37
48.355294  51
48.369307  20
48.381767  25
48.391240  26
48.405314  16
48.409379  23
48.422933  35
48.451483  41
48.455728  68
48.465236  79
48.467428  20
48.481945  47
48.490016  52
48.509706  76
48.554009  56
48.563038  21
48.569356  58
48.582910  26
48.584663  29
48.586376  56
48.588968  69
48.595286  32
48.620677  81
48.646367  82
48.665999  83
48.668711  68
48.672496  46
48.676481  66
48.686570  75
48.726604  58
48.775707  74
48.783757  91
48.786029  68
48.788721  83
48.797571  66
48.831797  64
48.836202  67
48.857167  80
48.864164  79
48.882462  73
48.907607  82
48.913310  84
48.925605  78
48.940733  84
48.942806  83
48.944619  94
48.950936  73
48.957401  83
48.973588  97
49.024360  77
49.025993  71
49.051803  80
49.053796  82
49.073688  80
49.128760  108
49.151543  112
49.166609  101
49.170674  97
49.225679  109
49.262578  95
49.276732  84
49.293632  99
49.295485  126
49.324473  94
49.328638  102
49.336318  101
49.347500  119
49.350172  93
49.365753  91
49.374763  79
49.383433  105
49.394636  119
49.399441  96
49.405479  123
49.423177  99
49.429701  128
49.436238  131
49.440123  86
49.444688  106
49.451845  109
49.471456  143
49.482278  89
49.502151  140
49.524422  95
49.539110  118
49.544114  124
49.545727  102
49.551545  88
49.563086  108
49.567471  113
49.588376  128
49.616278  126
49.618171  139
49.620044  124
49.626521  138
49.645874  126
49.654903  135
49.658349  131
49.660841  140
49.695346  107
49.708440  120
49.718623  116
49.735507  110
49.763449  135
49.768653  135
49.775130  108
49.787633  133
49.789446  134
49.799537  138
49.816138  149
49.841412  136
49.846037  130
49.903115  137
49.954176  141
49.967051  132
49.969224  151
49.976195  137
49.992807  162
50.027329  163
50.034186  154
50.046901  134
50.064141  135
50.069899  135
50.079128  136
50.082574  155
50.118531  157
50.164187  170
50.182233  167
50.205610  136
50.210874  172
50.221137  136
50.258358  140
50.301217  173
50.315051  152
50.325347  160
50.343367  162
50.354229  179
50.359333  155
50.361046  184
50.366944  177
50.399859  152
50.411241  171
50.413174  176
50.419432  158
50.457261  157
50.472388  182
50.478206  163
50.479819  140
50.481612  171
50.503155  192
50.512364  154
50.519181  150
50.520834  163
50.534289  151
50.540866  194
50.600104  160
50.602396  168
50.620718  176
50.622891  165
50.630468  168
50.632541  186
50.634194  170
50.647389  195
50.656698  189
50.705205  173
50.728048  182
50.730081  198
50.740544  179
50.742976  193
50.761576  173
50.769946  195
50.788186  191
50.797316  183
50.807379  178
50.812103  190
50.845449  186
50.848360  185
50.890422  189
50.894168  195
50.896001  181
50.898453  183
50.925041  198
50.930185  196
50.955861  198
50.960426  195
50.967422  196
50.981891  190
51.039828  194
51.046146  194
51.059779  193
51.068589  196
51.085808  189
51.089773  194
51.098032  208
51.163106  192
51.185943  186
51.187636  199
51.202950  194
51.274235  196
51.283824  204
51.292654  208
51.359553  196
51.364577  196
51.368822  198
51.407170  188
51.434966  196
51.447286  206
51.457358  190
51.467553  204
51.478854  206
51.491270  197
51.493403  200
51.495116  208
51.525769  198
51.543367  199
51.545560  198
51.561967  214
51.570437  200
51.612072  197
51.634275  206
51.643764  208
51.657938  210
51.675359  215
51.760013  210
51.764857  194
51.769562  210
51.773587  211
51.778471  212
51.784908  204
51.802787  210
51.822745  210
51.827709  206
51.848999  207
51.860490  209
51.867707  211
51.871752  203
51.887498  215
51.898739  213
51.916377  211
51.930030  199
51.938967  203
51.981106  212
52.002115  211
52.010704  212
52.038267  209
52.062586  213
52.092245  206
52.094757  207
52.097189  205
52.117799  193
52.129719  202
52.147178  200
52.164641  201
52.169545  197
52.177316  201
52.198929  207
52.201441  206
52.215798  203
52.218030  205
52.226524  196
52.296262  198
52.319313  206
52.327388  200
52.331580  201
52.341508  203
52.369433  195
52.389564  205
52.394528  200
52.396820  201
52.405689  202
52.414938  202
52.418883  203
52.422054  199
52.430024  201
52.433175  198
52.437939  206
52.444396  204
52.448421  202
52.451093  198
52.456951  196
52.472222  199
52.481411  195
52.490580  192
52.531433  192
52.533825  190
52.555393  196
52.557126  199
52.625067  193
52.658856  202
52.676120  204
52.678772  198
52.687629  203
52.719966  207
52.729295  195
52.734698  203
52.751897  205
52.769795  189
52.775713  198
52.782290  201
52.792338  199
52.794031  197
52.821125  202
52.877517  198
52.894051  197
52.896183  194
52.898575  196
52.916633  187
52.924763  192
52.936584  190
52.938936  192
52.944499  188
52.951235  188
52.955500  187
52.958886  190
52.969100  191
52.978749  190
52.987679  198
53.032112  195
53.034284  194
53.045686  192
53.049611  192
53.078503  185
53.080096  184
53.083247  183
53.085619  172
53.087532  172
53.101812  177
53.108030  171
53.110622  174
53.126588  170
53.130933  176
53.135657  165
53.140342  171
53.147119  162
53.149691  169
53.162765  172
53.176578  168
53.178231  168
53.194456  169
53.199340  168
53.210106  168
53.217702  169
53.221507  166
53.234147  162
53.237618  163
53.249119  161
53.277724  148
53.282089  149
53.283787  145
53.286279  150
53.288851  152
53.297920  151
53.300592  148
53.347135  133
53.354272  134
53.370037  137
53.372210  130
53.381120  131
53.383233  129
53.399783  124
53.410365  131
53.414390  128
53.430047  136
53.450119  121
53.455857  118
53.457470  117
53.467478  114
53.471803  110
53.491914  120
53.496019  108
53.507480  117
53.513957  110
53.536521  98
53.540666  99
53.542859  98
53.553629  98
53.555901  89
53.562918  92
53.565310  97
53.568776  95
53.571388  85
53.573361  92
53.579619  84
53.589747  83
53.594711  81
53.621428  84
53.630527  87
53.644760  87
53.647212  92
53.655323  88
53.662679  81
53.674874  71
53.680033  70
53.710978  72
53.715962  74
53.717595  74
53.778841  63
53.785438  77
53.799286  81
53.801438  69
53.809488  68
53.843274  33
53.847079  35
53.856276  27
53.884398  32
53.899439  41
53.905377  29
53.926228  29
53.934139  34
53.942449  29
53.949466  27
53.955684  31
53.961682  38
53.978522  29
54.012973  31
54.019690  31
54.029653  27
54.033998  32
54.099327  29
54.101679  29
54.126136  33
54.134106  34
54.135939  32
54.157573  19
54.162218  18
54.176392  26
54.180177  18
54.197217  7
54.206547  7
54.209813  6
54.213678  4
54.221234  0
54.242600  0
54.250692  0
54.255437  0
54.259502  0
54.271457  0
54.277934  0
54.359627  0
54.366284  0
54.371188  0
54.381671  0
54.457335  0
54.465805  0
54.491351  0
54.561057  4
54.645622  3
54.650147  2
54.661389  9
54.751539  0
54.775815  1
54.790642  2
54.840351  8
54.844636  11
54.853186  9
54.859364  4
54.869252  3
54.883819  5
54.917819  4
54.924536  8
54.954393  6
54.988686  10
54.993471  11
55.016907  14
55.023224  9
55.025057  31
55.029482  6
55.053600  38
55.060137  41
55.064263  10
55.079090  13
55.094777  34
55.104426  10
55.117121  14
55.118754  6
55.122879  13
55.127364  13
55.147316  12
55.157119  10
55.209057  14
55.230456  2
55.236294  12
55.249988  44
55.253814  34
55.262236  14
55.283841  45
55.324883  49
55.339791  10
55.370112  14
55.378862  45
55.406865  26
55.413462  35
55.419819  50
55.432579  40
55.434232  40
55.443222  44
55.447807  57
55.456297  8
55.463534  65
55.472983  35
55.495003  58
55.512242  62
55.518260  12
55.534360  34
55.541057  42
55.551360  34
55.555565  37
55.575211  41
55.581649  18
55.590319  44
55.631402  54
55.644896  50
55.649261  29
55.655019  52
55.670526  72
55.674491  70
55.686372  25
55.693429  72
55.701899  64
55.706004  42
55.718379  70
55.735479  36
55.748794  52
55.757344  55
55.763921  71
55.767666  53
55.778188  54
55.790903  69
55.796861  73
55.809995  70
55.812327  55
55.822570  77
55.831080  81
55.843795  59
55.874318  98
55.880643  72
55.889932  81
55.896569  99
55.898162  97
55.905119  97
55.909124  71
55.912490  63
55.925984  86
55.942166  84
55.955320  72
55.969982  81
55.973228  74
55.989261  76
55.995119  74
56.016803  73
56.029338  81
56.075558  91
56.084232  93
56.097766  63
56.109248  79
56.115905  80
56.117558  96
56.121563  53
56.133044  101
56.141414  82
56.165909  64
56.176081  67
56.180746  85
56.212614  78
56.216160  89
56.225209  85
56.233700  93
56.275915  90
56.282753  106
56.285425  88
56.291723  89
56.304298  111
56.310876  100
56.332346  117
56.343588  125
56.352178  127
56.354730  77
56.356503  116
56.363100  89
56.373503  91
56.381773  96
56.384245  127
56.389783  120
56.430463  95
56.447170  84
56.448863  104
56.464389  109
56.467895  107
56.469528  96
56.473493  99
56.480190  100
56.504901  92
56.520169  121
56.542947  103
56.563020  120
56.569297  114
56.586277  97
56.594495  111
56.598700  128
56.605931  131
56.613848  111
56.618492  139
56.620425  143
56.628894  139
56.639723  109
56.649875  123
56.653661  151
56.658685  116
56.669048  108
56.687334  110
56.716658  146
56.744125  110
56.746178  111
56.768443  141
56.779325  139
56.793603  143
56.800627  127
56.809896  153
56.815000  116
56.817113  156
56.842502  104
56.847187  133
56.864546  162
56.873396  181
56.880213  152
56.886990  159
56.893328  190
56.905469  111
56.922009  190
56.924441  139
56.926154  176
56.948632  115
56.950785  185
56.952898  133
56.971971  155
56.973544  135
56.978029  141
56.990465  142
56.995509  126
57.002766  161
57.009726  149
57.016763  144
57.029098  166
57.031490  142
57.034716  135
57.050042  179
57.070888  175
57.095605  176
57.097518  175
57.119003  135
57.120776  149
57.126479  188
57.143044  181
57.151875  165
57.160585  168
57.170593  179
57.174358  156
57.179102  166
57.186119  156
57.211183  188
57.213136  148
57.221506  157
57.225891  187
57.251511  168
57.255727  191
57.264277  191
57.268682  166
57.288474  184
57.290147  184
57.339034  184
57.345332  190
57.352229  195
57.374887  180
57.385390  178
57.396133  190
57.426995  202
57.431699  191
57.435924  204
57.443201  177
57.447286  192
57.453943  174
57.460701  209
57.464327  185
57.468312  196
57.487385  193
57.524577  193
57.526730  180
57.555037  188
57.559142  192
57.561195  191
57.565520  191
57.594019  189
57.617196  202
57.644264  192
57.666388  196
57.682889  186
57.693263  220
57.696949  181
57.714229  203
57.732668  192
57.736893  194
57.744144  195
57.752954  194
57.757219  235
57.758792  198
57.760405  228
57.772286  202
57.780876  191
57.802180  199
57.829915  197
57.836153  229
57.843330  209
57.863143  197
57.869880  203
57.873905  229
57.895880  202
57.904769  220
57.922927  204
57.939694  196
57.941347  232
57.950017  202
57.959446  197
57.968535  225
57.975652  216
57.981630  231
58.005368  204
58.013639  231
58.032178  201
58.042780  206
58.047685  227
58.051910  205
58.058727  234
58.062892  211
58.067496  215
58.074967  218
58.079072  226
58.102462  223
58.105828  225
58.110592  229
58.119282  223
58.120855  214
58.125100  226
58.131577  224
58.147149  229
58.153354  227
58.167308  210
58.178989  225
58.182914  220
58.195209  225
58.223318  222
58.256073  227
58.273514  220
58.284276  225
58.322504  237
58.331453  232
58.344987  231
58.377282  227
58.403662  228
58.481260  229
58.490478  237
58.520064  240
58.554832  233
58.568973  232
58.586212  229
58.607877  229
58.612821  225
58.614974  227
58.619818  228
58.623044  222
58.635471  229
58.645759  225
58.679563  230
58.696012  220
58.703348  226
58.714709  224
58.719893  228
58.726879  229
58.739354  224
58.747604  222
58.780997  209
58.812377  212
58.831278  219
58.833051  210
58.847712  221
58.849505  214
58.878030  225
58.889478  220
58.893443  222
58.896095  218
58.902037  221
58.922746  221
58.928229  219
58.929882  215
58.940217  211
58.945341  210
58.960273  222
58.969002  220
58.975239  210
58.980258  209
58.981851  208
58.984183  212
58.988647  207
58.999053  207
59.001325  210
59.005810  205
59.009041  209
59.013346  205
59.041951  207
59.051095  204
59.055999  203
59.070721  208
59.072334  202
59.083879  207
59.101842  207
59.103575  207
59.115060  202
59.119105  203
59.126261  200
59.135770  197
59.138182  198
59.156300  199
59.163783  193
59.173291  192
59.175903  200
59.179058  201
59.182424  200
59.195343  198
59.197416  197
59.223428  200
59.239153  200
59.259844  199
59.262336  203
59.267000  200
59.285104  198
59.299731  198
59.324226  200
59.329010  196
59.352752  196
59.381885  200
59.391333  190
59.394005  188
59.427722  202
59.436012  196
59.441695  195
59.443827  199
59.447992  197
59.449565  196
59.451158  190
59.453490  195
59.458294  193
59.463158  190
59.468162  195
59.472966  181
59.487419  191
59.496588  193
59.503864  191
59.519810  192
59.523041  188
59.543192  199
59.567592  191
59.570084  191
59.575228  195
59.584777  199
59.609600  190
59.614105  187
59.620202  184
59.622594  180
59.646519  184
59.652876  173
59.660360  180
59.677346  178
59.682210  171
59.684482  174
59.686155  165
59.695564  163
59.698056  163
59.700568  162
59.703240  162
59.725064  158
59.733154  149
59.743341  152
59.749638  151
59.751930  146
59.754362  148
59.759126  147
59.763031  147
59.777663  144
59.779955  137
59.781728  136
59.791431  123
59.819565  123
59.826981  117
59.835850  112
59.845578  103
59.847251  101
59.866510  92
59.872708  89
59.875400  89
59.880044  94
59.884769  93
59.908581  96
59.910414  87
59.912347  93
59.920497  89
59.924482  78
59.935690  75
59.940135  75
59.942547  76
59.945099  75
59.967761  81
59.974698  80
59.979303  73
59.983947  70
59.990484  68
59.993036  69
