# t(s) QueuingDelay(ms)
10.146333  0
10.152999  0
10.226386  3
10.238721  14
10.240294  14
10.246864  19
10.257312  39
10.286958  39
10.300353  25
10.370053  40
10.384087  64
10.392697  59
10.439024  0
10.442115  89
10.445721  79
10.449826  106
10.453931  113
10.482333  130
10.484166  11
10.493076  84
10.496941  14
10.516014  121
10.526915  123
10.541363  20
10.557143  149
10.561348  27
10.576196  36
10.592775  163
10.596701  39
10.609767  42
10.626727  53
10.632625  63
10.648032  178
10.662367  214
10.674249  186
10.676042  240
10.682000  68
10.690030  242
10.694635  212
10.704724  245
10.720011  265
10.732786  267
10.745521  73
10.755823  270
10.786503  109
10.799785  154
10.810608  275
10.827588  276
10.830220  250
10.839050  260
10.843435  295
10.845608  167
10.856571  309
10.869277  293
10.878911  301
10.892107  173
10.901870  196
10.920596  212
10.930205  310
10.931918  311
10.944816  220
10.947048  324
10.965347  346
10.967220  221
10.984760  308
10.986892  368
10.998114  229
11.002759  377
11.014775  385
11.033836  393
11.050248  320
11.052480  399
11.065404  401
11.071522  336
11.075468  404
11.089662  345
11.093647  249
11.109808  351
11.120090  412
11.131033  359
11.140756  413
11.145860  42
11.162520  58
11.168178  285
11.174934  427
11.184877  295
11.187030  433
11.189302  361
11.201458  307
11.206362  367
11.211167  445
11.238076  446
11.267423  319
11.273081  454
11.277106  330
11.288268  468
11.290900  334
11.310932  488
11.315337  370
11.327638  372
11.340273  519
11.355300  373
11.366142  372
11.384735  385
11.397670  384
11.401935  386
11.417463  526
11.419596  436
11.432631  460
11.437256  402
11.439868  534
11.454247  546
11.458472  406
11.465129  488
11.470728  82
11.472841  414
11.475293  603
11.489007  611
11.493432  430
11.505148  614
11.510072  430
11.518881  621
11.533529  627
11.535801  99
11.555354  506
11.557546  617
11.574846  111
11.580431  537
11.595899  547
11.608973  558
11.619726  574
11.624471  622
11.635133  629
11.644003  577
11.645596  631
11.648248  218
11.675531  636
11.678163  220
11.700115  640
11.718749  646
11.721141  591
11.729731  254
11.732283  609
11.747451  648
11.749504  630
11.752036  267
11.771169  660
11.773561  458
11.795966  488
11.802663  665
11.806909  638
11.817632  646
11.819924  682
11.830587  700
11.837084  722
11.841369  600
11.850219  717
11.860302  714
11.885750  515
11.976256  692
11.978968  5
11.985725  554
12.049108  667
12.071413  605
12.077791  675
12.105464  684
12.119752  766
12.149515  17
12.158624  700
12.171099  713
12.179889  273
12.204140  752
12.214663  720
12.223652  291
12.226204  647
12.258232  739
12.269194  722
12.295807  305
12.305830  767
12.334875  359
12.336468  768
12.354287  363
12.357793  761
12.391173  820
12.399353  774
12.412142  380
12.422974  830
12.437241  831
12.447904  762
12.458966  845
12.465064  387
12.482034  863
12.512888  874
12.519525  798
12.525843  880
12.528175  22
12.534234  774
12.551014  715
12.562216  899
12.564708  801
12.579456  813
12.614908  906
12.627703  389
12.635414  831
12.647389  909
12.669453  917
12.680476  35
12.686074  940
12.703602  945
12.705635  962
12.716088  987
12.724219  960
12.731615  77
12.737533  740
12.751641  716
12.772633  966
12.828699  739
12.831071  970
12.862490  745
12.901740  981
12.914495  969
12.916927  749
12.946807  923
12.953865  649
12.988510  913
12.999372  913
13.011408  912
13.032193  401
13.058942  652
13.061394  403
13.090017  410
13.111592  421
13.150158  435
13.156615  632
13.167478  425
13.184858  419
13.213476  55
13.226039  635
13.281191  7
13.291934  52
13.294646  659
13.296439  23
13.315800  402
13.322278  27
13.361354  42
13.384912  683
13.395535  677
13.405558  674
13.417000  62
13.440453  292
13.481550  548
13.483762  280
13.491184  0
13.496008  526
13.500133  518
13.504578  513
13.516120  506
13.520265  502
13.527987  238
13.551852  496
13.577682  239
13.589717  239
13.632093  236
13.650638  234
13.697906  235
13.713272  235
13.717797  452
13.740615  0
13.776255  457
13.783397  478
13.794919  479
13.800043  0
13.830537  23
13.856121  38
13.864057  41
13.886535  52
13.964779  25
13.988916  96
13.999499  119
14.016840  40
14.020725  119
14.054999  604
14.079620  57
14.088770  9
14.135447  318
14.148261  98
14.164160  126
14.179468  333
14.188525  357
14.200880  414
14.216401  168
14.222806  416
14.262462  674
14.268939  68
14.270612  695
14.280600  702
14.354458  447
14.365420  11
14.367413  470
14.378719  483
14.398549  30
14.416136  502
14.429070  180
14.463986  187
14.474449  487
14.477101  187
14.517219  523
14.521304  215
14.536291  79
14.556616  234
14.559088  632
14.561001  641
14.589251  277
14.601786  526
14.631102  645
14.648980  107
14.669834  310
14.717190  150
14.728012  131
14.764897  181
14.775479  661
14.794277  175
14.805464  229
14.826749  691
14.855511  234
14.891623  700
14.906270  834
14.924209  875
14.933693  933
14.948400  937
14.965539  702
15.013760  200
15.023009  567
15.034771  221
15.085352  266
15.147020  345
15.225668  646
15.298258  655
15.336388  684
15.387592  702
15.432618  256
15.452869  5
15.466484  225
15.500793  52
15.522337  268
15.535152  271
15.537784  90
15.572183  657
15.594088  312
15.598653  718
15.660927  785
15.664653  310
15.680420  733
15.770954  98
15.788594  12
15.813848  34
15.830835  328
15.867352  904
15.894200  858
15.922861  857
15.937534  280
15.957106  854
15.965716  722
15.996329  813
15.998781  741
16.005878  301
16.009424  104
16.020226  292
16.055606  146
16.059751  346
16.120276  848
16.262419  870
16.362832  103
16.392168  116
16.414487  403
16.430277  376
16.435101  364
16.468890  217
16.490968  405
16.562099  772
16.574135  408
16.597644  421
16.608646  944
16.615583  45
16.642087  453
16.712241  409
16.785319  223
16.821919  172
16.870767  97
16.889860  454
16.898210  854
16.904847  494
16.920389  495
16.946104  550
16.947757  417
16.972357  863
17.016465  492
17.026828  424
17.046220  235
17.063540  473
17.068185  444
17.070477  465
17.094066  456
17.107227  162
17.120321  473
17.143442  889
17.166464  482
17.175014  496
17.188194  960
17.219467  492
17.251844  492
17.271893  733
17.368170  487
17.392570  497
17.501751  877
17.534362  534
17.538647  264
17.564789  495
17.574897  901
17.580455  465
17.599452  944
17.640746  466
17.681792  488
17.699110  474
17.720279  464
17.744979  240
17.769366  480
17.787414  267
17.814341  264
17.834603  549
17.885984  492
17.969786  494
18.065703  538
18.122366  536
18.127497  232
18.160853  520
18.163225  465
18.195494  578
18.202450  561
18.204103  272
18.206355  978
18.220886  988
18.230529  496
18.280881  531
18.282574  596
18.293116  495
18.298100  489
18.302405  489
18.350710  1018
18.370506  1184
18.377902  489
18.388644  490
18.437806  488
18.476578  467
18.505616  285
18.534329  283
18.544365  488
18.552679  946
18.555850  489
18.558282  485
18.575726  945
18.589347  496
18.605872  476
18.637378  468
18.639870  499
18.645533  471
18.650684  991
18.653835  476
18.666714  474
18.684137  499
18.710744  479
18.717521  502
18.722365  491
18.736698  479
18.767706  473
18.774712  465
18.794228  996
18.802382  272
18.808060  1001
18.814089  273
18.837397  266
18.847225  286
18.865874  490
18.868306  289
18.888268  470
18.891099  471
18.907459  268
18.915414  487
18.917746  467
18.932597  286
18.935688  472
18.958764  471
18.962294  468
18.984117  287
19.000152  490
19.014645  490
19.021751  480
19.024263  495
19.026176  469
19.050725  504
19.059447  496
19.063472  478
19.083058  497
19.084931  472
19.094738  493
19.106682  503
19.115364  503
19.123713  496
19.128337  485
19.130549  268
19.133261  267
19.146040  484
19.148292  464
19.149885  265
19.152537  461
19.160022  464
19.171623  462
19.178419  265
19.184816  460
19.199208  266
19.205206  265
19.212662  461
19.224100  982
19.258149  486
19.292288  464
19.300947  471
19.309191  486
19.334864  488
19.340527  501
19.356565  502
19.397036  490
19.409184  505
19.441869  491
19.446993  489
19.478199  460
19.487072  461
19.488745  480
19.507486  280
19.510118  280
19.550279  277
19.551932  476
19.553565  475
19.562953  272
19.585728  485
19.592984  456
19.594597  484
19.602367  930
19.604979  484
19.607571  482
19.610283  979
19.615147  442
19.617639  440
19.620091  470
19.626181  446
19.635117  468
19.646398  440
19.660071  465
19.670058  445
19.684255  456
19.692131  423
19.707657  449
19.719038  219
19.724521  410
19.726094  208
19.735362  207
19.741783  423
19.756423  207
19.761491  205
19.789843  405
19.795665  227
19.812709  223
19.815141  203
19.817573  405
19.827461  199
19.829094  401
19.830867  399
19.834892  397
19.836605  395
19.848086  199
19.850318  418
19.865309  418
19.871167  217
19.879481  396
19.884125  215
19.889357  417
19.949521  415
19.953906  409
19.956218  390
19.959644  406
19.967859  386
19.978813  418
19.983737  404
19.986209  414
19.988361  385
19.999589  402
20.003674  400
20.005946  381
20.026123  409
20.051531  186
20.057833  391
20.060025  367
20.062617  360
20.064390  152
20.076949  352
20.081873  351
20.095327  154
20.109439  355
20.112031  345
20.134239  332
20.149631  323
20.153716  557
20.158740  310
20.161152  310
20.188688  784
20.269499  251
20.276096  249
20.297096  68
20.305011  68
20.312187  245
20.324302  63
20.331198  59
20.339792  56
20.352846  220
20.362194  41
20.364686  699
20.366938  743
20.376713  213
20.446823  0
20.510417  0
20.631129  0
20.675301  13
20.684809  255
20.692664  20
20.719216  509
20.886897  0
20.902863  476
20.905375  526
20.910878  0
21.029676  0
21.037267  0
21.051979  3
21.070062  8
21.076823  6
21.081967  5
21.083860  4
21.198668  3
21.211672  247
21.214843  12
21.303744  1
21.394918  229
21.413311  448
21.415763  497
21.484406  0
21.504445  0
21.634675  0
21.648672  0
21.673098  173
21.689906  418
21.743073  4
21.749350  3
21.816571  137
21.831938  356
21.894531  0
21.914503  8
22.025728  397
22.121844  411
22.126608  16
22.158596  34
22.166212  39
22.192166  41
22.219440  44
22.240953  55
22.262061  62
22.356575  20
22.369350  79
22.387688  30
22.403434  80
22.421786  91
22.443694  99
22.626996  147
22.665199  101
22.695925  80
22.704236  137
22.713545  145
22.724208  150
22.735650  154
22.744360  160
22.746872  5
22.759315  165
22.777656  167
22.818598  177
22.831872  178
22.833745  183
22.866652  197
22.890064  248
22.930712  108
22.964565  124
22.973155  192
22.977440  134
22.981106  193
23.001317  171
23.003010  214
23.026491  196
23.054019  213
23.069547  224
23.081787  238
23.098134  92
23.107562  242
23.133399  82
23.156957  85
23.159129  281
23.169792  401
23.314748  298
23.349679  247
23.358495  511
23.389232  231
23.401567  239
23.411330  299
23.425110  306
23.440456  315
23.462919  12
23.466665  316
23.472903  325
23.487870  337
23.502618  352
23.521560  353
23.544989  362
23.560516  315
23.576702  214
23.580947  370
23.592769  382
23.601498  379
23.609254  395
23.628886  420
23.635203  408
23.643413  411
23.654316  425
23.660793  425
23.662966  450
23.670876  254
23.683938  475
23.688223  67
23.708055  176
23.712020  381
23.720849  292
23.723022  179
23.732152  135
23.735898  376
23.744508  377
23.753472  386
23.755065  298
23.765812  377
23.784665  384
23.797464  389
23.800116  392
23.815069  398
23.820607  396
23.837846  402
23.851245  400
23.869778  406
23.884285  414
23.906189  419
23.927654  429
23.929287  234
23.943200  254
23.962753  244
23.970851  431
23.998034  258
24.006524  485
24.077712  95
24.103227  256
24.118833  264
24.158000  98
24.216642  496
24.234544  439
24.238869  515
24.273369  379
24.275162  505
24.277135  411
24.291982  417
24.315320  507
24.333140  515
24.385099  515
24.407787  521
24.415103  527
24.433756  532
24.447710  544
24.456780  547
24.472426  504
24.474079  553
24.477765  555
24.479398  40
24.492271  552
24.505111  237
24.516637  562
24.522300  548
24.528997  546
24.533521  458
24.545609  620
24.559422  304
24.564561  330
24.569285  538
24.581840  555
24.588537  667
24.592582  558
24.597426  597
24.629336  481
24.643349  390
24.650226  560
24.661267  573
24.694427  547
24.697139  574
24.699671  503
24.707506  555
24.713364  565
24.716515  569
24.729691  541
24.734295  569
24.743983  563
24.748228  557
24.766325  571
24.774575  575
24.787454  586
24.791779  572
24.805712  574
24.807325  591
24.829064  580
24.842109  584
24.848746  596
24.858074  592
24.863816  598
24.891941  670
24.902148  257
24.944775  601
24.960421  420
24.962514  435
24.975289  611
24.985261  679
25.003459  503
25.021621  680
25.030885  485
25.042525  702
25.088280  733
25.090173  596
25.094817  745
25.113107  434
25.123315  758
25.127120  441
25.131225  759
25.138481  758
25.158356  451
25.171430  249
25.212683  624
25.232174  677
25.248519  651
25.258327  616
25.260659  671
25.282247  599
25.291835  699
25.320248  608
25.338212  618
25.365027  626
25.381132  627
25.414651  635
25.419435  645
25.424659  652
25.433548  667
25.452070  662
25.465957  675
25.480217  584
25.491024  131
25.507549  670
25.528647  678
25.530839  720
25.535333  679
25.550025  613
25.554310  690
25.594650  692
25.597741  717
25.613316  695
25.623384  843
25.629981  729
25.632673  697
25.637437  689
25.662379  696
25.664112  694
25.666504  691
25.680229  686
25.691260  640
25.692953  640
25.694886  638
25.696459  619
25.698192  611
25.700684  608
25.703316  605
25.717237  605
25.718870  601
25.721801  604
25.746640  608
25.749811  609
25.775955  602
25.779026  609
25.786330  611
25.792128  604
25.801456  606
25.809966  614
25.814910  609
25.816663  610
25.820728  616
25.822401  618
25.833687  618
25.849438  615
25.858416  616
25.860768  622
25.865692  618
25.868384  624
25.879558  625
25.892836  626
25.916353  427
25.933157  606
25.951382  606
25.957999  604
25.972631  593
26.004782  600
26.012778  596
26.019215  599
26.021467  721
26.032688  813
26.061054  601
26.076969  602
26.079501  592
26.081713  596
26.098479  576
26.114089  592
26.138689  596
26.141580  598
26.154954  602
26.182644  253
26.206166  249
26.220279  603
26.250715  593
26.254840  859
26.256633  589
26.273297  595
26.292478  887
26.306859  596
26.323471  600
26.330308  601
26.341749  601
26.358758  602
26.361150  600
26.387883  604
26.400737  600
26.407081  597
26.418846  957
26.434512  319
26.457534  525
26.460525  531
26.482460  533
26.485691  529
26.489716  526
26.491409  526
26.493761  517
26.495494  525
26.502215  512
26.512977  823
26.529581  842
26.532053  445
26.533866  448
26.554584  452
26.557036  450
26.559428  449
26.563233  446
26.565665  442
26.584686  445
26.587218  437
26.589890  433
26.597506  416
26.599738  433
26.607214  433
26.608927  428
26.610660  419
26.631744  418
26.639120  416
26.642211  415
26.643844  408
26.654573  406
26.661889  404
26.664401  400
26.667691  391
26.698328  374
26.722744  346
26.749004  153
26.756320  335
26.760385  462
26.762837  713
26.796269  232
26.835693  35
26.857447  605
26.863945  580
26.875007  511
26.947613  99
26.968124  96
26.971295  484
26.995338  94
27.003121  105
27.015082  438
27.025984  85
27.035193  84
27.051773  46
27.060597  429
27.064902  26
27.099592  0
27.113386  333
27.120163  0
27.126041  375
27.146700  0
27.154871  118
27.160095  383
27.195137  0
27.225915  339
27.236078  297
27.323879  0
27.341965  0
27.360283  0
27.376256  296
27.389330  0
27.417652  461
27.421937  351
27.432978  0
27.476158  328
27.514184  83
27.519088  346
27.547710  6
27.552295  4
27.588871  290
27.699906  261
27.741278  49
27.743770  53
27.752720  0
27.755506  66
27.868241  77
27.870493  338
27.918441  10
27.932116  11
27.942879  16
27.944912  17
27.951029  20
27.961911  328
28.070872  18
28.074737  6
28.078243  269
28.096336  18
28.120713  3
28.190093  11
28.259370  341
28.270612  20
28.291309  0
28.301312  3
28.314267  331
28.318572  287
28.327302  9
28.367947  22
28.403345  22
28.405178  286
28.406891  20
28.409043  19
28.418886  20
28.436484  337
28.452950  13
28.454803  17
28.459468  16
28.470710  17
28.483945  16
28.576543  26
28.600899  24
28.629042  87
28.663621  88
28.693816  334
28.698740  12
28.795223  287
28.801980  48
28.815594  58
28.825637  297
28.834067  61
28.844629  64
28.887883  62
28.893662  96
28.904324  19
28.960987  7
28.978066  340
29.010837  28
29.028517  62
29.039414  98
29.048423  354
29.060962  67
29.065667  6
29.067480  367
29.075890  98
29.079121  17
29.082907  121
29.117746  71
29.125237  343
29.129503  66
29.159143  79
29.206945  322
29.219590  18
29.250395  328
29.252887  376
29.262890  73
29.269247  80
29.275944  87
29.278116  74
29.279689  84
29.281402  70
29.283275  31
29.289992  28
29.299321  72
29.309884  384
29.313849  89
29.330969  75
29.349167  14
29.374616  53
29.382432  73
29.404288  385
29.474895  132
29.476568  349
29.485786  396
29.505377  404
29.512314  85
29.516419  412
29.520684  51
29.525109  140
29.526962  65
29.531327  141
29.535779  51
29.540324  159
29.577761  77
29.588284  17
29.663229  362
29.671739  27
29.699473  371
29.701046  426
29.731325  94
29.751257  65
29.757195  48
29.762399  55
29.773761  122
29.799829  83
29.813582  58
29.857530  85
29.873276  397
29.898898  114
29.921322  117
29.941213  386
29.949797  128
29.974320  166
29.996508  109
30.006452  430
30.011237  56
30.025171  133
30.033361  123
30.042310  218
30.044503  98
30.048488  125
30.063515  102
30.084970  422
30.135774  118
30.196543  56
30.203799  80
30.212309  424
30.221438  432
30.236205  488
30.257574  96
30.272181  105
30.276266  155
30.278858  123
30.293117  116
30.299615  102
30.308684  176
30.313009  134
30.321219  196
30.331762  447
30.338918  75
30.370795  175
30.372928  104
30.401669  138
30.405734  493
30.427438  150
30.433836  440
30.470198  164
30.496806  173
30.499398  191
30.520423  154
30.526521  223
30.535291  206
30.543661  175
30.565309  182
30.566882  489
30.570827  118
30.580116  507
30.586633  209
30.588826  223
30.595783  154
30.599868  271
30.620978  157
30.625003  445
30.633274  450
30.635446  506
30.638018  179
30.652126  201
30.741813  468
30.768201  121
30.773549  492
30.782319  184
30.791807  516
30.795852  216
30.806649  540
30.813626  220
30.815878  208
30.822315  182
30.847198  224
30.855413  196
30.860237  211
30.862829  190
30.867633  211
30.881610  217
30.885036  218
30.888007  193
30.893730  198
30.897875  234
30.903413  233
30.905106  238
30.924684  101
30.955862  208
30.973770  238
30.997242  525
31.028914  177
31.051205  213
31.067382  228
31.134076  547
31.137662  225
31.170869  287
31.184283  202
31.189227  549
31.202781  526
31.214203  208
31.220601  532
31.230031  494
31.242766  216
31.247231  563
31.297019  197
31.322949  226
31.329027  250
31.364197  229
31.372053  528
31.374545  233
31.383594  552
31.385187  228
31.390471  254
31.413812  553
31.416244  258
31.437234  242
31.441099  237
31.451682  265
31.464609  232
31.469293  250
31.491737  243
31.494109  243
31.500287  238
31.506305  244
31.524217  266
31.528183  271
31.568460  199
31.570573  234
31.577030  263
31.580001  282
31.604118  533
31.606131  270
31.636465  571
31.659443  241
31.663708  287
31.681781  247
31.690990  279
31.718437  304
31.748311  224
31.749964  576
31.761126  270
31.768063  316
31.779804  328
31.800191  591
31.816137  577
31.823648  256
31.830166  577
31.843720  255
31.851001  536
31.855945  587
31.858457  268
31.917525  261
31.946661  542
31.983395  261
31.993978  253
32.000815  594
32.003327  270
32.015509  263
32.029203  282
32.047842  278
32.056392  264
32.107252  272
32.119847  270
32.122199  266
32.156197  291
32.169710  280
32.187296  267
32.189009  264
32.203376  264
32.273387  327
32.306613  271
32.309285  272
32.316422  261
32.360650  292
32.436560  267
32.445310  343
32.459323  266
32.464762  550
32.474291  281
32.477737  596
32.480409  551
32.482781  268
32.486906  280
32.585902  561
32.617399  275
32.619811  606
32.622443  289
32.653644  286
32.669690  606
32.684704  272
32.706021  598
32.712718  263
32.716843  261
32.726172  256
32.728005  279
32.729978  262
32.734463  266
32.752103  289
32.772974  289
32.813438  266
32.818103  276
32.819736  282
32.822368  283
32.826453  281
32.840187  269
32.854954  288
32.874605  596
32.883315  291
32.893004  339
32.916366  281
32.926329  284
32.927922  278
32.973831  285
33.002271  274
33.006316  604
33.010181  557
33.012074  273
33.020229  330
33.033837  278
33.038162  597
33.041253  271
33.046856  260
33.065014  586
33.069319  542
33.074523  257
33.088157  272
33.096307  266
33.108008  252
33.205992  268
33.227756  543
33.299046  259
33.324789  261
33.359100  273
33.366591  280
33.391201  278
33.429221  264
33.431154  262
33.438650  265
33.445287  263
33.464479  277
33.486648  587
33.512538  333
33.517362  333
33.549055  276
33.553060  269
33.555093  262
33.583863  338
33.586075  340
33.633186  602
33.649498  276
33.663111  609
33.688427  545
33.690679  551
33.696190  588
33.699421  259
33.715994  552
33.721537  267
33.725472  279
33.726131  275
33.754756  259
33.832979  258
33.838303  276
33.843207  596
33.847292  280
33.856461  277
33.895091  591
33.904620  255
33.909384  253
33.911157  584
33.917734  253
33.926303  577
33.951545  276
33.956349  257
33.969383  275
33.971715  274
33.976120  253
33.984055  273
33.988660  274
33.990393  267
34.017049  253
34.039512  259
34.046648  257
34.059043  266
34.075395  565
34.077128  570
34.079580  245
34.134360  243
34.136233  242
34.142930  258
34.150631  242
34.155222  236
34.172606  312
34.178149  263
34.203405  262
34.219570  248
34.233863  532
34.242652  249
34.250962  571
34.258837  240
34.280590  564
34.289419  561
34.297913  251
34.306068  238
34.311092  249
34.331805  226
34.357344  248
34.366362  303
34.391424  234
34.422005  566
34.424317  257
34.434484  246
34.454604  235
34.457316  234
34.464380  556
34.477647  222
34.481992  549
34.483985  549
34.495946  218
34.499712  236
34.510873  238
34.513844  239
34.531671  227
34.534143  228
34.536495  225
34.538233  244
34.540545  239
34.545170  219
34.552646  230
34.554499  234
34.562729  224
34.569725  197
34.584797  207
34.586435  207
34.592992  205
34.609142  221
34.650567  166
34.654752  165
34.656725  158
34.659437  154
34.671098  212
34.680467  161
34.686905  151
34.699920  139
34.708669  412
34.718238  455
34.720910  116
34.725195  134
34.748085  112
34.755436  438
34.757968  125
34.767716  115
34.802529  118
34.807134  116
34.824693  135
34.832788  189
34.847714  114
34.857682  133
34.879604  444
34.881337  441
34.884448  124
34.886301  123
34.889452  125
34.913261  128
34.918704  129
34.923408  130
34.925740  122
34.930564  102
34.935029  430
34.937162  118
34.955220  109
34.957852  124
34.966023  124
34.983123  101
34.985575  108
34.987328  103
34.992891  125
35.007705  123
35.029209  100
35.040071  106
35.052152  98
35.057970  116
35.060322  96
35.075329  73
35.086471  77
35.095900  146
35.103117  95
35.119597  78
35.121829  78
35.125275  352
35.129300  398
35.133385  67
35.135318  79
35.138584  63
35.154973  57
35.163303  380
35.167967  67
35.174369  64
35.189296  37
35.196313  35
35.217224  61
35.223801  112
35.238729  49
35.243333  48
35.249711  64
35.275626  383
35.277838  62
35.279491  62
35.284255  62
35.286368  61
35.288241  58
35.299841  324
35.302193  369
35.313454  57
35.315746  34
35.327028  30
35.340962  360
35.345067  50
35.351045  27
35.364978  54
35.367450  47
35.372309  41
35.378666  41
35.380319  40
35.388209  49
35.400384  50
35.402197  28
35.411846  30
35.417404  26
35.421189  35
35.425933  27
35.435229  6
35.437801  5
35.445057  9
35.449402  75
35.459485  25
35.464329  24
35.479256  289
35.483541  341
35.488146  24
35.498596  30
35.500429  16
35.521939  337
35.528316  21
35.533974  20
35.547208  4
35.575510  73
35.588425  0
35.599447  0
35.614675  24
35.623325  335
35.628190  334
35.630782  20
35.634807  15
35.636780  18
35.652326  285
35.662752  0
35.690747  328
35.709326  5
35.710939  4
35.715264  4
35.725666  5
35.733297  3
35.745102  21
35.747614  22
35.766341  14
35.774236  10
35.821675  28
35.870444  19
35.911675  7
35.934380  13
35.942271  16
35.983776  28
35.990693  21
36.003074  31
36.007040  29
36.028745  34
36.050948  16
36.053260  30
36.057645  27
36.067653  34
36.078516  23
36.094896  41
36.114667  34
36.120417  43
36.126935  44
36.142381  3
36.189835  24
36.200937  27
36.203090  82
36.217084  47
36.228086  42
36.246938  32
36.259559  40
36.271774  42
36.276019  337
36.277592  20
36.284049  342
36.288554  27
36.299177  30
36.305775  40
36.316677  42
36.329012  86
36.340134  42
36.357401  18
36.359194  6
36.370011  53
36.391042  48
36.395367  64
36.410336  63
36.412908  21
36.418731  47
36.431267  300
36.470807  49
36.472900  47
36.479457  348
36.481370  61
36.488754  59
36.495611  11
36.503901  62
36.509579  47
36.514283  67
36.526531  56
36.528324  70
36.534941  27
36.547006  64
36.551750  90
36.567451  36
36.573429  51
36.580845  22
36.582638  44
36.593369  47
36.612133  50
36.613966  77
36.615599  77
36.625082  112
36.632578  350
36.638616  92
36.652369  94
36.659940  96
36.680870  309
36.682543  67
36.696537  74
36.702615  47
36.711165  370
36.715630  55
36.728505  56
36.732450  76
36.748581  57
36.770845  52
36.780648  45
36.797515  59
36.803063  92
36.806418  83
36.808111  81
36.823896  97
36.825609  91
36.829654  96
36.834119  41
36.835732  88
36.849820  95
36.853035  333
36.859372  356
36.883169  82
36.889527  78
36.908947  98
36.911319  80
36.915844  393
36.936515  84
36.939187  98
36.943332  84
36.964387  84
36.972997  77
36.997319  96
37.011314  74
37.013646  112
37.017751  53
37.026062  104
37.036352  75
37.044583  84
37.073011  85
37.081102  85
37.083714  145
37.086406  338
37.093103  411
37.094836  106
37.103585  147
37.136351  112
37.148886  410
37.150979  359
37.159989  100
37.170672  91
37.173898  410
37.176649  100
37.187791  415
37.195088  103
37.197121  72
37.215477  107
37.219862  107
37.233176  148
37.252520  114
37.288000  112
37.306678  132
37.308291  116
37.317041  135
37.331509  153
37.348708  147
37.354012  144
37.358297  121
37.393261  439
37.401251  129
37.405316  126
37.422476  130
37.430391  122
37.443906  131
37.449484  151
37.456899  88
37.461304  92
37.465429  142
37.470437  97
37.472350  150
37.488076  111
37.504081  122
37.513151  104
37.540240  126
37.542193  130
37.565659  179
37.573809  150
37.602831  151
37.621064  121
37.622917  129
37.629714  390
37.640081  401
37.648516  115
37.653560  115
37.664543  129
37.671974  442
37.692054  128
37.698432  129
37.700644  138
37.705029  92
37.709514  143
37.713779  199
37.717265  109
37.724562  125
37.738810  128
37.763307  131
37.765879  145
37.770643  150
37.781745  149
37.785431  149
37.803200  128
37.824291  438
37.829809  414
37.836666  147
37.840771  152
37.884453  149
37.886765  147
37.889457  454
37.908811  463
37.913136  146
37.930954  154
37.953138  200
37.968493  135
38.000866  164
38.013562  178
38.019480  151
38.028010  133
38.055342  145
38.062318  154
38.076491  155
38.083048  202
38.085580  158
38.089306  171
38.094314  461
38.121748  176
38.142314  161
38.150384  414
38.180178  135
38.182650  477
38.198416  492
38.210057  165
38.231842  169
38.235927  232
38.241885  170
38.275324  173
38.287464  191
38.295834  181
38.312284  185
38.325718  195
38.333429  133
38.354494  186
38.358259  189
38.360811  466
38.362584  169
38.366989  428
38.375199  203
38.395451  159
38.421101  186
38.425945  187
38.434555  185
38.436208  495
38.456328  187
38.457941  187
38.465612  188
38.476686  197
38.486215  207
38.488507  168
38.500982  197
38.507379  158
38.512198  207
38.514810  164
38.524067  199
38.526219  178
38.541046  204
38.545831  160
38.550336  209
38.552169  191
38.561198  474
38.563351  175
38.565903  172
38.582371  186
38.593492  208
38.603081  192
38.606072  196
38.615201  188
38.624550  237
38.629714  504
38.642648  238
38.647432  498
38.656448  201
38.672689  201
38.679765  193
38.687082  454
38.699527  166
38.703242  454
38.717076  502
38.720207  186
38.735194  506
38.750980  186
38.753232  178
38.761721  197
38.771309  240
38.781049  186
38.785454  256
38.811137  193
38.837498  189
38.861958  176
38.871641  211
38.892850  213
38.906648  519
38.908980  201
38.916990  471
38.945316  513
38.964092  221
38.969830  186
38.977406  200
38.979558  222
38.993311  193
39.006254  190
39.015742  213
39.018114  197
39.024751  206
39.045660  215
39.047513  179
39.066670  208
39.079090  208
39.081402  188
39.095675  194
39.106397  217
39.110329  201
39.112901  196
39.128727  189
39.133771  187
39.138383  184
39.181711  259
39.186295  515
39.188927  262
39.198655  204
39.219284  216
39.234990  471
39.253382  514
39.271090  189
39.296863  188
39.301607  200
39.316379  190
39.319645  257
39.347317  194
39.362483  206
39.366218  206
39.380710  205
39.384156  204
39.407054  183
39.421670  206
39.432991  210
39.439388  210
39.449500  209
39.456237  521
39.468437  211
39.472941  189
39.485561  187
39.495309  183
39.499634  204
39.507344  206
39.514228  205
39.516201  207
39.517814  200
39.549429  183
39.556965  184
39.574024  192
39.579008  206
39.585305  205
39.590429  185
39.595368  201
39.597081  200
39.610638  182
39.614743  181
39.621819  188
39.625525  198
39.627757  186
39.642190  188
39.646235  185
39.658454  179
39.665670  176
39.667283  187
39.678369  173
39.683433  243
39.686105  507
39.688257  184
39.695613  237
39.702410  494
39.710425  187
39.714450  184
39.736762  188
39.754095  171
39.758580  461
39.761072  458
39.772993  171
39.777218  180
39.786901  169
39.793246  169
39.798928  165
39.806619  167
39.809091  164
39.821038  179
39.830526  163
39.837223  238
39.857474  175
39.859547  171
39.861300  174
39.863972  168
39.874554  493
39.877146  156
39.880764  172
39.882657  170
39.887760  144
39.895016  138
39.902172  140
39.908670  139
39.911122  135
39.913235  134
39.917660  448
39.919813  399
39.922525  398
39.924458  448
39.927050  398
39.931534  108
39.933127  437
39.940563  106
39.966085  130
39.968677  106
39.970909  118
39.975114  114
39.983453  434
39.989910  433
39.998060  98
39.999733  113
40.018537  103
40.030078  100
40.036456  100
40.038109  99
40.042454  85
40.044906  83
40.046799  87
40.053922  99
40.056254  97
40.058766  94
40.062596  93
40.064988  78
40.067141  77
40.075471  66
40.096348  85
40.101512  141
40.103665  404
40.107531  402
40.109983  138
40.114048  390
40.116420  389
40.121763  79
40.157495  53
40.160087  339
40.161820  338
40.164432  51
40.175794  57
40.177547  381
40.180159  67
40.184723  55
40.205427  94
40.207320  30
40.221708  17
40.228899  4
40.233004  23
40.250524  13
40.277919  37
40.282064  345
40.285250  295
40.286788  331
40.301876  6
40.306740  0
40.317623  303
40.339306  0
40.352561  38
40.354793  0
40.358299  0
40.361310  0
40.365635  0
40.393726  0
40.404155  0
40.418589  298
40.430130  294
40.434315  0
40.467035  0
40.468628  244
40.522480  0
40.574527  226
40.599107  260
40.644420  15
40.794229  1
40.800807  38
40.876219  4
40.890234  34
40.900961  44
41.068312  20
41.098867  38
41.101000  11
41.125616  48
41.140942  57
41.151445  60
41.163851  47
41.212471  56
41.238906  36
41.254293  2
41.258738  63
41.287638  76
41.302726  263
41.308724  42
41.325864  43
41.327997  316
41.336946  22
41.364150  303
41.377804  55
41.379737  34
41.386634  36
41.394665  48
41.408638  63
41.430446  49
41.437523  44
41.448425  47
41.454882  41
41.456895  77
41.459107  56
41.461100  31
41.471243  32
41.478220  42
41.493807  74
41.505029  89
41.533356  64
41.546891  96
41.548624  60
41.557473  37
41.568436  55
41.586669  63
41.602560  82
41.609631  51
41.618720  88
41.620893  56
41.639851  85
41.651034  100
41.680121  102
41.690904  63
41.706631  100
41.711416  97
41.753322  83
41.757847  86
41.767076  64
41.775566  92
41.782043  79
41.786468  105
41.795338  82
41.805181  82
41.819988  88
41.828398  89
41.830890  81
41.857097  84
41.859730  84
41.863915  63
41.872465  67
41.889045  104
41.906165  108
41.915654  94
41.925997  105
41.929423  114
41.953306  115
41.965449  121
41.979023  99
41.987952  80
42.022471  106
42.033593  93
42.060130  95
42.084365  122
42.089349  88
42.100158  130
42.111140  129
42.125968  107
42.129973  102
42.174110  98
42.183399  94
42.194202  90
42.212954  93
42.215107  97
42.228142  98
42.255751  100
42.274470  95
42.280222  105
42.291483  95
42.300033  98
42.302745  119
42.312768  73
42.315220  93
42.333319  94
42.341929  98
42.352811  132
42.356357  124
42.358310  115
42.369052  125
42.371624  151
42.397135  149
42.398708  135
42.405844  146
42.407557  93
42.421032  102
42.423384  120
42.429542  125
42.440704  126
42.445469  99
42.484154  126
42.497389  137
42.511964  126
42.519575  130
42.521208  133
42.526212  141
42.537234  84
42.538827  130
42.572768  161
42.577433  133
42.583591  136
42.587636  151
42.592301  168
42.594433  137
42.624408  98
42.634093  125
42.640550  134
42.650753  132
42.659623  137
42.673178  133
42.674791  136
42.684720  135
42.690978  141
42.720993  142
42.728504  144
42.731016  150
42.732889  149
42.752300  142
42.769260  153
42.777630  131
42.786480  133
42.788413  161
42.795090  167
42.799095  134
42.812434  171
42.830293  152
42.848906  171
42.868679  143
42.882453  179
42.890544  151
42.896762  154
42.901167  145
42.917773  156
42.919726  147
42.945955  169
42.953226  159
42.960802  164
42.991395  169
42.999325  179
43.011560  150
43.020909  177
43.026587  174
43.036370  178
43.046158  167
43.049744  167
43.059567  170
43.086929  173
43.089521  136
43.100284  160
43.105488  164
43.109074  158
43.122229  170
43.142240  156
43.154205  159
43.157930  157
43.161596  161
43.194184  161
43.198209  160
43.206160  153
43.208412  161
43.213256  165
43.224119  157
43.236776  168
43.246146  163
43.261120  178
43.263372  151
43.282744  177
43.286929  162
43.292332  149
43.307739  177
43.326153  172
43.339907  171
43.357545  178
43.361471  172
43.371614  172
43.397388  168
43.399940  180
43.427467  173
43.459882  179
43.494942  181
43.499846  185
43.515093  165
43.517765  185
43.524266  187
43.544618  179
43.554941  179
43.559426  198
43.580241  183
43.582893  153
43.655328  171
43.730652  185
43.744221  196
43.751557  179
43.755703  191
43.757576  155
43.763414  196
43.790086  205
43.803081  189
43.807286  210
43.812945  159
43.838656  201
43.840968  174
43.848125  215
43.854003  208
43.881271  201
43.885936  220
43.893547  198
43.904370  180
43.928215  205
43.931501  204
43.958300  192
43.998864  205
44.015650  206
44.025226  224
44.037975  221
44.048210  197
44.050343  222
44.054728  232
44.071428  226
44.075673  215
44.079778  212
44.089408  233
44.113564  234
44.119442  178
44.138974  191
44.140707  208
44.146764  216
44.162431  200
44.164144  224
44.186572  201
44.201738  222
44.238871  205
44.244095  228
44.250612  220
44.252984  201
44.260200  197
44.278607  206
44.282992  240
44.287437  202
44.298320  230
44.300073  240
44.301906  192
44.308503  221
44.312828  231
44.315000  206
44.322975  232
44.333458  206
44.348165  232
44.351631  201
44.355556  230
44.374234  219
44.382325  243
44.386430  233
44.388283  244
44.397456  245
44.433121  224
44.440792  220
44.458031  235
44.471745  234
44.476470  247
44.496309  245
44.526194  242
44.541061  234
44.553884  233
44.565445  251
44.567098  216
44.576067  252
44.591334  246
44.593466  229
44.615177  238
44.619642  246
44.628571  240
44.643918  234
44.648463  247
44.658711  247
44.661203  223
44.685987  240
44.692824  245
44.706362  246
44.712120  236
44.723281  248
44.728545  230
44.760696  250
44.778430  236
44.789518  244
44.795423  246
44.834740  220
44.837491  235
44.856548  234
44.858261  231
44.865437  256
44.902295  250
44.906920  247
44.921387  244
44.926491  250
44.928703  256
44.945469  247
44.967246  245
44.976535  243
44.983012  249
45.014051  250
45.017996  253
45.052599  230
45.064141  244
45.082179  245
45.086544  225
45.127769  243
45.153938  256
45.156570  250
45.158203  257
45.174817  252
45.184520  254
45.186313  253
45.196600  249
45.213045  243
45.258693  244
45.271487  241
45.306323  231
45.326058  229
45.331062  237
45.358539  228
45.369301  235
45.381482  226
45.383135  223
45.385112  221
45.387704  220
45.390256  243
45.396900  237
45.403697  217
45.410303  235
45.430838  242
45.432950  232
45.437735  213
45.449480  234
45.453565  223
45.455198  238
45.456831  230
45.463388  236
45.487352  239
45.494848  236
45.509200  236
45.511772  235
45.542581  231
45.566537  233
45.601411  231
45.617556  229
45.646022  228
45.653598  225
45.666972  229
45.669644  224
45.674288  234
45.677614  232
45.698388  232
45.700181  232
45.705185  231
45.716054  206
45.718446  204
45.729387  221
45.736683  221
45.743220  226
45.748304  221
45.759332  211
45.768311  218
45.774014  217
45.797855  217
45.839623  209
45.851526  205
45.859706  207
45.871467  193
45.880376  201
45.904014  208
45.908539  206
45.913443  202
45.920874  193
45.933520  219
45.936232  209
45.938624  190
45.940896  216
45.957002  206
45.959174  206
45.961726  207
45.967624  204
45.977532  203
45.984169  198
45.985782  197
45.990872  207
45.992565  206
45.995117  197
46.000241  201
46.016626  189
46.020511  189
46.027278  197
46.034235  188
46.048543  195
46.079440  190
46.105488  168
46.110971  185
46.120680  181
46.143061  193
46.145174  186
46.147566  191
46.149739  185
46.168037  180
46.174981  172
46.177353  149
46.188415  164
46.191861  163
46.199376  164
46.201968  159
46.211856  155
46.218518  159
46.223502  158
46.227867  148
46.245946  156
46.254137  153
46.283997  150
46.292527  146
46.301157  144
46.302830  141
46.306796  124
46.320470  131
46.349108  136
46.351800  135
46.354152  132
46.360889  132
46.366033  127
46.369198  138
46.372289  122
46.379205  120
46.383950  145
46.388115  133
46.389908  138
46.393993  141
46.410379  134
46.418569  129
46.430525  117
46.436828  105
46.481324  114
46.482917  116
46.494558  111
46.498723  101
46.502189  94
46.504441  91
46.506793  118
46.526826  113
46.552520  117
46.575143  113
46.577535  114
46.585886  103
46.620496  106
46.627393  95
46.641387  100
46.645932  99
46.676387  96
46.696942  79
46.699115  95
46.703260  95
46.721129  90
46.731032  85
46.733225  93
46.745860  88
46.750385  88
46.767872  117
46.778575  109
46.780288  98
46.784513  100
46.800280  104
46.810723  83
46.823578  78
46.846881  79
46.861209  79
46.867507  59
46.868924  56
46.876994  72
46.887337  68
46.888096  66
46.908867  66
46.911359  69
46.915424  79
46.930670  63
46.936868  46
46.950189  70
46.958379  62
46.977932  79
46.986342  72
46.992420  68
47.045524  72
47.065834  70
47.071098  76
47.075842  71
47.098427  57
47.100240  66
47.110783  52
47.124717  51
47.127409  45
47.140923  74
47.152025  67
47.158482  67
47.174931  65
47.186447  68
47.210570  76
47.227990  52
47.261610  60
47.266215  63
47.270100  72
47.289413  62
47.291086  43
47.296250  57
47.347284  65
47.355015  63
47.385350  64
47.408908  63
47.413153  76
47.529410  64
47.543399  78
47.568203  64
47.599430  72
47.668110  68
47.774104  73
47.787379  78
47.809982  66
47.830168  53
47.836553  60
47.840678  82
47.867306  64
47.871311  72
47.878488  104
47.890284  80
47.908602  53
47.915659  70
47.917612  86
47.938683  107
47.943168  89
48.002840  73
48.023805  89
48.025998  86
48.032575  97
48.064649  90
48.068934  83
48.091358  55
48.095163  84
48.110830  96
48.125238  63
48.134108  62
48.151189  79
48.176345  111
48.181189  81
48.186947  114
48.209130  117
48.236953  108
48.264596  102
48.270774  89
48.278705  113
48.287454  99
48.297018  95
48.304274  103
48.308739  126
48.316115  68
48.320181  132
48.326498  92
48.330942  121
48.341624  113
48.349675  119
48.360038  94
48.366276  120
48.367949  116
48.379490  120
48.381702  129
48.388793  120
48.398010  103
48.418142  92
48.443139  116
48.457926  120
48.461752  119
48.472274  122
48.491633  101
48.503239  121
48.507404  116
48.511828  118
48.513421  132
48.521711  140
48.535306  106
48.537379  127
48.557212  122
48.577582  93
48.614875  103
48.628230  126
48.630163  120
48.641912  145
48.649069  128
48.709932  133
48.723106  115
48.730677  136
48.739127  149
48.761592  123
48.765438  143
48.777766  125
48.797206  172
48.801112  109
48.808109  151
48.810241  173
48.814007  123
48.822457  147
48.826922  125
48.835572  119
48.847567  156
48.854152  140
48.862942  149
48.866148  167
48.885320  140
48.901470  138
48.906394  186
48.922500  144
48.944485  155
48.946658  145
48.956921  128
48.961286  146
48.976767  140
48.984363  153
48.985936  149
48.988128  163
49.008667  181
49.026527  131
49.041395  117
49.043308  167
49.047753  157
49.061687  158
49.076135  140
49.082592  195
49.108342  141
49.117051  144
49.122949  160
49.133192  161
49.157308  190
49.174768  191
49.203553  186
49.249095  162
49.251048  181
49.262030  175
49.263803  180
49.270840  151
49.275425  163
49.286806  193
49.291111  180
49.299469  191
49.312638  161
49.324758  192
49.335241  185
49.342485  185
49.379898  181
49.398078  197
49.420569  192
49.443208  199
49.465442  203
49.478377  188
49.498389  185
49.511585  196
49.532017  164
49.557446  196
49.576428  202
49.584510  187
49.626821  202
49.628973  183
49.638303  191
49.673902  191
49.740820  184
49.762904  202
49.770201  199
49.781124  187
49.788121  210
49.790613  165
49.794099  212
49.824301  171
49.828966  204
49.844612  171
49.846445  215
49.852023  174
49.854695  224
49.871061  224
49.875086  206
49.882363  235
49.903408  192
49.918895  211
49.936494  217
49.962263  204
49.968281  210
49.978723  224
49.993270  209
50.010774  223
50.017692  213
50.029331  234
50.031004  223
50.039383  205
50.053056  192
50.069496  217
50.074061  213
50.079045  213
50.100003  217
50.144337  222
50.154229  212
50.159917  220
50.175963  228
50.214458  219
50.269787  202
50.274651  230
50.284259  214
50.295661  216
50.298213  223
50.313699  213
50.317904  215
50.321809  209
50.326434  228
50.337704  222
50.351458  226
50.372923  226
50.401230  236
50.421516  237
50.434314  222
50.444097  231
50.483166  209
50.495386  229
50.516395  214
50.533065  228
50.547856  232
50.575246  228
50.577858  226
50.580190  206
50.592984  222
50.600400  230
50.635291  225
50.694173  223
50.696785  230
50.707966  226
50.743388  232
50.781095  218
50.787118  218
50.802992  205
50.804151  212
50.815952  201
50.820077  210
50.831659  200
50.843080  188
50.847844  210
50.850556  212
50.855420  183
50.862964  201
50.868088  185
50.875504  206
50.893028  212
50.909214  205
50.914098  207
50.943867  206
50.968527  208
50.981781  191
50.988598  210
50.996768  209
51.003824  190
51.014865  204
51.023354  207
51.027779  215
51.066140  202
51.072118  200
51.101328  207
51.109898  212
51.134797  205
51.176272  213
51.180544  205
51.206447  205
51.208759  206
51.210537  201
51.237784  212
51.263558  181
51.281786  170
51.288304  182
51.299186  184
51.311322  172
51.330919  198
51.333092  199
51.335684  169
51.342581  166
51.346646  180
51.349258  157
51.355096  155
51.357348  174
51.363885  173
51.366557  166
51.371561  164
51.374233  168
51.376465  167
51.384815  144
51.393055  156
51.407613  144
51.420712  158
51.427010  136
51.433137  157
51.459806  152
51.461998  152
51.465464  152
51.468016  158
51.470508  147
51.473000  146
51.477165  153
51.486295  146
51.488947  145
51.498696  127
51.500849  115
51.505913  115
51.507766  114
51.510318  110
51.518628  131
51.520920  130
51.525724  134
51.530408  124
51.538418  121
51.545654  114
51.576602  114
51.579194  101
51.588083  108
51.589716  104
51.591389  93
51.593961  105
51.603150  102
51.638969  119
51.656309  98
51.677513  88
51.690052  101
51.693958  96
51.708272  89
51.727164  80
51.729077  91
51.735815  94
51.743885  86
51.747850  84
51.749963  91
51.760586  79
51.762858  77
51.768082  89
51.774240  76
51.777866  75
51.793936  84
51.798521  65
51.803265  80
51.817852  64
51.824789  70
51.826702  76
51.829374  66
51.835012  75
51.839816  64
51.855667  47
51.857919  58
51.867072  48
51.881759  72
51.889949  62
51.892461  50
51.916145  39
51.917943  39
51.921749  41
51.923178  34
51.925370  41
51.933940  36
51.939638  32
51.953632  32
51.962402  42
51.978591  19
52.001109  36
52.003002  18
52.027513  36
52.036766  38
52.047368  25
52.053685  29
52.070465  36
52.077302  44
52.099134  45
52.103619  31
52.117777  34
52.124894  18
52.140322  15
52.149771  41
52.154476  32
52.174087  45
52.180145  11
52.189074  28
52.193399  14
52.204561  39
52.212971  34
52.219029  32
52.240834  27
52.244759  32
52.246572  26
52.253289  25
52.260106  34
52.302997  45
52.374775  17
52.431608  44
52.452973  19
52.477251  36
52.511332  47
52.590328  31
52.610239  43
52.613645  38
52.694991  32
52.718215  25
52.724073  48
52.730870  34
52.738561  38
52.784437  49
52.814490  45
52.838082  50
52.840774  43
52.857604  58
52.867113  37
52.885247  24
52.893677  33
52.900394  18
52.915821  50
52.921859  39
52.923952  41
52.949995  35
52.953221  36
52.959338  77
53.001523  74
53.067844  46
53.073862  58
53.090868  51
53.092741  61
53.094534  36
53.104557  25
53.115779  61
53.119864  74
53.124009  46
53.156535  74
53.181993  59
53.184385  75
53.214839  72
53.234412  39
53.236325  86
53.249499  64
53.255417  76
53.264767  47
53.269172  60
53.271304  61
53.283604  40
53.286016  71
53.301657  77
53.308953  88
53.317922  75
53.340166  59
53.350708  91
53.355153  79
53.358998  68
53.366718  82
53.392734  84
53.397698  98
53.415259  78
53.452511  82
53.477068  74
53.483526  84
53.497480  88
53.508183  54
53.516354  92
53.529249  62
53.538578  89
53.561251  75
53.598442  81
53.602727  93
53.606992  104
53.631609  97
53.635794  110
53.638046  101
53.644164  117
53.648929  86
53.663477  92
53.672346  89
53.674758  64
53.676371  81
53.693890  70
53.695783  59
53.702420  87
53.721593  98
53.733988  107
53.761183  84
53.793590  85
53.801641  100
53.812763  120
53.834188  95
53.840166  134
53.849056  46
53.852962  106
53.919175  72
53.922860  113
53.936394  104
53.938487  92
53.958007  124
53.968531  97
53.977509  119
53.979082  99
53.999972  119
54.006709  97
54.020664  123
54.042333  126
54.052441  142
54.056866  126
54.081342  143
54.088898  154
54.094836  107
54.102292  128
54.112955  126
54.114888  114
54.123838  116
54.141417  97
54.156744  101
54.160849  107
54.164734  116
54.183628  125
54.191169  134
54.203484  119
54.227853  129
54.233811  157
54.237737  140
54.278359  138
54.288362  141
54.303469  160
54.307435  146
54.314352  72
54.355948  116
54.362226  140
54.383357  154
54.387962  144
54.393900  136
54.407074  134
54.408747  150
54.428979  145
54.430872  159
54.437489  154
54.448492  125
54.454051  146
54.496301  161
54.497894  170
54.506185  166
54.512363  98
54.522446  162
54.536060  166
54.548715  145
54.552660  154
54.566335  159
54.575106  145
54.586528  162
54.596970  159
54.598663  146
54.611238  151
54.617895  167
54.624840  152
54.627212  163
54.683313  163
54.685705  146
54.698899  148
54.716733  167
54.769959  187
54.772910  166
54.799100  191
54.801372  168
54.810661  138
54.814906  167
54.872792  164
54.901362  179
54.904034  147
54.917089  151
54.930463  183
54.932096  189
54.947929  191
54.955933  163
55.030498  172
55.066252  202
55.081959  168
55.085705  214
55.094055  168
55.108583  166
55.117632  154
55.128675  174
55.141332  203
55.155840  178
55.158412  178
55.168216  223
55.169789  201
55.173015  176
55.180466  180
55.182898  203
55.193065  176
55.207259  195
55.223727  161
55.225660  210
55.228012  215
55.284337  193
55.290035  218
55.294919  175
55.296772  197
55.330100  199
55.339109  205
55.350019  196
55.384399  190
55.399727  215
55.419600  196
55.424744  213
55.440191  203
55.444596  211
55.451073  213
55.469434  210
55.475392  218
55.481015  198
55.491957  221
55.505418  224
55.530044  224
55.532556  213
55.536741  197
55.539053  215
55.547504  218
55.559565  224
55.580749  206
55.582402  211
55.589978  226
55.593923  215
55.598288  225
55.599981  224
55.606957  217
55.620377  197
55.627115  212
55.637977  201
55.649633  203
55.657144  215
55.675562  227
55.680186  198
55.684930  219
55.697545  218
55.712118  222
55.714251  208
55.732998  219
55.735710  210
55.762219  229
55.787988  221
55.811931  219
55.814183  211
55.822813  228
55.843702  223
55.860567  216
55.939162  218
55.980375  205
55.995148  225
56.019503  217
56.046991  225
56.053928  222
56.060925  224
56.096103  210
56.100527  223
56.109037  221
56.124625  224
56.149704  217
56.160457  205
56.171428  208
56.173900  225
56.179103  214
56.196940  231
56.202703  202
56.206828  232
56.212406  233
56.232786  225
56.245684  220
56.247597  224
56.256446  220
56.264976  226
56.299161  219
56.328687  215
56.336717  219
56.341302  232
56.376266  221
56.415793  221
56.417626  208
56.440093  215
56.441666  221
56.446890  207
56.455599  203
56.499758  207
56.509741  223
56.511614  204
56.555376  222
56.557009  230
56.558602  222
56.561254  226
56.565439  217
56.574080  227
56.623064  207
56.628348  220
56.633452  229
56.655141  202
56.657054  199
56.664430  212
56.676111  196
56.677724  215
56.682468  206
56.700131  221
56.708909  195
56.713793  210
56.729860  213
56.752803  214
56.755195  208
56.763505  211
56.770961  219
56.784395  223
56.819457  208
56.824301  223
56.829146  206
56.833631  219
56.835843  207
56.849636  219
56.865383  210
56.874553  197
56.878658  203
56.913320  190
56.931797  197
56.937924  207
56.939644  187
56.948872  196
56.953137  186
56.965218  194
56.969083  194
56.971076  189
56.981758  181
56.993340  192
56.995812  176
56.998504  175
57.006874  191
57.018826  187
57.042535  195
57.046700  205
57.047479  202
57.049851  189
57.056088  196
57.084354  175
57.091945  171
57.095655  178
57.100240  173
57.101913  167
57.108530  141
57.117039  154
57.130573  146
57.133265  166
57.137750  160
57.148113  128
57.150445  155
57.154490  144
57.159215  139
57.168305  138
57.180026  136
57.181859  129
57.189762  135
57.191335  128
57.194701  135
57.201218  131
57.242119  130
57.244671  136
57.247343  123
57.258725  126
57.269288  136
57.295288  124
57.297101  121
57.327619  122
57.333578  107
57.336030  107
57.340775  96
57.344760  80
57.354209  92
57.358434  90
57.370177  83
57.384729  100
57.386442  83
57.406119  90
57.410264  81
57.425111  93
57.428537  97
57.431388  87
57.440677  98
57.476534  99
57.478167  99
57.481353  97
57.485478  106
57.487271  96
57.497318  77
57.523061  83
57.529839  70
57.531951  95
57.536416  87
57.540801  87
57.551304  93
57.563519  92
57.565651  81
57.569916  89
57.612711  77
57.615323  80
57.619628  78
57.625266  89
57.629411  70
57.634096  82
57.646117  68
57.657279  69
57.686580  58
57.691065  58
57.699355  43
57.705712  53
57.709657  52
57.716441  55
57.730642  54
57.739839  75
57.748990  54
57.750636  53
57.759086  72
57.765104  61
57.775466  51
57.783357  71
57.788102  74
57.792107  61
57.795873  66
57.799978  70
57.849605  69
57.851877  79
57.879400  38
57.888170  71
57.910835  70
57.923590  61
57.927895  58
57.930427  62
57.972654  67
57.974547  65
57.978532  65
57.980205  71
57.983451  57
58.056394  62
58.060579  64
58.071501  56
58.117309  54
58.125599  40
58.130124  61
58.133969  57
58.137335  52
58.145678  60
58.156381  55
58.184917  50
58.190456  48
58.196154  63
58.209328  44
58.221723  31
58.226448  54
58.233306  44
58.255591  54
58.270339  50
58.323138  54
58.357238  59
58.417570  50
58.432598  46
58.436483  59
58.508699  54
58.522154  68
58.569837  66
58.581892  56
58.589248  60
58.604475  60
58.608700  60
58.623927  62
58.642560  59
58.646525  60
58.657647  68
58.704062  41
58.706334  62
58.712532  73
58.714645  70
58.724468  86
58.775592  63
58.792212  76
58.801102  81
58.803255  73
58.835019  87
58.847175  55
58.854112  67
58.876511  73
58.888253  77
58.894111  76
58.900788  56
58.921474  80
58.926099  105
58.938774  68
58.965581  78
58.977977  87
58.980090  76
58.991932  84
58.996317  31
59.000622  91
59.011285  78
59.015710  58
59.017543  85
59.037595  95
59.041940  79
59.048657  75
59.073474  91
59.123839  62
59.129517  82
59.135304  107
59.154090  88
59.158116  80
59.166886  102
59.168699  117
59.226064  99
59.234074  102
59.241271  111
59.244597  112
59.260543  79
59.266282  128
59.277583  84
59.288006  100
59.294683  100
59.305626  110
59.313816  107
59.318061  104
59.329243  107
59.335481  110
59.342018  112
59.343951  105
59.352760  77
59.355072  128
59.356865  94
59.383875  145
59.410879  144
59.413311  130
59.418435  108
59.446179  82
59.468204  134
59.491969  119
59.493802  115
59.504084  121
59.510582  123
59.559645  86
59.563511  123
59.569968  107
59.576625  127
59.585015  140
59.590219  133
59.598449  100
59.615336  152
59.677215  90
59.703685  133
59.711042  115
59.714988  150
59.718893  136
59.733980  124
59.752020  139
59.764185  69
59.778119  123
59.782244  132
59.787582  131
59.792901  141
59.801891  131
59.813193  140
59.816899  119
59.818872  126
59.832626  174
59.881450  162
59.885435  151
59.908976  119
59.930401  119
59.934766  152
59.941224  152
59.970593  125
59.972746  152
59.983053  152
59.986299  155
