# t(s) W_ledbat(bytes)
10.045353  65535
10.161178  65535
10.236945  65530
10.238758  65520
10.241170  65515
10.243183  65505
10.250480  65500
10.253946  65490
10.260483  65485
10.262296  65399
10.264608  65356
10.270246  65270
10.272938  65227
10.277043  65141
10.278736  65098
10.281428  65012
10.283640  65519
10.285553  64958
10.289370  64850
10.291622  65487
10.293255  65471
10.295168  65439
10.298139  64796
10.300172  64688
10.302744  64634
10.304417  64525
10.306569  65423
10.308682  65391
10.310994  65375
10.312667  65343
10.315319  65327
10.317372  65295
10.319564  64471
10.321697  65279
10.323410  65220
10.326042  64362
10.328154  64308
10.330167  65191
10.332220  64199
10.334412  65083
10.336584  65029
10.338677  64145
10.340870  64036
10.343102  64921
10.345354  64867
10.347167  63981
10.348900  63871
10.351232  63816
10.353065  63706
10.354638  63651
10.357250  63541
10.359942  63486
10.362055  64748
10.364627  64689
10.366820  64570
10.369052  63376
10.370805  63321
10.373157  64464
10.375290  63210
10.377822  63155
10.379795  63044
10.382007  62961
10.383960  62704
10.386512  64251
10.389084  62575
10.391077  62316
10.393589  64145
10.395722  63920
10.397994  62136
10.399887  61774
10.402039  63807
10.404072  61592
10.405665  63581
10.408377  60517
10.410929  63421
10.412802  59970
10.414875  63099
10.417027  58866
10.418600  62938
10.420393  62597
10.423224  58304
10.424937  57168
10.426610  62426
10.428203  62082
10.430815  61892
10.432468  56546
10.435180  61511
10.437792  55250
10.440004  54587
10.441917  61320
10.443610  60890
10.446162  60674
10.448115  53245
10.450307  52557
10.452020  60239
10.453893  60020
10.456205  51163
10.457838  59580
10.459571  50447
10.462782  59359
10.464935  48995
10.467547  58879
10.469799  48248
10.471912  46730
10.474524  45946
10.476657  58637
10.478730  44351
10.481102  43525
10.483195  58151
10.486586  41696
10.488838  57882
10.490911  65535
10.493583  40742
10.498533  57341
10.500326  38788
10.502958  57068
10.507762  37753
10.509555  56494
10.512087  56204
10.516033  35458
10.518725  55621
10.523409  55317
10.525402  34236
10.527415  31705
10.529607  54706
10.532199  30339
10.535745  54397
10.537918  27483
10.540250  25907
10.542343  53698
10.547327  22453
10.548980  53344
10.550653  52631
10.553804  20461
10.555637  16088
10.557969  13132
10.559762  52263
10.561835  5673
10.563987  51522
10.567912  51146
10.572237  50327
10.573830  49911
10.575763  49071
10.578694  48644
10.580367  47783
10.582879  2920
10.586565  47345
10.590610  46400
10.595095  45918
10.599660  44944
10.604025  44447
10.605638  43441
10.609543  42926
10.614128  41884
10.618775  41350
10.623769  40268
10.628808  39687
10.640923  38507
10.648586  37899
10.652292  36617
10.654824  35954
10.670179  34602
10.672291  33885
10.674384  32419
10.687219  31653
10.693496  30006
10.695768  29138
10.701147  27349
10.706011  26300
10.712189  24117
10.724695  22927
10.731496  20192
10.734028  18639
10.741045  15275
10.743397  13142
10.749475  8183
10.756112  4201
10.759598  2920
10.789983  65535
10.979319  65532
10.988568  65531
10.995346  65528
11.024667  65535
11.123348  65527
11.127953  65524
11.137827  65523
11.148310  65508
11.150722  65501
11.154587  65486
11.156180  65476
11.158572  65455
11.165249  65445
11.168975  65389
11.171087  65361
11.181490  65305
11.186774  65277
11.195205  65221
11.207206  65193
11.212684  65137
11.214856  65109
11.219141  65053
11.225738  65025
11.227771  64969
11.232096  64941
11.233869  64883
11.236561  64854
11.238674  64796
11.240866  64768
11.244052  64712
11.247323  64684
11.252455  64634
11.254767  65535
11.258559  64609
11.262045  64559
11.271214  64534
11.274720  64484
11.279864  64459
11.410685  64408
11.425373  64383
11.427486  64332
11.434562  64307
11.447677  64256
11.451642  64231
11.455887  64178
11.458938  64152
11.461131  65535
11.469461  64098
11.471074  64068
11.480263  64007
11.487287  63977
11.492386  63914
11.494778  63883
11.500636  63820
11.509165  63781
11.511098  63703
11.513410  63664
11.515363  63576
11.528576  63532
11.530529  63444
11.535233  63397
11.538999  63302
11.543464  63255
11.549422  63160
11.551534  63113
11.557952  63018
11.560284  62971
11.562037  62875
11.565363  62827
11.600962  62728
11.603414  62679
11.605527  62580
11.607899  62527
11.613777  62421
11.615430  62368
11.618541  62259
11.620454  62205
11.622906  62096
11.629303  62025
11.631276  61883
11.635741  61812
11.637374  61667
11.647331  61595
11.657434  61450
11.664531  61375
11.666144  61225
11.668736  61150
11.752573  65535
11.771606  65534
11.792271  65533
11.803273  65532
11.813157  65529
11.829504  60999
11.834688  60923
11.836681  60771
11.839876  65528
11.841609  65525
11.846633  60695
11.852471  65524
11.854284  60543
11.865426  65521
11.868138  60467
11.871824  65516
11.873657  65505
11.880521  65500
11.884446  65477
11.889011  65466
11.895652  65443
11.902319  65424
11.904951  65386
11.907183  65367
11.908936  60299
11.910829  60215
11.914864  60047
11.922080  59949
11.932803  59752
11.935475  59653
11.939900  59454
11.949009  59354
11.957360  59154
11.959792  59033
11.965810  58790
11.968082  58668
11.981057  58418
11.983669  58293
11.988708  58042
11.991160  57914
11.992893  57657
11.999730  57528
12.005688  57260
12.012625  57126
12.016830  56856
12.025740  56716
12.027613  56435
12.033495  56294
12.035248  56009
12.040477  55866
12.045002  55578
12.049287  55432
12.050900  55138
12.056164  54990
12.059390  54683
12.066067  54529
12.071945  54219
12.076669  54064
12.096295  53752
12.107177  53595
12.113515  53274
12.119952  53113
12.126529  65346
12.128322  52790
12.130674  65304
12.132806  52628
12.134979  52302
12.138270  52138
12.139863  51797
12.143988  65534
12.146640  65535
12.150805  51626
12.162541  51282
12.172269  51102
12.175955  65283
12.180021  50739
12.193615  65527
12.196267  65524
12.200053  65517
12.205017  65241
12.207429  50557
12.210141  50190
12.222796  65497
12.224989  65457
12.227461  65220
12.233539  65437
12.235492  65178
12.238204  65157
12.240237  65115
12.242369  50006
12.244362  49635
12.246694  49447
12.248707  49070
12.250839  48880
12.252412  65089
12.254405  48470
12.260922  48263
12.262755  65397
12.266880  65377
12.268713  65036
12.271085  47847
12.273477  47617
12.277283  65336
12.279815  47155
12.282107  65010
12.286352  46922
12.292810  64950
12.295362  46414
12.299567  64920
12.306144  46158
12.308317  64860
12.310649  45642
12.314594  64821
12.316407  65311
12.320552  64742
12.323004  45381
12.329402  44856
12.331914  44591
12.335920  64703
12.340025  65260
12.342497  64621
12.345129  64580
12.349854  65235
12.353780  65173
12.356132  64498
12.360996  64450
12.362629  65524
12.365221  65142
12.367054  64354
12.369186  65080
12.371638  65519
12.373291  64306
12.375004  64204
12.377556  65508
12.383794  64153
12.385767  65500
12.387420  65046
12.397530  64051
12.399642  64977
12.401295  65484
12.404326  64943
12.408152  64863
12.410524  64823
12.414829  65476
12.416882  64743
12.419094  63995
12.424038  64697
12.429896  64605
12.433432  64559
12.435045  63883
12.439810  63827
12.444455  63712
12.449100  64458
12.451212  64408
12.453365  63655
12.457650  64307
12.464127  44041
12.465940  43763
12.472417  43203
12.474210  42919
12.481147  42348
12.483759  42059
12.485932  63540
12.497673  41476
12.501818  41181
12.503691  63482
12.507257  63366
12.509948  40585
12.515312  65535
12.524082  63308
12.534265  63192
12.538750  63134
12.545607  63005
12.548913  40283
12.555382  39674
12.562361  39365
12.564314  62941
12.574297  38737
12.576989  38418
12.598095  62812
12.607035  62746
12.624455  62614
12.631492  62548
12.633225  62412
12.635397  62344
12.637030  62207
12.639482  37775
12.641095  62130
12.646933  37446
12.649205  61975
12.651757  36782
12.654449  61897
12.656362  36444
12.669537  64254
12.675735  64148
12.702296  35761
12.704508  35413
12.713358  34710
12.715730  34336
12.717783  33579
12.726513  33192
12.737496  32409
12.741341  32008
12.742914  31095
12.745226  30625
12.750031  29671
12.752263  65446
12.754216  65385
12.756528  29179
12.758681  65355
12.760674  28177
12.764799  65294
12.767151  65264
12.776021  65202
12.778473  27621
12.780166  64094
12.782059  26486
12.784691  25895
12.786724  65171
12.790150  24684
12.792123  63985
12.793716  24049
12.796168  22746
12.799374  63931
12.810136  22057
12.815400  63820
12.817872  20636
12.820464  65109
12.828160  19871
12.831637  63765
12.833210  65078
12.835403  63654
12.838095  18282
12.845279  65016
12.849224  17418
12.853129  15605
12.861946  63595
12.866271  14593
12.870057  63476
12.873982  61820
12.876135  61666
12.878747  64985
12.880380  63417
12.882193  64923
12.884465  12429
12.887631  61589
12.890562  64892
12.892275  63290
12.899552  63227
12.901485  64830
12.904117  64799
12.906010  63100
12.908442  64737
12.911054  61434
12.915379  61357
12.917472  64706
12.926562  61202
12.931326  63034
12.935332  62901
12.937504  61124
12.939337  60968
12.942368  60890
12.945934  62835
12.952092  60734
12.961581  60656
12.965706  60499
12.969951  60421
12.975989  11159
12.977842  60263
12.982107  60184
12.983900  64644
12.986552  8228
12.989144  64613
12.990857  64551
12.994152  60007
12.998637  6241
13.003801  59919
13.014545  2920
13.016657  62702
13.019369  62636
13.021502  59742
13.023994  62503
13.032144  59653
13.039201  62436
13.040794  64518
13.045399  59475
13.049824  64452
13.052356  59386
13.054329  64419
13.059548  62302
13.064492  62235
13.066545  62101
13.076278  59207
13.078570  59118
13.081202  62032
13.087779  61894
13.097675  58938
13.100027  61825
13.101960  58848
13.105985  61686
13.127841  61617
13.129794  61478
13.132286  61408
13.136751  58667
13.138883  61268
13.140556  58577
13.142868  58396
13.156223  61198
13.157876  61058
13.168699  58305
13.170432  58123
13.172005  58032
13.173598  57849
13.175491  60988
13.180115  57757
13.181768  57573
13.187491  60847
13.190163  60777
13.194329  57481
13.196342  57294
13.198874  57201
13.207584  57014
13.214961  56920
13.220799  56732
13.241370  65535
13.243782  56638
13.264678  56449
13.269882  56354
13.294080  56164
13.299758  56069
13.308588  55878
13.348932  55775
13.358222  55568
13.366192  55464
13.376055  55256
13.381933  55152
13.386697  60633
13.389129  60561
13.395247  60416
13.400351  54942
13.408781  60344
13.415138  60199
13.417610  60126
13.421256  54820
13.422849  59980
13.430205  59907
13.431958  54575
13.434570  54452
13.438416  54194
13.440728  59761
13.455635  54065
13.460220  53805
13.462652  53675
13.466138  53413
13.472615  64386
13.478993  64319
13.483058  64286
13.500946  64219
13.507343  64186
13.522790  64119
13.527395  64086
13.537518  64019
13.541173  59680
13.549223  59518
13.556878  59437
13.560624  59274
13.583478  59193
13.585271  59029
13.601517  58947
13.618837  63985
13.626353  58783
13.630658  63916
13.637175  58701
13.638788  63882
13.645066  58536
13.647318  58453
13.651503  63813
13.656207  58276
13.660372  63779
13.668922  65534
13.670515  63710
13.673646  58188
13.679465  63676
13.681398  65533
13.690375  63607
13.693770  53297
13.695443  53065
13.697216  63573
13.701321  52948
13.707558  52714
13.711783  63504
13.714035  65531
13.715668  52597
13.727597  65527
13.730009  52361
13.732681  58011
13.736466  52243
13.752492  63470
13.766712  65525
13.770677  63395
13.783892  57922
13.785605  65521
13.788177  52006
13.790469  63358
13.794495  57744
13.797147  57655
13.803225  57476
13.810621  51887
13.813033  63283
13.818590  51648
13.820483  51528
13.825982  57386
13.828554  51288
13.836489  63246
13.840674  51167
13.842647  57206
13.849205  63171
13.854329  57116
13.863339  50925
13.881337  65535
13.889827  50804
13.894312  56935
13.896784  63134
13.898817  50560
13.901029  50438
13.907327  56845
13.909040  50192
13.921795  63059
13.928771  63014
13.932617  50069
13.936902  49821
13.950911  49697
13.952804  62922
13.959581  62876
13.964266  49448
13.971542  49323
13.975548  49072
13.977760  48946
13.980412  48693
13.982924  48566
13.986909  48204
13.989561  48022
13.991414  47656
13.995539  47472
13.997671  47102
14.057748  62777
14.062832  62728
14.069489  46953
14.081776  46653
14.092418  62629
14.095030  65514
14.096683  46502
14.100888  62579
14.104834  46199
14.106946  46047
14.116794  65499
14.123451  65492
14.148502  65477
14.157231  45741
14.174092  45587
14.176804  45278
14.190107  45123
14.199416  44811
14.201528  44654
14.205953  65470
14.213584  44338
14.218748  65455
14.231463  44179
14.233456  65448
14.235389  43860
14.242526  43700
14.250816  65433
14.253068  56754
14.255241  56572
14.260006  65426
14.261859  56481
14.266284  43377
14.270369  43215
14.271942  42889
14.273995  56298
14.278739  56207
14.283504  42725
14.287769  56023
14.294306  55931
14.298032  42395
14.305120  42229
14.314050  55746
14.325132  41895
14.327824  41727
14.329417  55654
14.333602  41389
14.335794  65411
14.342871  55469
14.345123  41219
14.351301  55376
14.355506  65404
14.357399  65389
14.364396  65382
14.366069  55190
14.368681  65367
14.371073  62519
14.372926  62398
14.375598  55097
14.383769  62338
14.385722  62217
14.388034  62157
14.389727  40877
14.393932  40705
14.399990  54910
14.402662  40359
14.409399  54816
14.411032  62036
14.417529  54628
14.419701  61975
14.421274  54534
14.424820  54345
14.430298  61853
14.435621  54250
14.437374  61792
14.441899  40185
14.445964  54060
14.456487  39834
14.459099  53965
14.464937  65354
14.466790  53774
14.470955  65327
14.473327  53678
14.477412  65314
14.479065  65287
14.481777  65274
14.485603  53486
14.488135  65247
14.496530  39657
14.498723  61663
14.501055  53390
14.504861  65234
14.508927  65203
14.511359  53197
14.518116  61599
14.519889  53100
14.521682  52888
14.523954  65188
14.525607  61470
14.530331  65157
14.532743  65140
14.534356  52782
14.536089  61405
14.538262  65106
14.540534  52568
14.543206  52461
14.547072  52246
14.549664  39302
14.554648  65089
14.559253  61275
14.566050  39123
14.570395  65055
14.571988  65038
14.576832  61210
14.578985  61080
14.587756  64998
14.590248  52138
14.592161  51890
14.596086  61015
14.598698  64978
14.603503  51766
14.607469  60885
14.612273  51517
14.616618  60820
14.625348  38763
14.629043  51392
14.630836  51141
14.633927  64938
14.638431  51015
14.642317  38581
14.646242  38216
14.650927  50762
14.654702  37960
14.659786  60689
14.670668  50615
14.672621  60624
14.674654  37443
14.676986  50321
14.678659  50173
14.682604  37181
14.689402  49876
14.701386  49727
14.703379  60479
14.707364  36653
14.711520  49427
14.715805  36386
14.719790  35847
14.724402  49277
14.727908  48975
14.730360  35574
14.732473  48823
14.736818  35022
14.739450  60407
14.745828  48518
14.748260  48365
14.750073  34742
14.752146  48057
14.754538  34177
14.759063  60262
14.777222  33890
14.781687  33311
14.787705  33017
14.792170  60190
14.798328  32423
14.802433  32121
14.804126  31510
14.805959  60044
14.813969  31199
14.824751  59969
14.826784  59817
14.828916  59741
14.830929  30570
14.833141  30249
14.838880  29600
14.850141  29269
14.852194  28662
14.854746  28352
14.864710  27725
14.867062  27405
14.873580  26757
14.875972  26425
14.877605  25753
14.883833  25408
14.889531  24709
14.892183  24350
14.893796  23620
14.898281  23244
14.919386  22480
14.924730  22085
14.926703  21281
14.929395  20864
14.931048  20012
14.933760  19568
14.935893  18660
14.938525  18184
14.940398  17207
14.944303  16691
14.946316  15626
14.955525  59581
14.962462  59501
14.966068  59340
14.973744  59260
14.975457  59099
14.978009  59018
14.979822  58856
14.984047  58770
14.988791  58596
14.990604  58509
15.001047  15078
15.002820  13941
15.007724  47902
15.011370  13327
15.013023  64917
15.016968  12041
15.019360  47591
15.023315  64874
15.025947  11330
15.033463  47435
15.035656  64853
15.041754  64810
15.044106  47121
15.046378  64789
15.049744  64746
15.053749  64725
15.058014  64682
15.113419  9817
15.129186  64660
15.131259  64615
15.142148  64593
15.144341  8944
15.150759  7027
15.153371  5808
15.157157  2920
15.169732  46963
15.171905  46646
15.175770  46487
15.186513  65534
15.188706  65532
15.198894  65531
15.202940  65529
15.211749  65528
15.216374  65522
15.225224  65519
15.235687  46160
15.239743  65513
15.246480  45995
15.255050  65510
15.265793  45664
15.268405  65503
15.270857  45498
15.274523  45164
15.276635  65500
15.283872  65493
15.290589  44996
15.292542  65490
15.296468  44658
15.298660  64537
15.327001  44483
15.328994  64509
15.333219  64453
15.338023  44130
15.348885  64425
15.356947  43952
15.363045  58422
15.365158  58246
15.373708  58158
15.378413  43595
15.385590  43415
15.394200  57982
15.398465  57894
15.400458  43054
15.402670  42872
15.410901  57717
15.422270  57628
15.423943  57450
15.426655  57361
15.430781  57182
15.432893  42496
15.441286  57093
15.444457  56913
15.452407  42306
15.454420  56823
15.463050  41925
15.465762  41731
15.469988  64369
15.472200  64341
15.474253  64285
15.476625  64257
15.478498  64201
15.483142  41340
15.491903  41143
15.496108  40741
15.507810  64173
15.516180  40538
15.517933  40130
15.524990  64116
15.529175  64088
15.535453  64028
15.537565  63998
15.539538  63938
15.550540  63908
15.552875  39924
15.554968  39510
15.558813  63847
15.561225  63817
15.567103  39266
15.568776  63756
15.573281  63723
15.577286  38774
15.582090  63657
15.588967  38525
15.593312  63624
15.597318  38012
15.610647  63558
15.615631  63525
15.617304  37752
15.621329  37228
15.623981  36963
15.625754  36428
15.628106  36157
15.635937  35610
15.637530  35333
15.641675  34732
15.649305  34427
15.656302  33811
15.659988  33519
15.668397  32929
15.680464  32629
15.687002  65535
15.710228  32023
15.714153  31715
15.718299  31092
15.723223  30774
15.733667  30132
15.736119  29804
15.737772  29141
15.751086  65482
15.755211  65466
15.762527  28802
15.766353  28116
15.774902  27765
15.787198  27053
15.796407  56733
15.805137  65458
15.807010  56552
15.811235  26688
15.813887  56462
15.817473  65442
15.820065  65434
15.822517  25947
15.831626  56280
15.836330  25534
15.847927  56189
15.850040  56006
15.857156  65418
15.861001  24694
15.862654  65410
15.867479  24260
15.870985  23376
15.881013  22918
15.884939  21982
15.889403  55915
15.893528  21494
15.895521  65394
15.897633  20496
15.904410  55732
15.906582  65386
15.916965  55640
15.918558  19973
15.920211  55456
15.924616  55364
15.932967  55179
15.937092  65370
15.939424  55086
15.946161  54900
15.965419  54807
15.969045  54620
15.971557  54526
15.973750  65362
15.975723  54318
15.978155  65346
15.983319  54214
15.985492  54005
15.987984  53898
15.994142  53683
16.010168  53575
16.012261  53359
16.014853  53251
16.016866  53010
16.019538  52889
16.021291  19027
16.023783  52647
16.027908  18531
16.029861  63481
16.031754  17512
16.033866  63393
16.046980  16973
16.053478  15860
16.060695  15265
16.064900  52518
16.066773  52259
16.072037  52129
16.076003  51868
16.104184  51737
16.141457  63349
16.164360  63261
16.171297  63217
16.178074  14027
16.179847  13354
16.187103  63128
16.189375  63084
16.190988  11939
16.193560  62995
16.197785  65335
16.203248  62951
16.204901  65324
16.211578  62862
16.213930  65313
16.218594  62818
16.226904  51474
16.228757  65302
16.231249  62729
16.237986  65291
16.240438  11148
16.242111  9453
16.252248  65280
16.254440  62685
16.276868  65269
16.282052  8452
16.291440  7333
16.296599  6043
16.301770  4477
16.306674  65255
16.313910  62596
16.315763  62552
16.333935  62462
16.345041  62417
16.357041  62372
16.362225  62327
16.363858  62282
16.367588  62237
16.370120  51346
16.371693  62192
16.380243  51218
16.385941  51090
16.402285  50961
16.413406  50832
16.419643  50703
16.421336  50573
16.424167  50443
16.435134  50313
16.443268  2920
16.445880  50182
16.460017  50051
16.472876  62148
16.480227  62104
16.490654  49920
16.498569  65241
16.504651  49788
16.528479  65227
16.547320  62060
16.550930  65213
16.553602  65199
16.555415  62016
16.559105  65185
16.570510  65171
16.572902  65157
16.584583  65143
16.587614  61972
16.590186  65129
16.595389  61928
16.601671  61883
16.608575  61838
16.616370  61793
16.619022  61748
16.626718  61703
16.663338  49656
16.670834  49524
16.683029  65534
16.688053  65531
16.694390  65530
16.701815  65527
16.713423  65526
16.731087  65525
16.743607  65524
16.745280  65523
16.757700  65522
16.770562  65521
16.773453  65520
16.782502  65519
16.785988  65518
16.797409  65517
16.817963  65516
16.820455  49391
16.823486  65115
16.825978  65515
16.845803  65100
16.847556  49258
16.861428  49123
16.863221  48988
16.878479  61649
16.880272  65514
16.882704  65513
16.891926  65512
16.894378  48853
16.895991  61595
16.901095  61541
16.903730  65510
16.906701  48717
16.909153  61487
16.913498  61433
16.916764  48581
16.922207  65085
16.924919  48445
16.927091  48308
16.929303  65070
16.931935  48170
16.935465  65508
16.939750  65055
16.941942  61379
16.949138  48032
16.955815  61325
16.958926  65040
16.960719  61271
16.969488  65025
16.976585  47895
16.982008  47757
16.988179  65010
16.990312  64995
16.994062  47619
16.996035  47480
16.999725  47341
17.001558  64980
17.004549  47202
17.009952  64965
17.011625  47062
17.014636  46922
17.018901  46781
17.021253  46640
17.041088  46498
17.045233  61225
17.046986  61179
17.050831  46356
17.058981  46214
17.062172  46071
17.071780  45928
17.075350  45776
17.081108  45624
17.088564  45471
17.095480  45318
17.099465  45164
17.101038  45010
17.144030  44848
17.152987  44686
17.166101  44523
17.213775  64950
17.223298  61133
17.236517  44374
17.239528  64935
17.242579  61087
17.246535  44224
17.253083  32467
17.253083  32437
17.259720  61041
17.262132  60994
17.264504  60947
17.266157  60900
17.268869  60853
17.270502  60806
17.275466  60759
17.281089  32408
17.289863  60712
17.311160  32379
17.313752  60667
17.316923  60622
17.321767  60577
17.356308  60532
17.360393  60487
17.367410  60442
17.377427  32767
17.377427  32805
17.381392  60397
17.388329  30198
17.388329  30101
17.393453  44074
17.407625  32843
17.426042  32879
17.438521  32915
17.447295  32767
17.447295  32772
17.450861  43923
17.455705  32774
17.459051  32776
17.462022  21961
17.462022  21658
17.469805  21343
17.480012  21026
17.490099  30004
17.492631  32780
17.499108  29907
17.500841  32784
17.503293  32788
17.507658  20705
17.511168  32792
17.514594  32350
17.520217  20380
17.536107  32797
17.546309  32321
17.548302  32802
17.556772  29812
17.558345  32292
17.569451  32262
17.582931  32232
17.584644  32202
17.595311  32807
17.597963  32171
17.600575  29717
17.603207  32140
17.605579  32812
17.608091  29622
17.610603  29527
17.613175  32818
17.615407  29432
17.622508  29337
17.625379  29242
17.631996  29146
17.657843  20064
17.667359  19743
17.741534  32754
17.741534  32753
17.745559  32752
17.752915  32767
17.752915  32831
17.755507  32893
17.759776  32751
17.767032  32750
17.771836  32749
17.784356  32748
17.792966  32747
17.807379  32746
17.820758  32744
17.822571  19416
17.824783  32111
17.826456  32742
17.837083  32084
17.840538  19085
17.848453  18752
17.853304  18413
17.858188  29058
17.860680  32743
17.862253  32744
17.865284  32746
17.867796  18077
17.871326  28971
17.873219  28885
17.874852  32749
17.878063  17736
17.880655  28799
17.885060  28713
17.888770  17388
17.895579  32062
17.898151  17033
17.903155  16671
17.905707  32040
17.907360  16301
17.909672  32752
17.916458  32018
17.918790  28627
17.923594  15921
17.927799  28540
17.930151  31996
17.936009  31975
17.938541  28453
17.947235  15534
17.951180  15139
17.953871  31954
17.955784  31933
17.958875  14738
17.961467  14327
17.963779  31913
17.965432  13904
17.971015  31893
17.975400  13468
17.980384  13017
17.982836  12549
17.984509  12064
17.987340  11559
17.994676  11047
17.996329  28372
17.998022  28291
18.004688  10511
18.007659  9952
18.011045  9362
18.015250  8742
18.017542  8080
18.024818  7364
18.032054  6579
18.035959  5704
18.041191  32767
18.041191  32824
18.042844  4694
18.045675  3467
18.052636  32881
18.059113  32938
18.078968  2920
18.106315  32838
18.108707  32858
18.112692  32964
18.122365  33014
18.125831  33064
18.128203  32879
18.129776  33114
18.133526  33164
18.135399  32900
18.137671  32921
18.139344  31881
18.141696  32942
18.144028  28219
18.145721  32964
18.147414  32987
18.152438  31872
18.154710  28150
18.166887  15936
18.166887  15918
18.176919  28081
18.179311  28012
18.181104  27943
18.184275  27872
18.187366  27801
18.189838  27729
18.194902  27657
18.198967  15900
18.207626  27585
18.220006  15884
18.222318  27515
18.224670  27446
18.228935  27376
18.231467  33217
18.234099  33000
18.238983  33062
18.241635  33123
18.247912  33185
18.250504  33270
18.255867  33247
18.259912  27308
18.263897  27240
18.272950  27172
18.291846  16635
18.291846  16742
18.299976  27103
18.314907  13551
18.314907  13413
18.333743  16848
18.344305  33309
18.351888  16953
18.357171  33010
18.366679  17054
18.369011  33033
18.371343  16516
18.371343  16563
18.382984  16606
18.386869  16649
18.402719  13272
18.407323  16695
18.412386  13125
18.414179  16741
18.416391  16787
18.423886  16834
18.428850  15868
18.437699  16885
18.440051  15858
18.441704  16938
18.460241  12982
18.467397  15848
18.471766  15838
18.499012  15828
18.503457  15815
18.517917  16991
18.525553  15802
18.530357  15782
18.532649  12837
18.534242  17044
18.536754  12691
18.538647  12543
18.540300  12378
18.545284  17097
18.549329  12211
18.551801  12041
18.559117  11869
18.592747  32765
18.598590  32778
18.607339  32791
18.610805  32804
18.613976  32816
18.622486  32827
18.627030  32838
18.635145  32848
18.639849  32858
18.644573  32867
18.646945  32875
18.652843  32957
18.655155  33021
18.660998  33085
18.663270  32883
18.666281  33148
18.668953  32891
18.671485  32900
18.673957  33211
18.678302  33274
18.680914  32909
18.682667  33337
18.685359  32918
18.689771  33400
18.691444  33463
18.693936  32928
18.699040  33526
18.704398  32938
18.708523  32948
18.722955  32958
18.737247  32968
18.754914  32978
18.771308  32987
18.776711  15761
18.779183  32995
18.789634  15736
18.808678  11694
18.810511  33002
18.813083  33009
18.816558  33016
18.820164  11516
18.821897  11334
18.824549  33023
18.829213  11133
18.834057  10928
18.838302  15711
18.853450  15679
18.858793  33030
18.864097  15646
18.866769  10719
18.875777  10506
18.878089  15613
18.881635  15579
18.886479  10289
18.899492  15545
18.901944  15511
18.908341  15477
18.915817  15443
18.933360  10077
18.937345  9860
18.958993  33370
18.966036  16685
18.966036  16808
18.974471  16925
18.977163  17042
19.006444  17147
19.008037  17197
19.012561  17159
19.018199  17265
19.023163  17370
19.028246  17247
19.031257  17474
19.034288  17578
19.036640  17297
19.039711  17347
19.042183  15429
19.044016  17396
19.046588  9671
19.049000  17445
19.051632  17493
19.056760  15415
19.060470  9478
19.065953  15402
19.075688  9284
19.078100  9086
19.081111  8884
19.083803  8677
19.086375  8465
19.088567  8248
19.095204  15391
19.100927  8025
19.104133  7798
19.119872  15380
19.124423  7565
19.129347  7325
19.131020  7077
19.133292  17681
19.136383  17162
19.140728  17282
19.145622  17401
19.149667  17519
19.157339  17782
19.159232  17636
19.160865  6815
19.162458  6545
19.166443  6271
19.185679  17884
19.195787  5985
19.202604  5695
19.219409  17988
19.226466  17755
19.228878  18200
19.231570  17551
19.234122  18307
19.236075  17612
19.238767  8806
19.238767  8927
19.242792  9051
19.247636  9173
19.255971  5444
19.264985  9295
19.270348  5182
19.272680  9416
19.276725  9535
19.281329  15389
19.285534  9653
19.291821  9771
19.295870  15398
19.298342  9888
19.317638  4906
19.325313  15406
19.327725  15414
19.359756  15421
19.364261  15428
19.380267  10003
19.392911  15435
19.399308  15440
19.409910  4615
19.420098  10117
19.426495  4300
19.429726  3961
19.433971  3545
19.443579  10228
19.452353  3049
19.455065  2920
19.481099  33049
19.483671  33069
19.490448  33089
19.495432  33109
19.500057  33129
19.504701  33149
19.514853  33169
19.520017  33189
19.531958  33209
19.547651  33229
19.550143  33249
19.551816  33589
19.553549  33651
19.555961  33713
19.559711  33267
19.562243  33775
19.564455  33284
19.567067  33301
19.569539  33837
19.572011  16650
19.572011  16687
19.574483  33899
19.577135  16724
19.579707  33961
19.581959  34023
19.584271  17011
19.584271  17135
19.586144  16761
19.588496  17258
19.590209  16800
19.592701  16839
19.608247  16878
19.621521  16917
19.639620  16956
19.657379  16995
19.664196  17034
19.668800  17083
19.673684  17131
19.678648  17179
19.680840  17228
19.692501  17285
19.717056  17874
19.720227  17992
19.722879  18109
19.725211  18342
19.748179  18422
19.754716  18651
19.761413  18764
19.763266  18989
19.765798  19100
19.774001  7720
19.774001  7873
19.793012  19321
19.796203  18457
19.800827  18686
19.803459  18799
19.808423  19023
19.813275  19430
19.814948  19134
19.833501  3125
19.847734  19354
19.849307  19647
19.860508  10434
19.868518  5217
19.868518  5622
19.986884  19754
20.090328  17380
20.094494  17623
20.096706  17742
20.098359  17980
20.100571  17407
20.102564  18097
20.107008  18330
20.108581  18445
20.110314  18674
20.211199  19463
20.246612  19861
20.248565  20073
20.252710  20178
20.256855  20387
20.261240  8141
20.285756  20490
20.287329  20696
20.292453  19680
20.295564  19787
20.299090  20000
20.301382  20105
20.302955  20315
20.314217  3754
20.334926  20419
20.339850  20626
20.343855  20798
20.345588  21001
20.363334  5998
20.368038  2999
20.368038  3703
20.373002  2928
20.375654  4273
20.608860  18787
20.610633  19012
20.612765  8703
20.612765  8945
20.620201  9181
20.626139  19123
20.636802  19344
20.669236  19453
20.676947  19670
20.715651  21101
20.816861  21298
20.823458  21396
20.829816  21589
20.834480  4070
20.834480  4589
20.836353  21684
20.840898  21874
20.850388  5049
20.852620  5467
20.890510  21955
20.897854  22116
20.905250  20728
20.907303  20931
20.915153  21032
20.921797  21233
20.931725  2920
20.931725  3594
20.937009  4141
20.939121  21332
20.943906  21530
20.970793  21577
20.974718  21672
20.981015  22180
20.987533  22308
21.011023  2920
21.011023  2928
21.025456  4767
21.027369  5653
21.029781  6026
21.031434  6727
21.033986  7041
21.038311  7641
21.324348  19777
21.325941  19990
21.330666  20095
21.332419  4590
21.332419  5050
21.342015  5468
21.344207  5854
21.352964  20298
21.362054  20398
21.402471  20566
21.409827  20649
21.559260  65535
21.563685  22370
21.569504  22493
21.589914  22543
21.593580  22643
21.598264  2920
21.598264  3644
21.600916  22680
21.605201  22754
21.607893  4224
21.688452  22750
21.694550  22741
21.698605  21718
21.700937  21810
21.738472  21849
21.744470  21928
21.754698  2920
21.754698  3594
21.764307  4141
21.782685  21967
21.793188  22046
21.834130  22023
21.841067  21976
21.847964  21953
21.850117  22731
21.864455  7917
21.882987  8016
21.886893  22711
21.889285  2920
21.889285  2928
22.266698  20669
22.282464  20710
22.295538  6215
22.297351  20729
22.299264  20768
22.315985  6895
22.328145  7201
22.330198  7788
22.332690  8059
22.374107  20783
22.380206  20814
22.556004  22701
22.561503  22681
22.579781  22660
22.598115  22617
22.607024  22568
22.609217  20745
22.613802  22469
22.621438  22420
22.645949  2920
22.645949  3644
22.698443  22225
22.700935  22127
22.705739  21919
22.707932  21851
22.756527  21809
22.760812  21723
22.778184  2920
22.778184  3594
22.783268  4141
22.799594  21672
22.801247  21569
22.803699  4616
22.816686  5042
22.885729  8103
22.893365  21929
22.900401  2920
22.900401  2928
22.916072  2936
22.918624  7965
22.924107  2944
23.279464  8321
23.329561  8369
23.331174  8417
23.335299  8239
23.346900  8057
23.352383  20674
23.354216  20592
23.360498  20510
23.379853  20416
23.403398  20322
23.566488  21824
23.656243  4018
23.665732  4697
23.679804  4987
23.693238  5534
23.696289  5780
23.710343  6252
23.788718  2920
23.788718  3169
23.790291  3399
23.799480  3613
23.809467  21459
23.841193  21237
23.845398  21125
23.860070  21013
23.863261  20900
23.867486  20786
23.936068  3982
23.936068  3688
24.292500  7816
24.340771  7567
24.343403  3783
24.343403  3268
24.348527  2920
24.365211  20227
24.367903  20132
24.372028  20037
24.387747  10018
24.387747  9818
24.411488  9614
24.559257  21722
24.563801  21619
24.568825  21516
24.571816  21412
24.579292  21308
24.580945  32767
24.580945  32790
24.590924  21203
24.594929  21098
24.614824  32813
24.647350  32836
24.654153  32859
24.668985  6205
24.671956  6158
24.701102  5780
24.704768  5377
24.713022  4944
24.715973  4464
24.720737  3932
24.725521  3328
24.822087  20682
24.824499  32885
24.829063  20577
24.835620  32911
24.838272  32937
24.841063  32963
24.844968  20472
24.849952  10236
24.849952  10024
24.855375  9805
24.862651  32989
24.867995  33015
24.890658  33041
24.894943  33067
24.897335  2920
24.924382  3118
24.934185  2920
25.364457  9414
25.366130  9209
25.370914  9000
25.382614  8790
25.409090  8575
25.574248  20992
25.579651  20886
25.583596  10443
25.583596  10229
25.585189  9992
25.591526  9751
25.593459  16533
25.593459  16585
25.598987  9507
25.605289  9257
25.624411  16636
25.661030  16687
25.665954  16728
25.677075  2920
25.818735  9580
25.820608  16774
25.825851  9348
25.834768  16820
25.840179  16866
25.841792  16912
25.846077  9109
25.851648  4554
25.851648  4048
25.855513  3479
25.862849  16956
25.868392  17000
25.890140  17044
25.896621  17088
26.310665  8401
26.312877  8046
26.316068  7861
26.402090  9170
26.406794  9082
26.410499  8994
26.412991  8905
26.417875  8725
26.420507  17188
26.425371  8633
26.427284  8457
26.434908  7735
26.447048  17289
26.465606  17396
26.467758  17503
26.518325  3556
26.520158  17623
26.526041  3631
26.537651  17742
26.539304  17861
26.541756  17979
26.545486  3707
26.550240  3782
26.552133  3860
26.554505  18096
26.557436  18212
26.563614  18328
26.568957  18443
26.594683  3216
26.596416  3753
26.711047  3644
26.716066  4804
26.719332  5244
26.721744  6050
26.724895  8008
26.726608  8535
26.742581  3085
26.745153  8706
26.746746  9191
26.748978  9421
26.750771  9221
26.750771  9450
26.752344  3403
26.754576  8782
26.757228  9869
26.760019  2920
26.760019  3284
26.762651  10083
26.764704  9263
26.767216  9673
26.777839  10110
26.780451  10319
26.797132  3644
26.801118  4804
26.803290  5244
26.821602  4407
26.823735  10728
26.827840  5366
26.833124  10925
26.834777  11312
26.837189  11498
26.839082  5759
26.840835  11865
26.843527  12043
26.851238  12394
26.854588  12564
26.856301  3644
26.858673  4224
26.866204  4724
26.870968  5171
26.875719  5579
26.878411  5949
26.880623  4316
26.882396  5295
26.885407  5694
26.887000  6299
26.931066  3535
26.988234  6399
26.992359  7059
26.999282  7358
27.001055  7932
27.003407  9491
27.006498  9936
27.023183  10292
27.024756  6493
27.026469  10702
27.029864  10899
27.031457  11286
27.033989  3831
27.035562  10148
27.038353  10564
27.063761  5647
27.065934  6395
27.078649  12732
27.080322  6818
27.082275  7438
27.086360  13064
27.088233  13225
27.090605  13544
27.092338  13700
27.105137  14008
27.110341  14158
27.121582  6065
27.123235  6762
27.125707  6634
27.132205  7271
27.136829  7561
27.138522  8120
27.140774  8380
27.182069  4133
27.184162  5156
27.186654  5566
27.190799  6325
27.199457  6659
27.215424  11473
27.217297  11841
27.261589  8198
27.263202  8713
27.265674  8955
27.267247  9427
27.269519  6725
27.271632  10764
27.273445  7353
27.275557  11156
27.281914  11345
27.289889  7722
27.291762  12019
27.293495  12370
27.296127  8269
27.298759  12540
27.300332  11717
27.302464  11897
27.304437  12877
27.322103  14307
27.333026  7640
27.339624  8193
27.342196  8524
27.344788  8451
27.357237  9020
27.358830  9254
27.361022  7074
27.362995  14602
27.365667  14746
27.367720  15025
27.369912  15162
27.374457  15434
27.389309  15552
27.391322  15786
27.400905  7671
27.405429  7946
27.409454  8478
27.413579  8632
27.415931  9121
27.421275  9352
27.423947  9804
27.458469  6976
27.461580  7582
27.470497  7860
27.472809  8397
27.491706  13041
27.496538  13365
27.514970  4300
27.517222  5136
27.545352  9651
27.548822  10089
27.554001  10298
27.556293  8701
27.558026  10708
27.560418  10905
27.562830  9186
27.565801  12074
27.569666  12424
27.580468  13508
27.584573  13791
27.587764  9482
27.589577  12594
27.591929  9927
27.593582  12929
27.595734  13927
27.597447  14196
27.604563  15892
27.631264  9410
27.635350  10019
27.641228  9849
27.649918  10129
27.651531  16100
27.658048  16202
27.659621  10526
27.662253  16394
27.663846  16488
27.666138  16666
27.667991  16754
27.687747  16929
27.697695  17015
27.702160  8648
27.704113  8727
27.708558  9211
27.713682  9371
27.715495  9685
27.719440  10295
27.724044  10429
27.725937  10687
27.735306  10813
27.739371  11062
27.767995  9046
27.770427  9236
27.777503  9587
27.783121  9756
27.787945  10088
27.801112  14320
27.809282  14566
27.810935  14686
27.821042  13092
27.831824  5486
27.833697  6141
27.878487  10055
27.885643  11098
27.887776  11478
27.895252  11638
27.897245  10717
27.898978  11954
27.901230  10411
27.905315  10583
27.907008  13348
27.912671  13473
27.917276  14896
27.919628  10992
27.922180  13722
27.924752  11126
27.926385  14999
27.928438  13844
27.930431  15195
27.933063  15292
27.937168  14086
27.969774  10894
27.971906  11045
27.976072  11343
27.980896  17098
27.984702  17264
27.987214  11388
27.989566  11516
27.994011  11769
27.996483  17346
27.998236  17509
28.000748  17585
28.002621  17736
28.010481  17811
28.019610  17898
28.023200  17941
28.056811  9833
28.058404  10125
28.059977  10221
28.061730  10412
28.064282  11164
28.066814  11367
28.071658  11454
28.108213  11627
28.113037  11712
28.114930  11881
28.117242  12096
28.121108  10210
28.123281  10451
28.134582  10565
28.137154  10792
28.151906  10903
28.153799  11123
28.179659  15374
28.183884  15537
28.188209  6433
28.192014  6991
28.228140  12254
28.230093  12332
28.233244  12487
28.235277  17981
28.237709  12563
28.239302  11435
28.241774  11618
28.243407  12715
28.246518  14171
28.251242  14341
28.253954  15587
28.255607  15688
28.258059  11843
28.260331  11990
28.262164  14406
28.263877  14535
28.265470  15737
28.268022  15835
28.277350  14599
28.291427  14727
28.314624  11708
28.319149  11887
28.321781  11975
28.323614  12150
28.326166  18061
28.328478  18101
28.332664  12062
28.337069  12206
28.345459  12277
28.348825  12419
28.351317  18181
28.353889  18221
28.357874  18291
28.360406  18326
28.366664  18388
28.369795  18419
28.418487  10504
28.422659  11901
28.425750  11942
28.429939  10686
28.434244  10775
28.436077  10821
28.438729  10843
28.472942  11961
28.474795  11999
28.479579  11156
28.481772  12003
28.483905  11222
28.486277  12011
28.488989  12015
28.490842  15881
28.492455  11253
28.496660  11316
28.513804  11347
28.519981  11409
28.521554  11440
28.545890  15973
28.547483  16019
28.554020  7229
28.556452  7689
28.568122  7905
28.602450  18444
28.616683  12786
28.621108  12928
28.623260  12998
28.627705  13138
28.630077  13207
28.631790  13345
28.633543  12224
28.640600  12371
28.643791  14786
28.645464  14903
28.647796  16111
28.650088  16156
28.651861  12474
28.653694  16247
28.656246  12584
28.658838  14961
28.660751  15077
28.662923  16269
28.664676  16314
28.675818  15133
28.683489  15246
28.689756  15302
28.723989  12434
28.730326  12561
28.731999  18495
28.733812  18520
28.735485  12622
28.740869  12744
28.745533  12629
28.747646  12804
28.749299  12719
28.754004  18571
28.756176  12755
28.765607  18596
28.767640  12828
28.772444  18591
28.774217  18589
28.775810  18540
28.779200  18516
28.783385  18467
28.832165  12019
28.834338  10865
28.838363  10910
28.840216  12027
28.844061  10909
28.851292  10906
28.892992  12019
28.897024  12002
28.906293  11471
28.910558  11532
28.913569  11989
28.915722  11963
28.918154  11562
28.922219  11623
28.943767  11646
28.949545  11692
28.978410  16331
28.979983  16365
28.986980  8046
28.993897  8323
28.998581  18443
29.036003  13357
29.045297  13380
29.048308  10880
29.050241  13391
29.052094  13414
29.056678  12806
29.061063  13425
29.063136  13448
29.065408  13459
29.069493  12811
29.074457  15311
29.078922  15329
29.084046  16352
29.085899  16326
29.088331  2920
29.092256  16311
29.097679  16281
29.104875  15338
29.106888  15356
29.109080  12813
29.110733  12782
29.113405  16227
29.115438  12767
29.117271  16118
29.130446  15365
29.132339  11892
29.139536  15383
29.158549  11626
29.168218  12798
29.172084  18381
29.174716  12771
29.177328  12749
29.178941  18350
29.183246  12704
29.184939  12694
29.188405  18288
29.194662  18257
29.199641  12657
29.207017  12583
29.209589  12546
29.217904  8377
29.223922  18159
29.226334  18110
29.231278  18002
29.236082  17948
29.242799  17839
29.245870  17785
29.307345  10805
29.324968  11713
29.332164  11622
29.334316  10654
29.336209  10578
29.344599  10414
29.350462  10331
29.374397  15346
29.376969  11415
29.386118  11310
29.403287  11560
29.405080  11043
29.407732  11426
29.412756  10907
29.414409  11355
29.416442  11213
29.438510  12677
29.442775  11121
29.444408  10936
29.470575  16059
29.474860  15940
29.486101  8416
29.499208  8495
29.504312  8534
29.564646  13438
29.566419  13396
29.568991  13365
29.576347  13303
29.581570  13264
29.587133  13185
29.592017  12568
29.593610  12513
29.596202  15293
29.597955  15186
29.600667  15878
29.602320  15754
29.604752  3484
29.621616  15681
29.623649  15534
29.625841  15460
29.629886  15129
29.631739  15014
29.636643  12472
29.640808  12322
29.645660  15217
29.652337  15094
29.668430  14916
29.709052  14717
29.722226  17713
29.727984  17568
29.729677  14617
29.732209  12403
29.749193  12348
29.755890  12095
29.761154  11966
29.762747  12246
29.767312  12093
29.769944  17491
29.771697  17337
29.778834  12010
29.782839  11843
29.793941  17256
29.797806  17092
29.800518  16920
29.802291  16573
29.804443  16384
29.807929  16000
29.810381  15804
29.812254  10244
29.837194  13040
29.912646  10710
29.917191  10309
29.926479  10101
29.928492  9863
29.936048  9665
29.940273  9169
29.949322  8908
29.960943  10757
29.962776  10393
29.989203  9676
29.992274  9454
30.008021  8962
30.016870  10205
30.021615  8703
30.023368  9821
30.025780  11635
30.029266  9620
30.030879  8439
30.032912  9209
30.039629  8807
30.041502  7966
30.043155  15605
30.061453  14943
30.066492  14638
30.081503  8171
30.084135  8033
30.126425  8091
30.128318  12893
30.137807  14481
30.139700  12595
30.141912  12442
30.144624  12131
30.146736  11916
30.148509  11793
30.150382  11440
30.153837  11259
30.155610  11478
30.158242  14192
30.160674  11251
30.162347  14045
30.165059  14472
30.166772  14136
30.169004  2920
30.169004  3484
30.173848  7875
30.176280  13960
30.182897  13602
30.184590  13733
30.189414  13574
30.194318  11134
30.199042  10872
30.200995  10335
30.218808  13389
30.222414  12956
30.299558  7803
30.304003  13194
30.310720  12999
30.316838  15404
30.318951  14996
30.321123  10795
30.322716  10553
30.329753  10058
30.332025  9799
30.333758  10053
30.335711  9473
30.337823  14787
30.339936  14362
30.350518  9165
30.352571  8528
30.363812  14138
30.368057  13682
30.372562  13446
30.374355  12966
30.376787  12717
30.378720  12209
30.397977  12742
30.484795  7418
30.488006  6446
30.502520  7619
30.509556  6617
30.520438  6040
30.530592  12801
30.542073  4776
30.544465  3977
30.551161  9533
30.553274  7510
30.555187  6542
30.567824  5887
30.569977  4662
30.594274  3889
30.596187  2920
30.598659  11945
30.603598  6015
30.606789  4868
30.609061  4174
30.610834  11019
30.612747  2920
30.646732  12524
30.648645  12080
30.656081  7392
30.658194  6523
30.706589  2920
30.721536  10546
30.723668  10299
30.725821  9793
30.728253  8924
30.729826  9527
30.733057  8599
30.734770  12600
30.736523  12191
30.738735  8932
30.740488  11850
30.742081  11380
30.743874  2920
30.743874  3484
30.746546  8615
30.765664  11136
30.770449  11949
30.772102  10636
30.776646  11455
30.787868  8186
30.799017  7473
30.808166  7054
30.811852  6165
30.827658  10329
30.845872  9696
30.850836  11671
30.852629  9359
30.907703  6031
30.909596  4966
30.940435  11198
30.946633  10671
30.948945  10395
30.957335  11109
30.958908  10814
30.968684  8262
30.974862  7559
30.977194  7167
30.979367  5651
30.981100  6339
30.983492  4529
30.985864  10148
30.990149  9794
30.996267  3737
31.001032  2920
31.007893  8272
31.014230  8993
31.016922  8557
31.018955  7518
31.022430  6927
31.024143  5614
31.026715  4804
31.029407  2920
31.189928  4320
31.195427  10111
31.216579  5871
31.284388  9010
31.319072  8251
31.327322  7837
31.340537  2920
31.386852  7914
31.393090  4481
31.395802  3570
31.397455  7166
31.404032  2920
31.405785  6749
31.409970  9803
31.414934  5862
31.418999  9003
31.424023  5177
31.425776  3624
31.428268  8568
31.431854  6870
31.434566  3957
31.436739  2920
31.438412  4790
31.443016  5134
31.446702  6319
31.448914  5602
31.451526  5802
31.476902  4774
31.483778  3752
31.488143  7491
31.495879  6875
31.546600  2920
31.637029  5533
31.643986  4699
31.860590  3707
32.081860  2920
32.128336  5812
32.135153  5843
32.333727  5866
32.335840  5912
32.758239  5995
32.769968  6183
32.992167  6274
32.994320  6454
33.436095  6541
33.464676  6713
33.633732  6797
33.642243  6963
34.097934  7045
34.114758  7207
34.117370  7286
34.282187  7443
34.289044  7520
34.742727  7603
34.747112  7768
34.908928  7850
34.914112  8012
35.098687  8112
35.337981  8231
35.339614  8465
35.342286  8579
35.481169  8855
35.483681  8988
35.817350  9168
35.838259  9561
35.843030  9749
35.950162  10175
35.952854  10379
36.112868  10786
36.256062  10982
36.257775  11367
36.259927  11552
36.355937  11918
36.361301  12095
36.464902  3017
36.472258  3111
36.474391  2983
36.476623  3045
36.478716  3167
36.481148  3225
36.485194  12444
36.487306  12613
36.531594  3068
36.559103  2920
36.559103  3068
36.563128  3163
36.564941  3611
36.567073  3807
36.569046  3199
36.570939  3709
36.573471  4205
36.575044  3929
36.577416  4385
36.586106  4369
36.589951  4566
36.600800  12948
36.602593  13111
36.611103  3520
36.634505  3306
36.639984  3769
36.657904  3047
36.667314  3291
36.671439  3404
36.689831  3223
36.692024  13433
36.694656  13590
36.696649  3773
36.698941  4008
36.703206  4450
36.707331  4653
36.711636  5041
36.737106  3134
36.738939  3155
36.740632  3533
36.742744  3710
36.744657  4047
36.747349  4201
36.749342  4498
36.753028  3591
36.771155  4782
36.773327  3029
36.775779  3134
36.778650  3338
36.791545  4755
36.814349  3701
36.816122  3623
36.820894  4045
36.823386  3725
36.825579  3356
36.827472  4202
36.829305  3607
36.831877  3724
36.833970  3951
36.836522  13901
36.841466  4058
36.843459  14053
36.847585  3433
36.873273  3972
36.902259  4970
36.905310  5333
36.908361  5152
36.910054  5335
36.911787  5502
36.914139  5830
36.924541  5689
36.926294  5855
36.943183  14353
36.944936  14500
36.947288  4553
36.951893  4715
36.953806  3787
36.975632  4357
36.977305  4532
36.984482  4869
37.010196  3925
37.014760  4020
37.029723  4291
37.041705  14791
37.046237  14933
37.048230  5220
37.050822  5566
37.056440  5728
37.058033  6043
37.060525  6192
37.065893  6483
37.075929  6622
37.095581  4637
37.097554  4906
37.099666  5033
37.101239  5281
37.103691  5399
37.108056  5630
37.110308  5741
37.114094  4159
37.116246  4328
37.128343  5985
37.132608  3526
37.136553  6286
37.139065  3707
37.141477  3793
37.150546  3961
37.153018  6016
37.154631  4041
37.175677  4205
37.179742  4293
37.181395  4871
37.185587  5174
37.187220  5316
37.189412  4401
37.191225  4616
37.193757  4718
37.197603  15206
37.199795  4918
37.202487  15340
37.204480  15605
37.263356  6429
37.265349  6710
37.267881  6330
37.270193  6842
37.272186  6479
37.273939  7101
37.280336  7225
37.283582  6770
37.291612  6909
37.293265  7182
37.300801  15735
37.305126  15994
37.307678  5593
37.318569  5724
37.340419  5026
37.342372  5330
37.349069  5470
37.355027  5743
37.384161  4359
37.393190  4489
37.401740  5014
37.412323  5202
37.422311  16116
37.424424  16359
37.427096  4071
37.428689  6724
37.430442  6925
37.437059  7018
37.443277  7201
37.455432  7288
37.459737  5802
37.463203  5924
37.465435  5981
37.468646  6094
37.472951  6141
37.475044  6234
37.479289  4490
37.481362  4803
37.486206  4949
37.488019  7460
37.495196  7266
37.505179  7309
37.519837  7476
37.524202  4037
37.525815  4020
37.529046  5852
37.545571  4552
37.547484  4676
37.553202  5960
37.557087  5254
37.559719  6013
37.563445  4736
37.565378  5357
37.567610  16472
37.569463  16698
37.571935  5407
37.573968  5507
37.576260  16809
37.580405  17030
37.629878  7558
37.631771  7720
37.634483  7433
37.637195  7514
37.639088  7799
37.640921  7520
37.642774  7956
37.649731  7675
37.652283  7754
37.662426  7877
37.665078  7937
37.675881  17129
37.677914  17327
37.680086  6119
37.681939  6269
37.684431  6171
37.692901  5091
37.711794  5873
37.713627  6128
37.723576  3932
37.726148  6174
37.732066  6265
37.753711  4729
37.767525  4688
37.775875  4605
37.787850  5537
37.791915  5598
37.795840  5628
37.807496  17425
37.810862  17619
37.814093  7640
37.821509  7699
37.824835  7816
37.829340  7873
37.831812  7987
37.850804  6333
37.853236  6365
37.854949  5216
37.857281  8014
37.859074  6423
37.860667  6451
37.862899  5277
37.864592  6471
37.866265  6481
37.869036  6501
37.873628  8043
37.880066  8155
37.894027  3887
37.903017  3796
37.907382  6203
37.911847  8130
37.914279  3750
37.917525  3656
37.919737  8187
37.931813  4563
37.933646  6267
37.935958  4478
37.938430  6299
37.944888  5688
37.947160  17715
37.949133  5717
37.950846  5740
37.959955  5751
37.972470  17906
37.983152  18000
37.990743  18188
38.002604  18281
38.013447  8297
38.017992  7997
38.019945  8117
38.022057  8351
38.023770  8416
38.027715  8448
38.032200  8512
38.034892  8176
38.037025  8293
38.047894  8347
38.051980  8454
38.061989  18455
38.067193  18541
38.069246  8507
38.071319  6336
38.073631  6354
38.077736  6390
38.080248  5324
38.097108  6310
38.099221  6399
38.106238  6443
38.112816  3608
38.114969  3510
38.122245  3460
38.123918  6505
38.132048  6535
38.142451  4419
38.151121  4299
38.168260  4238
38.177064  5753
38.180195  5758
38.188565  4113
38.206392  18713
38.208624  18798
38.210197  8178
38.212170  8225
38.224031  8248
38.225764  8294
38.232221  8309
38.236346  8340
38.243637  6470
38.246828  5361
38.251253  6408
38.255798  5379
38.262476  8555
38.270452  6374
38.272505  8341
38.274518  6306
38.281835  8344
38.284327  6272
38.285980  6202
38.290744  6388
38.292617  6153
38.296343  6055
38.309557  3214
38.312249  3082
38.318007  8534
38.319660  2920
38.324864  8579
38.335786  6383
38.343010  6381
38.345083  4001
38.347216  3771
38.351461  5756
38.357966  5751
38.360298  5749
38.366695  5744
38.388599  18960
38.391091  19040
38.403766  19199
38.410543  19278
38.424512  8601
38.428158  8646
38.435582  8575
38.439827  8668
38.441980  8616
38.450850  8636
38.452823  8676
38.460339  8712
38.462771  8688
38.468989  8640
38.486925  19420
38.490970  19490
38.492963  5397
38.494636  6324
38.496948  5434
38.499400  6295
38.505278  6173
38.510143  6111
38.528223  6563
38.530156  6618
38.557996  6613
38.559829  6603
38.581933  3630
38.583546  3337
38.588191  3178
38.592116  5718
38.612043  5535
38.619419  2920
38.623584  5441
38.632454  5249
38.646008  19608
38.649099  19667
38.650852  8345
38.654458  8348
38.661315  8349
38.663288  8352
38.679135  8353
38.680728  8356
38.691510  5394
38.693363  5314
38.695795  5958
38.699601  8645
38.705959  8583
38.713815  5760
38.716347  5631
38.720572  5367
38.724717  8275
38.728902  5216
38.730535  8112
38.732168  8029
38.739305  4905
38.741737  4678
38.743830  4201
38.769858  8609
38.773284  8546
38.780201  6578
38.781834  6048
38.783687  5921
38.801427  5140
38.803340  4917
38.805952  3936
38.816615  4728
38.818428  4335
38.839633  19784
38.847069  19842
38.855200  19943
38.867021  19993
38.868934  8503
38.870527  8416
38.877464  8552
38.883283  8489
38.890640  8446
38.895105  8359
38.903942  5273
38.905695  8346
38.909660  8203
38.919069  8285
38.920662  8111
38.922615  7924
38.926400  8135
38.928013  20076
38.931144  20117
38.935189  5797
38.939694  4949
38.942166  5543
38.946631  4777
38.950876  5398
38.952669  5100
38.955361  4943
38.971782  6341
38.979692  6218
38.986849  5967
39.014470  5820
39.016043  5517
39.069687  4121
39.073513  3670
39.084056  3357
39.097510  2920
39.113277  20197
39.115409  20236
39.116982  7945
39.119055  20315
39.123400  7775
39.128564  7674
39.132929  7468
39.141159  7360
39.145684  7141
39.150948  4553
39.153120  4082
39.159757  8059
39.164402  4736
39.166075  7904
39.168467  7825
39.173172  3653
39.177537  3042
39.186187  2920
39.200715  6990
39.204801  6681
39.241833  7829
39.245599  7636
39.250683  4304
39.255288  4067
39.262006  7537
39.309521  20354
39.311714  20433
39.325008  20472
39.326641  20550
39.337363  7319
39.341808  7207
39.343941  7658
39.348545  7573
39.360269  7379
39.362142  7280
39.370932  6948
39.380648  6814
39.393424  6492
39.397459  7025
39.400230  20573
39.402383  6893
39.404096  20619
39.406588  6520
39.408581  6323
39.414639  3819
39.416252  3523
39.418384  3257
39.421910  3209
39.424582  2928
39.429167  2920
39.447899  5336
39.451625  4962
39.456589  4761
39.458722  4342
39.489794  4059
39.496550  3453
39.598877  20640
39.606213  20683
39.608705  20704
39.612810  20747
39.615002  6355
39.616735  6015
39.626303  5809
39.628915  5382
39.636291  2920
39.638104  5140
39.646711  4632
39.659066  6745
39.664225  6442
39.691996  4305
39.696281  3601
39.698393  3180
39.729101  6150
39.735438  5794
39.803025  20767
39.804738  20806
39.816039  20818
39.819405  20842
39.829927  5605
39.831620  5214
39.834072  6273
39.844335  5926
39.846467  5727
39.852225  5314
39.854797  4976
39.863927  4477
39.878774  4153
39.880447  3454
39.882619  5049
39.884192  4491
39.886624  20855
39.892822  20882
39.935745  3024
39.937918  2920
40.088162  4178
40.094740  20895
40.096853  20922
40.099145  2920
40.103071  3029
40.104664  20935
40.106377  20962
40.108849  20975
40.152038  3504
40.158983  3102
40.174791  2920
40.237094  2920
40.310677  20988
40.326622  21015
40.332440  21025
40.341610  21045
40.408889  21052
40.410462  21067
40.641164  21066
40.645729  21062
40.651647  21053
40.845342  21047
40.858278  21015
40.863442  20999
40.871093  20970
40.915701  20955
40.945521  20925
41.165029  20914
41.171446  20903
41.177883  20892
41.182615  20881
41.391242  20870
41.393434  20859
41.400531  20848
41.405395  20837
41.407847  20826
41.486995  20814
41.716418  20798
41.728168  20781
41.731734  10390
41.731734  10347
41.734086  10292
41.931754  10250
41.935479  10208
41.937332  10169
41.948648  10130
41.952813  10091
42.025852  10052
42.255194  10010
42.261811  9975
42.266056  4987
42.266056  4917
42.269262  4846
42.443360  4810
42.445652  4797
42.447485  4771
42.456062  4764
42.460993  4749
42.508271  4807
42.695744  5147
42.699969  5310
42.716162  2946
42.751380  2942
42.753792  2985
42.756204  3006
42.831428  5883
42.837206  6156
42.838919  6679
42.855978  3163
42.857811  3275
42.859424  2988
42.862016  3040
42.868213  3157
42.877742  3317
42.881097  3458
42.882890  3187
42.890046  2994
42.894191  3072
42.901074  3570
42.906145  3752
42.932261  4100
42.941510  2948
42.943103  4259
42.943902  4440
42.954309  2995
42.957021  3105
42.959153  3192
42.965850  2932
42.968062  2938
42.970255  2926
42.972128  2950
42.974760  2962
42.976513  3009
42.979868  3009
42.982220  3044
42.984532  3114
42.987918  3076
42.989491  3372
42.992562  3376
43.007324  3014
43.015874  3527
43.020119  3824
43.027136  3173
43.035227  3521
43.039312  6982
43.043977  7562
43.053066  3252
43.059903  3017
43.061516  3546
43.064108  3111
43.065821  4046
43.067634  3361
43.071244  3542
43.075908  4265
43.082665  3499
43.084378  3639
43.097417  3691
43.099350  4128
43.106007  3885
43.107620  4041
43.112484  3432
43.116849  3987
43.119333  4300
43.121645  4453
43.123638  4749
43.135822  3578
43.139768  4909
43.143913  5219
43.154895  5364
43.160653  5647
43.165357  3959
43.175525  7829
43.177498  8346
43.185154  8588
43.187846  3908
43.190198  9059
43.191931  4033
43.200221  4681
43.207038  4870
43.209223  3678
43.211356  3428
43.213089  3979
43.215481  3876
43.220285  4074
43.222438  4451
43.236412  4323
43.240517  4696
43.243029  2920
43.243029  3121
43.251239  4650
43.272943  5118
43.275595  5330
43.286838  5738
43.293395  4360
43.295587  4511
43.301665  3182
43.305511  3447
43.308143  3149
43.309716  3408
43.315279  3527
43.316992  3569
43.318945  3758
43.321097  3805
43.323110  3866
43.325722  3916
43.330027  5781
43.331940  6044
43.333533  4131
43.336025  4461
43.352985  6169
43.355018  6415
43.363248  4198
43.365041  4613
43.374610  4802
43.376463  9292
43.378396  9747
43.393710  3330
43.395383  5234
43.404172  2920
43.404172  3017
43.406404  5403
43.408097  4191
43.409970  3111
43.414534  5731
43.422688  3123
43.424261  4871
43.426873  4481
43.428806  4803
43.431997  4940
43.434110  4623
43.436063  3214
43.439949  4616
43.449019  3390
43.455476  5208
43.459601  5366
43.461234  4879
43.463786  5003
43.465599  5672
43.477280  6531
43.481345  6758
43.485950  6868
43.490695  7084
43.499725  7189
43.503970  7396
43.515392  7444
43.517005  7539
43.524401  4613
43.530579  4908
43.538434  9963
43.540467  10387
43.545711  4023
43.550196  5207
43.551849  10590
43.554381  5333
43.556054  10989
43.560439  5580
43.565083  11181
43.566736  5885
43.572694  5165
43.577359  5333
43.579532  6186
43.582044  4955
43.588741  5110
43.594879  5410
43.597071  5552
43.609947  5817
43.611920  6099
43.614312  3526
43.618137  3711
43.640561  5927
43.642534  6294
43.646779  6466
43.655069  6802
43.657521  5698
43.661027  5929
43.668910  4233
43.671182  5121
43.676007  6961
43.677780  3971
43.679773  4332
43.681446  4176
43.686210  4273
43.687863  4464
43.696680  4519
43.699112  4608
43.701185  7586
43.703058  5019
43.707024  7679
43.709416  7725
43.711449  5236
43.720842  7816
43.723194  7861
43.728138  5660
43.734265  5814
43.740403  11559
43.748573  11741
43.755869  6329
43.770378  6609
43.772710  3473
43.774443  3636
43.776975  4063
43.779267  6735
43.781440  3714
43.783473  6984
43.785805  3847
43.788437  3907
43.790230  5352
43.792902  5462
43.797267  6011
43.799679  6174
43.822989  6233
43.825182  6497
43.827694  5592
43.830006  6591
43.832039  5655
43.834152  6777
43.853585  7951
43.860681  7995
43.862554  8041
43.866266  8064
43.874517  8110
43.876789  8132
43.885738  8165
43.889783  8181
43.898014  4543
43.903418  4597
43.905391  5340
43.907384  5544
43.909516  5642
43.911549  12042
43.916393  12189
43.922931  6206
43.924664  12477
43.927236  6271
43.929448  12617
43.933633  6300
43.937119  6359
43.945169  5964
43.947621  7060
43.950213  6256
43.952385  7210
43.954418  5681
43.956630  7283
43.958263  5934
43.976869  6014
43.980835  6173
43.985520  6846
43.987373  6250
43.989486  4224
43.993591  6982
44.034993  7110
44.039577  6374
44.041190  7402
44.043422  7490
44.045135  6405
44.047567  7664
44.050099  5690
44.051932  4575
44.054624  4564
44.059389  4473
44.063654  4438
44.068438  4366
44.075015  4330
44.076648  4257
44.078820  4449
44.083045  4390
44.087650  8214
44.092614  8230
44.094387  5726
44.096999  5767
44.104950  8262
44.107502  6309
44.112167  6415
44.114859  8278
44.120917  12895
44.122550  13031
44.149153  7429
44.151805  7500
44.156549  4343
44.158462  7624
44.161253  3885
44.163725  7685
44.165898  5761
44.168350  5796
44.170323  5866
44.172775  3849
44.174728  6378
44.176880  3776
44.178613  6412
44.180406  6427
44.192760  3739
44.198858  7049
44.201450  7181
44.205835  5891
44.207968  7246
44.210081  7375
44.212673  5942
44.231825  8310
44.243734  8326
44.247640  8318
44.254764  8314
44.256617  7747
44.260782  8306
44.264687  8302
44.268093  8294
44.270745  8290
44.281068  4254
44.286072  4184
44.288245  5802
44.290637  13287
44.295142  5819
44.301719  13412
44.303752  13660
44.306124  6432
44.307697  6442
44.309909  13782
44.315647  6459
44.317260  6547
44.319592  6435
44.321385  6420
44.325430  6413
44.333480  6564
44.335613  7789
44.338225  6599
44.340617  6440
44.342230  7840
44.347035  6564
44.362242  6610
44.363975  6702
44.368640  7418
44.373185  7505
44.377909  7548
44.406091  5947
44.411909  7907
44.414581  7985
44.416454  8140
44.424584  8216
44.426437  8367
44.428749  4041
44.430422  3967
44.436819  4191
44.439131  4056
44.443975  3982
44.447801  3831
44.454645  3753
44.458411  3593
44.460663  3817
44.465367  3739
44.467240  8274
44.469792  8266
44.476210  5808
44.481454  5803
44.487772  8250
44.494883  8242
44.500047  8226
44.504492  14003
44.508617  14112
44.512802  14328
44.537281  7914
44.541226  3659
44.543239  4400
44.545771  4514
44.548283  7950
44.550396  4569
44.557080  8023
44.562264  8059
44.564117  5958
44.566449  5963
44.568482  5974
44.570714  6747
44.572387  5979
44.574320  6837
44.603466  7590
44.608131  7675
44.609704  7717
44.611996  5990
44.616987  7800
44.619279  5995
44.632948  8218
44.634541  8202
44.644290  8194
44.657346  8178
44.661131  8164
44.663024  8135
44.672131  8092
44.674743  8005
44.684871  3659
44.686704  3496
44.689396  5780
44.691289  5733
44.698286  14434
44.701812  14645
44.708649  14749
44.710442  14956
44.721444  6597
44.727602  6592
44.738684  8099
44.740717  6590
44.745901  8118
44.747954  6585
44.753217  6872
44.755410  6941
44.770337  6975
44.771930  7043
44.776575  7077
44.778168  7839
44.782193  7917
44.803706  3562
44.818893  8441
44.823358  8588
44.826070  8660
44.827903  6271
44.830335  8803
44.832727  8861
44.834920  3411
44.836753  8976
44.839385  3236
44.843300  6199
44.848978  3509
44.853183  3337
44.858187  3247
44.862772  3061
44.867097  2945
44.868870  3117
44.870563  2920
44.877600  2920
44.879892  7961
44.881645  7872
44.885730  5710
44.890894  5663
44.895439  5639
44.900897  7819
44.902810  7711
44.911460  6583
44.913553  7650
44.915366  15053
44.917199  6578
44.919571  7527
44.926668  15247
44.928960  15325
44.933126  15481
44.959355  8129
44.960988  4583
44.964174  4612
44.967245  8152
44.974150  8163
44.975843  3453
44.977616  3227
44.979609  8144
44.989964  5933
44.992097  8135
44.993950  5808
45.001446  5744
45.003399  7907
45.005072  5615
45.008957  3073
45.015854  6052
45.018046  5977
45.034127  7887
45.036739  5543
45.038472  5397
45.040884  5322
45.042937  7877
45.044770  7832
45.051467  7810
45.059657  7447
45.070420  7284
45.083155  7199
45.084808  7026
45.090466  6937
45.095645  6757
45.101423  6635
45.103036  5612
45.107241  6386
45.111566  5442
45.118203  5355
45.122548  15558
45.127092  15711
45.133114  15783
45.135147  15926
45.137599  5825
45.144237  5747
45.148102  5559
45.150474  6520
45.152407  5462
45.154420  6402
45.163190  8096
45.169487  8077
45.171160  6342
45.175765  6221
45.179850  7057
45.181803  6159
45.183916  7017
45.186188  4609
45.200876  6995
45.204801  7691
45.206454  6950
45.208786  7631
45.215423  7509
45.231783  2920
45.252281  5164
45.254454  8982
45.256527  5159
45.258779  4999
45.260612  8995
45.263144  9001
45.264997  9014
45.267389  9020
45.273907  9033
45.276419  9039
45.318159  6254
45.321625  5984
45.329980  5241
45.334205  5007
45.340942  5840
45.342895  5545
45.349792  5969
45.352464  5871
45.354357  5390
45.360915  15992
45.362648  5070
45.365060  16124
45.371677  16185
45.383206  16307
45.385398  8020
45.404610  4584
45.406323  7904
45.408995  7845
45.410728  4533
45.413180  4508
45.414853  6893
45.419298  7718
45.421590  7654
45.426629  4837
45.429281  4663
45.436257  6763
45.438130  6697
45.440302  4301
45.445646  4105
45.451964  4668
45.456549  4491
45.458462  4122
45.469284  7447
45.475222  7322
45.477694  3636
45.480046  3371
45.481699  7259
45.484051  7131
45.512368  4874
45.514141  4465
45.515714  4242
45.528069  3772
45.531180  3508
45.542443  4847
45.544276  2940
45.546628  2920
45.564048  4517
45.569986  16367
45.571739  4340
45.582589  16486
45.589514  16545
45.593859  16645
45.596850  3921
45.603108  3499
45.605640  3238
45.607773  16694
45.609946  5746
45.611879  2920
45.617602  5490
45.622047  7560
45.623920  7368
45.635381  5356
45.636994  6540
45.638707  6460
45.641838  5081
45.652200  7066
45.658318  6934
45.660750  6257
45.671472  6153
45.678269  6839
45.679982  6646
45.701945  3081
45.707903  9003
45.713981  8931
45.715914  8895
45.718606  8822
45.727695  8785
45.730267  8711
45.780448  4077
45.790991  3459
45.795495  3095
45.799500  2920
45.810802  4906
45.816920  4544
45.824416  16740
45.831014  7270
45.834380  16832
45.843668  4375
45.847933  16875
45.875123  7066
45.877595  6961
45.879348  3946
45.881900  3708
45.888398  6660
45.891613  6503
45.895359  6181
45.897831  16961
45.902635  2920
45.912104  6047
45.914336  5830
45.915929  5718
45.945212  6542
45.947085  6330
45.951969  8645
45.957708  6193
45.970703  5912
46.031347  4264
46.056309  16991
46.058641  17052
46.068549  17082
46.072635  17143
46.088081  3432
46.091447  3635
46.096910  6004
46.098843  3266
46.104829  5601
46.109753  5385
46.118602  2920
46.127851  5559
46.133130  5724
46.135023  5335
46.141807  5231
46.150317  5054
46.157133  4687
46.166202  5106
46.176745  4626
46.206106  8572
46.210631  8424
46.215555  8343
46.221434  8180
46.225379  8057
46.229784  7807
46.234708  7678
46.314138  17169
46.339808  17207
46.342020  17226
46.375121  4418
46.384744  5158
46.386477  4683
46.388749  3051
46.393174  2920
46.395846  4401
46.397879  17261
46.400511  3800
46.405582  3427
46.407235  2920
46.411620  17278
46.421783  3744
46.424315  3347
46.446880  4351
46.450506  3765
46.461768  3427
46.477994  2920
46.569654  17277
46.576878  17276
46.588189  17275
46.634289  2920
46.676153  7510
46.739398  7159
46.741291  6975
46.754265  6597
46.755958  6397
46.764787  5839
46.769212  5533
46.864440  17274
46.912421  17266
46.914374  17249
46.949777  4944
47.093411  17240
47.097836  17229
47.103893  17218
47.105566  17207
47.110350  17196
47.262094  4614
47.266539  3907
47.280766  3490
47.290794  2920
47.377415  17187
47.399591  17178
47.434961  17169
47.437553  17160
47.609730  17151
47.612881  17142
47.617645  8571
47.617645  8549
47.620197  8527
47.628427  8483
47.882415  8476
47.896108  8485
47.930027  8491
47.935850  8502
48.090381  8530
48.092094  8589
48.336408  8677
48.363671  8885
48.370668  8986
48.491652  9269
48.497817  9406
48.584114  2936
48.591445  2968
48.611297  2943
48.613410  2943
48.615982  2954
48.637207  3200
48.650182  2984
48.652354  2920
48.652354  2990
48.666235  3058
48.674795  2989
48.697653  3205
48.700145  3644
48.714732  3118
48.716305  9605
48.718078  3490
48.719731  3069
48.724263  9994
48.726835  3353
48.729347  3665
48.733452  3999
48.736164  4152
48.744395  3863
48.746048  4277
48.748260  3496
48.749893  4038
48.753268  4464
48.755780  4822
48.760305  4988
48.766543  3274
48.768955  3174
48.774066  3418
48.776219  3695
48.778611  3823
48.787402  3423
48.798964  3425
48.816803  3173
48.819015  3289
48.820648  3524
48.822301  3633
48.824893  3589
48.829198  10200
48.831231  10604
48.838148  3568
48.840021  3972
48.844705  4162
48.848651  4524
48.850823  4185
48.853235  4350
48.855288  4668
48.857540  4816
48.859393  5103
48.862085  5238
48.867069  2953
48.871494  3102
48.888353  3300
48.891584  3574
48.893377  5443
48.895729  5651
48.897562  4081
48.900154  3729
48.905872  3215
48.908524  3493
48.912989  6076
48.918133  3325
48.921479  6273
48.923472  3741
48.925704  4376
48.934535  5586
48.937047  5749
48.958641  5008
48.967418  5284
48.971903  3114
48.973776  3479
48.978361  4016
48.994207  3647
48.996320  3968
48.998792  3283
49.016565  10803
49.019616  6671
49.022248  6858
49.024860  11194
49.036022  4731
49.037975  4439
49.039948  4977
49.042100  11382
49.044233  5170
49.046845  11753
49.051470  5220
49.056055  5371
49.057888  5683
49.064665  7226
49.067137  7401
49.069290  5813
49.071502  6053
49.073295  7742
49.075667  7905
49.082364  6096
49.084676  6259
49.090040  4327
49.091673  6583
49.094245  6737
49.102783  4075
49.114169  4257
49.122452  4713
49.142044  3802
49.143837  4126
49.148542  4275
49.150695  4563
49.155599  11932
49.157792  4698
49.161858  5758
49.164030  12286
49.173899  5938
49.175852  6288
49.178104  7038
49.179757  7182
49.182289  7464
49.184521  6453
49.186314  7599
49.188207  6775
49.191722  7866
49.193395  7995
49.200598  3926
49.206896  4278
49.209028  4115
49.227849  4792
49.231814  8225
49.234506  5002
49.236579  8378
49.238372  5404
49.242137  3749
49.252440  4227
49.259537  4439
49.261190  8680
49.263862  8825
49.269900  8198
49.272092  4439
49.276976  8297
49.278989  5895
49.281182  8492
49.298601  6284
49.303920  6729
49.311571  4399
49.315856  4532
49.317669  4790
49.322413  4919
49.324066  5314
49.336166  4912
49.337859  2920
49.337859  3221
49.339532  5150
49.365833  9111
49.374943  4829
49.376956  9249
49.378629  12458
49.385946  12797
49.391744  6305
49.394236  6496
49.395869  6928
49.397722  7228
49.400134  12962
49.402087  13288
49.409204  6868
49.411316  7044
49.413069  7387
49.415681  9449
49.422305  6936
49.424178  7339
49.428962  9547
49.430735  9714
49.436673  8587
49.438406  8776
49.440898  9796
49.447136  4391
49.449848  8858
49.456979  9022
49.459331  4842
49.470873  5496
49.473026  5849
49.491164  5084
49.495409  5205
49.499894  5421
49.504658  5524
49.506531  7362
49.510277  7626
49.512809  13441
49.517074  13743
49.523071  7740
49.525224  7965
49.527416  9096
49.529509  9244
49.534014  9291
49.536067  8036
49.538080  9385
49.540652  8177
49.543344  9431
49.545457  9524
49.552354  4547
49.557019  4757
49.570112  5590
49.571965  5950
49.578562  9959
49.580994  10039
49.583047  6119
49.584980  6349
49.594529  6459
49.598055  5027
49.602120  5383
49.608417  5549
49.611029  10198
49.613721  10276
49.615394  10431
49.617087  4842
49.619599  9570
49.621772  9661
49.623904  7529
49.631755  9704
49.643361  9791
49.655661  4685
49.657394  5236
49.661859  7818
49.664031  7957
49.670948  8230
49.677146  5225
49.679039  5374
49.681511  5443
49.683104  6015
49.684917  6338
49.688862  5580
49.699909  3257
49.702082  5640
49.703775  3562
49.706167  3808
49.708639  5759
49.725559  5565
49.729025  10507
49.742200  10659
49.745486  13867
49.750190  7498
49.752043  7717
49.754495  8246
49.756148  8384
49.761472  7804
49.765857  14114
49.768029  7977
49.770581  8061
49.772734  10734
49.774667  8229
49.777239  14235
49.780925  14475
49.783257  10883
49.785949  8339
49.787782  14593
49.789835  8555
49.794755  10952
49.799020  9834
49.800613  9919
49.805657  11089
49.819086  9961
49.820859  5667
49.822752  10045
49.825264  5899
49.837419  4889
49.839132  6416
49.850733  6570
49.860062  5647
49.862414  5687
49.868872  5755
49.871584  5788
49.877802  8448
49.882387  14828
49.884639  8575
49.888724  14943
49.895122  8637
49.897295  8761
49.899427  10087
49.901360  10170
49.903772  8803
49.905945  8886
49.916074  8927
49.917647  4983
49.926815  10194
49.928908  10243
49.931340  10264
49.936999  10306
49.940904  6568
49.942857  6782
49.952053  11145
49.956218  11257
49.958730  6873
49.960723  7053
49.978962  5985
49.983207  6154
49.992037  11312
49.994090  10314
49.996223  11422
50.000788  11466
50.002921  10330
50.014362  11555
50.016474  10334
50.020560  10343
50.022872  10347
50.031482  5482
50.037380  5723
50.040052  8660
50.041685  5838
50.043618  8868
50.059591  8959
50.061444  5747
50.063137  9139
50.065569  6634
50.067162  6762
50.068795  5723
50.070388  6825
50.078283  5711
50.084521  4038
50.087927  5687
50.089520  5764
50.094344  4473
50.097435  5716
50.099567  5675
50.110470  5650
50.119399  5638
50.129822  11586
50.134287  11649
50.141364  8309
50.143017  8468
50.145349  8957
50.147202  9016
50.155692  15047
50.157505  15253
50.159777  8546
50.161870  8700
50.164022  8766
50.165695  15350
50.167268  11670
50.168961  8898
50.171273  15544
50.173525  11713
50.175258  9222
50.177810  9387
50.185820  7131
50.187573  10356
50.190245  11730
50.192338  11765
50.194470  10360
50.198595  6236
50.201901  5007
50.203494  10369
50.205946  5056
50.209811  6311
50.212243  6348
50.214715  10373
50.227391  5053
50.237035  6894
50.248204  6928
50.252948  5692
50.258626  5643
50.269608  5615
50.271241  15639
50.273254  15829
50.275886  5559
50.278038  9045
50.286136  9104
50.288348  9133
50.290041  10379
50.292313  9191
50.294525  4612
50.296178  9173
50.297991  9137
50.300683  10382
50.304249  5046
50.324840  10363
50.327492  10354
50.329585  10335
50.331817  7178
50.333630  10326
50.336262  7201
50.338175  7247
50.348318  7258
50.352363  11782
50.353936  7281
50.357562  11817
50.384311  6343
50.390709  6341
50.394594  11834
50.396607  11869
50.398859  10284
50.401471  6336
50.405716  10263
50.422386  11885
50.424998  11917
50.427690  10204
50.429942  10175
50.431815  11933
50.442499  5951
50.446904  9438
50.451209  6173
50.453761  9540
50.464603  9579
50.466296  9656
50.468728  6280
50.470421  6945
50.472474  6979
50.477258  5566
50.478971  5483
50.480924  5420
50.492445  5319
50.494618  5112
50.499762  15906
50.504467  4663
50.508113  4764
50.510605  5278
50.512777  5172
50.522047  5001
50.523900  4774
50.528665  9117
50.544566  11935
50.546139  11936
50.558179  8905
50.563998  8919
50.566390  9077
50.570675  16059
50.575419  8926
50.577512  16135
50.579185  9057
50.581378  8940
50.583610  16280
50.585523  16351
50.587855  16494
50.589448  11934
50.591501  11933
50.594292  9694
50.601349  9770
50.603881  10116
50.606553  10086
50.608226  11904
50.615203  10016
50.617835  11890
50.619608  9808
50.623873  9981
50.630151  8947
50.632284  6312
50.636669  8961
50.643146  4955
50.645059  6960
50.648685  6264
50.650837  6351
50.652530  6921
50.654423  8968
50.660166  4769
50.669296  4893
50.671428  4746
50.685796  16547
50.687709  16653
50.693946  4398
50.701802  4210
50.703875  9017
50.707780  9873
50.710232  8997
50.712065  9819
50.714178  8874
50.716690  8812
50.718483  8668
50.720835  4665
50.726613  8595
50.734904  4452
50.742914  4603
50.745166  9692
50.747019  9628
50.750230  9499
50.752023  9434
50.753776  7263
50.756228  7227
50.758720  7209
50.760633  7172
50.774208  7154
50.777694  11855
50.780046  7117
50.782378  11838
50.806016  6240
50.807729  6192
50.814386  11787
50.816159  11762
50.818751  9284
50.826247  9208
50.828280  6124
50.830213  5986
50.841076  11711
50.845088  11686
50.852205  9043
50.855860  8959
50.864370  6887
50.869474  6386
50.872126  9822
50.876072  6456
50.878404  9850
50.884781  9864
50.886654  6739
50.891119  6664
50.895284  9892
50.897976  4248
50.900108  4056
50.903594  6511
50.917727  4747
50.919640  3592
50.921872  4712
50.928169  4669
50.930821  4001
50.932954  3330
50.936600  4583
50.939132  3561
50.946089  3314
50.948262  2920
50.974119  11632
50.976691  11605
50.989006  8521
50.992732  8931
50.994685  16704
50.996258  8372
50.998111  8296
51.000543  16807
51.002955  8856
51.007440  8807
51.009772  8709
51.016516  16858
51.018489  16960
51.025046  17010
51.026759  17111
51.029111  11550
51.033216  11523
51.035009  9881
51.039274  9859
51.041526  8790
51.044118  11468
51.046810  8704
51.050496  11441
51.055041  8530
51.057593  8441
51.063192  8261
51.067476  8648
51.071701  8525
51.082943  5857
51.085136  5592
51.089461  6429
51.091154  6374
51.093786  6420
51.095599  6235
51.099364  4341
51.105941  4112
51.107674  2920
51.123828  17152
51.127794  17234
51.154531  8127
51.156963  8041
51.158936  8159
51.160709  7952
51.163301  7866
51.165833  7777
51.170018  3862
51.171631  7592
51.173484  7497
51.191814  3329
51.194466  7819
51.196659  3020
51.201104  7547
51.207649  7404
51.209482  7112
51.211794  7021
51.213747  6826
51.216858  6726
51.222916  6522
51.229613  11349
51.232305  11303
51.234358  6417
51.236171  6203
51.240756  6093
51.255104  5453
51.261601  5168
51.267579  11193
51.272603  11138
51.274436  6937
51.276269  6577
51.278981  9847
51.285219  5002
51.286872  4658
51.293729  11026
51.296281  10970
51.306604  6387
51.308797  8463
51.319339  5996
51.323484  6334
51.325577  6253
51.328149  9822
51.330761  9810
51.332534  6123
51.337259  5895
51.347349  9734
51.349182  9696
51.364556  5777
51.366209  5536
51.378604  4458
51.386000  4201
51.389815  7343
51.394140  4024
51.400277  3655
51.432384  10810
51.453176  7028
51.455608  17267
51.458100  6864
51.462605  8338
51.469222  8275
51.473028  8147
51.475380  17334
51.477113  8072
51.479325  7921
51.480938  17365
51.484863  17427
51.487295  17458
51.495945  10729
51.497778  10562
51.499950  10478
51.502043  17520
51.504215  9568
51.506048  10307
51.508420  9504
51.510173  5774
51.511786  9374
51.514478  5312
51.516890  10220
51.523327  10045
51.525999  5061
51.527652  4534
51.535942  7797
51.538354  4240
51.544512  7545
51.549296  3610
51.551988  4444
51.555494  6192
51.562539  3995
51.564991  6067
51.567363  3746
51.568956  6004
51.570629  5327
51.572462  4892
51.581751  2920
51.595805  17536
51.599491  17569
51.601623  17585
51.620616  6503
51.625401  6313
51.627414  3179
51.629267  2920
51.631379  5904
51.635984  5686
51.644155  5232
51.659901  4986
51.669470  5890
51.673355  5469
51.680392  5242
51.682405  4769
51.686490  9950
51.690455  4509
51.692508  3959
51.697173  9757
51.726095  3096
51.728247  2920
51.731753  9659
51.733566  9461
51.751265  9360
51.752918  9155
51.788558  9308
51.790751  9175
51.794576  5884
51.796209  5638
51.799400  4638
51.801073  4102
51.810821  9104
51.814207  8961
51.823736  3753
51.825929  2990
51.837458  4414
51.847821  3452
51.852066  3021
51.860636  2920
51.901787  9051
51.906592  8839
51.909204  3642
51.920127  4091
51.922060  3394
51.924592  2974
51.930510  7402
51.932503  7110
51.941812  17597
51.943605  17621
51.946077  6949
51.947650  17633
51.949703  17657
51.953888  6620
51.957733  6447
51.962677  6092
51.970572  8729
51.972205  17667
51.973998  17688
51.976430  8506
51.978263  8875
51.980495  8700
51.983027  8392
51.985100  8611
51.986673  8431
51.991058  8160
52.000047  8017
52.003973  7726
52.021972  5894
52.026237  5484
52.049821  5487
52.053587  5176
52.055999  2920
52.089625  17698
52.103707  2920
52.120240  17719
52.169977  3297
52.173503  2920
52.183492  7569
52.185345  7248
52.227816  7072
52.229469  6710
52.247068  6520
52.251553  6127
52.260083  4958
52.280003  8334
52.284887  8137
52.290565  4470
52.296902  4200
52.299294  17729
52.307785  8015
52.309738  7767
52.403307  5895
52.410743  5412
52.422544  5252
52.429102  4767
52.442444  17739
52.444796  4483
52.446469  17744
52.448082  3879
52.452207  17725
52.453840  17716
52.460597  3530
52.462430  2920
52.472933  17685
52.477118  5122
52.478891  4510
52.481443  17670
52.483396  7639
52.485469  4166
52.487242  7379
52.489874  3421
52.496591  7211
52.501733  6867
52.503865  2967
52.507111  2920
52.555446  3847
52.557059  3076
52.572805  2920
52.630604  17637
52.639333  17621
52.641446  17588
52.799287  6680
52.803772  6294
52.806304  6090
52.823791  5616
52.828156  5359
52.971205  17572
52.974831  17539
52.982087  17523
52.994163  17490
52.996815  17465
53.003572  4779
53.005145  17415
53.009550  4454
53.028970  3729
53.033894  3296
53.164296  17380
53.171053  17309
53.179310  17273
53.196010  17201
53.333728  2920
53.512331  17165
53.514464  17093
53.529376  17049
53.530989  16961
53.545437  16916
53.554685  16825
53.710384  16780
53.715468  16689
53.732392  16643
53.734724  16551
54.039615  16513
54.046652  16436
54.062485  16398
54.087171  16360
54.089144  16321
54.227313  16293
54.230424  16265
54.237600  16244
54.239173  16223
54.438995  2938
54.450217  2955
54.502814  16240
54.505166  16257
54.524370  16274
54.537764  16296
54.539557  8148
54.539557  8192
54.548466  3088
54.663559  8258
54.666111  8324
54.668623  8397
54.670276  8469
54.694005  3178
54.696237  3385
54.700722  3603
54.702360  3630
54.714021  2920
54.714021  3173
54.801396  2925
54.813651  2920
54.813651  2940
54.851498  3452
54.857436  4010
54.896140  8599
54.900944  8727
54.912300  8862
54.917503  2958
54.919196  3034
54.920929  3071
54.923421  8998
54.925593  9132
54.928085  3076
54.930617  3207
54.934643  2920
54.934643  3334
54.948596  3114
54.953040  3265
54.955013  2948
54.957605  3554
54.959797  2937
54.961530  2971
54.967633  2951
54.972178  2920
54.972178  2948
54.976862  2976
54.990915  2954
55.021589  9305
55.023462  9647
55.026134  9812
55.028007  10137
55.035024  2980
55.037137  3099
55.041542  4448
55.045967  5238
55.048359  5573
55.077462  3789
55.079395  4230
55.093409  3336
55.097475  3101
55.105905  3943
55.108557  4242
55.112423  4799
55.114975  4487
55.117627  4972
55.120339  3320
55.127495  3525
55.132399  4116
55.139196  3226
55.140809  3725
55.146886  3972
55.148579  4436
55.150791  3267
55.152884  3191
55.154817  3687
55.157449  3898
55.159621  3902
55.169264  6331
55.200951  10345
55.208507  10753
55.210819  3528
55.212452  4323
55.219743  10949
55.221376  4662
55.226060  5292
55.228272  11335
55.230424  5148
55.232557  3968
55.234550  5033
55.241807  3342
55.245692  5453
55.251310  6228
55.256214  5270
55.258167  6567
55.259900  3379
55.260922  3037
55.262875  7210
55.265087  3894
55.267679  5832
55.270271  4188
55.274956  6086
55.278862  3487
55.281114  6573
55.285639  3826
55.291637  4444
55.299633  3562
55.304018  4912
55.305931  5772
55.319325  4317
55.325702  4504
55.339277  11521
55.342983  4135
55.351013  6664
55.353006  4590
55.355138  7298
55.385473  6803
55.389418  7248
55.391890  7456
55.405366  2920
55.405366  3299
55.413656  5800
55.418440  6089
55.423284  6640
55.429889  7862
55.434441  6892
55.438826  8054
55.440679  3634
55.442811  5569
55.453234  3938
55.455806  4462
55.457819  5100
55.463083  6138
55.471274  6826
55.473806  4458
55.476972  7135
55.479664  4966
55.481277  4863
55.485302  7727
55.490546  5029
55.493018  7587
55.495211  8144
55.502567  8000
55.505753  4710
55.536221  11887
55.538913  6096
55.542758  6336
55.546923  6799
55.548796  12064
55.554080  7014
55.556113  7432
55.560358  12414
55.562770  12584
55.564583  7503
55.568448  8066
55.571060  3711
55.579570  8328
55.586527  8835
55.588659  9074
55.592905  9539
55.595157  4795
55.599542  5187
55.601235  9760
55.602828  8430
55.604501  8609
55.610718  5212
55.613210  8960
55.615023  9129
55.619987  5435
55.625845  5864
55.630329  4219
55.635154  8528
55.639958  8775
55.653573  5351
55.655745  5502
55.681096  8403
55.685081  8906
55.697616  9143
55.703734  5368
55.705427  5718
55.710251  5882
55.723999  9440
55.726331  9590
55.737054  2920
55.737054  3229
55.745584  7135
55.747257  7605
55.753794  7813
55.755967  8218
55.758379  9830
55.760911  8410
55.768028  9947
55.769721  3477
55.780943  5379
55.782796  3908
55.785288  5908
55.787820  6149
55.795911  5194
55.805520  9229
55.807872  5630
55.810464  9444
55.812237  5831
55.814130  6219
55.816542  5796
55.819074  5935
55.824992  9851
55.828957  10046
55.837874  9605
55.843732  9825
55.874407  12745
55.878732  13063
55.881344  13218
55.883517  7590
55.885550  7900
55.892627  8049
55.894280  8341
55.898665  8482
55.900478  13489
55.907674  8759
55.910246  13622
55.919056  9932
55.922802  10271
55.931752  10435
55.936017  10758
55.938229  10912
55.940382  11216
55.946999  6042
55.949012  10178
55.951424  6353
55.958501  10291
55.960214  5999
55.961867  10514
55.964479  6264
55.966092  10623
55.971910  6390
55.977253  6638
55.982217  4099
55.983890  6757
55.987776  8592
55.989689  10423
55.996545  10605
56.007168  6136
56.011473  6233
56.015358  6425
56.038545  10204
56.044303  10386
56.053852  6434
56.057618  6594
56.075317  10839
56.086779  10945
56.088612  4465
56.099814  8881
56.106551  9021
56.108384  9296
56.110656  9429
56.113348  11106
56.114941  13749
56.116514  11185
56.120739  4043
56.122872  4653
56.133075  4633
56.137740  4956
56.142944  6380
56.145017  6826
56.159525  11345
56.163770  10952
56.166362  11120
56.168355  6382
56.170528  6700
56.172840  6828
56.174613  6496
56.176246  7080
56.178518  6637
56.182983  11439
56.185814  11594
56.198689  10739
56.201201  10910
56.224499  13989
56.236994  8852
56.239027  14107
56.240640  9037
56.250089  9128
56.253975  9308
56.256447  14337
56.258999  14450
56.269661  9396
56.272093  6623
56.279964  9571
56.282296  11600
56.284808  11724
56.295511  11970
56.300056  12090
56.306314  11337
56.308566  12301
56.310938  12404
56.312911  12609
56.315822  6682
56.319328  6711
56.321920  11412
56.326485  11561
56.329117  9524
56.331588  11629
56.333601  6874
56.337307  7105
56.339439  11764
56.346136  7166
56.348149  7288
56.358237  7034
56.360330  11865
56.366347  11997
56.368220  12259
56.378842  6703
56.380755  6834
56.387752  6852
56.395763  6887
56.409304  11058
56.411896  11350
56.426904  6763
56.431129  6789
56.435714  6841
56.453992  11827
56.457698  11952
56.469708  5031
56.471621  5180
56.477699  9713
56.479851  9805
56.484456  9985
56.493232  14556
56.495185  10073
56.497358  12011
56.499491  4918
56.501604  5420
56.510993  12129
56.518010  5252
56.525611  5394
56.527983  7434
56.530615  7623
56.532268  7992
56.543209  12383
56.546735  12628
56.551399  7182
56.553192  7384
56.557637  6892
56.559570  7482
56.561223  12748
56.564649  6902
56.571526  7343
56.575352  7563
56.578549  7603
56.582115  12986
56.583688  11479
56.586719  11734
56.598460  11858
56.609837  14768
56.626043  9641
56.627856  9781
56.630428  14872
56.632401  15079
56.640911  9850
56.642604  9974
56.646549  15172
56.649101  10035
56.650774  15357
56.670326  10134
56.674271  10183
56.676803  12709
56.678796  12907
56.690358  13004
56.692531  13198
56.697895  12170
56.699908  13282
56.704193  13450
56.706425  10136
56.709117  13509
56.711190  6834
56.713103  10261
56.715615  13626
56.717767  6819
56.726224  12252
56.728596  12282
56.730169  12343
56.732581  7375
56.736706  7391
56.738539  7423
56.743191  12366
56.745284  12411
56.751182  7438
56.760252  7469
56.769349  13089
56.771122  13294
56.778518  13387
56.781190  13572
56.802201  6874
56.804054  6818
56.808299  6787
56.812524  6725
56.817388  11972
56.824960  12175
56.834489  12274
56.841800  6804
56.847918  6773
56.855394  6745
56.857527  6688
56.868250  12424
56.878660  15424
56.880473  12451
56.889962  5463
56.894187  10312
56.896340  10414
56.898532  5600
56.905249  5666
56.906962  10464
56.913720  5563
56.915293  10565
56.921890  5842
56.942082  5618
56.944454  8103
56.946047  8322
56.950232  5594
56.956477  8404
56.960382  8568
56.966040  13663
56.972797  13844
56.977402  7643
56.979235  7722
56.981567  6676
56.987465  6576
56.990117  7712
56.991770  6526
56.993863  7691
57.000880  13904
57.007198  14024
57.009790  12440
57.022605  12522
57.028643  15553
57.032868  15617
57.048215  10276
57.052020  10461
57.056585  15736
57.058158  15795
57.063062  10546
57.075797  10715
57.077770  15861
57.079423  15894
57.096869  10797
57.098502  10960
57.109741  13684
57.113267  13800
57.123136  13857
57.124769  10585
57.131966  13971
57.136711  14022
57.141356  10565
57.146100  14125
57.147733  6590
57.150385  10555
57.152877  14142
57.154530  14176
57.157102  14193
57.158695  6391
57.165092  7599
57.166905  12449
57.168658  7855
57.170910  12444
57.173542  7966
57.177568  8185
57.181753  12433
57.186058  8278
57.192523  8462
57.194915  14082
57.200993  14198
57.203305  12411
57.211919  7641
57.218246  14248
57.221672  14348
57.235117  12400
57.241515  12355
57.243208  12333
57.248012  12572
57.250145  6649
57.256124  6892
57.263580  12673
57.265812  12723
57.271231  7009
57.279521  7239
57.297107  6233
57.305478  5909
57.312434  5726
57.318512  5348
57.325149  11002
57.327102  12236
57.329814  12188
57.336192  10520
57.338744  10503
57.342550  5570
57.350681  5522
57.359491  10450
57.362482  10424
57.368799  5917
57.370892  6065
57.373584  6137
57.377470  12077
57.379702  12021
57.393037  5387
57.395070  5109
57.397662  8627
57.399695  8744
57.410217  8743
57.412350  8740
57.422278  14397
57.423991  14496
57.426463  14545
57.430269  7729
57.432202  7903
57.438559  7341
57.440732  7988
57.442365  8156
57.449202  7542
57.451634  8238
57.457352  14633
57.459564  12801
57.461736  12839
57.463769  14677
57.478957  15927
57.486849  15993
57.506686  11085
57.508978  11126
57.511071  16021
57.513104  16078
57.517189  11209
57.535549  11242
57.537482  11309
57.540054  16103
57.541747  16154
57.555369  16179
57.561227  11312
57.565372  11319
57.570596  14209
57.572609  14242
57.590227  14256
57.591920  14285
57.594132  10398
57.597758  10345
57.606687  10318
57.608540  14294
57.610413  14313
57.612985  5232
57.614898  14304
57.616951  14285
57.619623  5109
57.623968  4609
57.626440  8514
57.628373  11965
57.630206  11852
57.638676  8618
57.647646  8669
57.649759  4332
57.651912  7590
57.654624  8771
57.656197  14739
57.659028  11795
57.660801  11680
57.663053  14770
57.670430  8821
57.674775  8921
57.679600  8970
57.694328  14808
57.696680  12860
57.698333  14827
57.700406  12902
57.711308  11622
57.717426  11506
57.723017  7664
57.729554  7700
57.736631  12923
57.738424  12965
57.747354  16189
57.749586  7773
57.753791  7809
57.771270  3586
57.780853  3136
57.782846  2920
57.799613  11432
57.801806  11283
57.807744  10336
57.810156  10373
57.814261  5279
57.819784  14275
57.826442  10385
57.832480  6312
57.834393  10409
57.836985  11208
57.838738  11056
57.843003  6653
57.862061  8726
57.871225  8698
57.872898  8684
57.875170  8287
57.877642  8565
57.880234  5372
57.887091  8505
57.891296  5417
57.893528  14865
57.896140  5477
57.897973  8340
57.908000  14884
57.909873  5507
57.913979  8366
57.915832  7850
57.918424  8418
57.920936  8444
57.922929  14911
57.925221  7870
57.927074  12974
57.929187  14924
57.933752  7911
57.936464  12993
57.942342  16190
57.950313  16193
57.964226  11318
57.966359  16196
57.968352  11316
57.970924  16202
57.972617  11314
57.974769  11310
57.997153  11308
57.998746  11304
58.001418  16205
58.003111  16211
58.020111  10410
58.027147  11302
58.033406  14263
58.035459  6741
58.037232  11298
58.042396  14238
58.047380  10975
58.055331  14226
58.057384  14201
58.059756  10400
58.064121  10395
58.076317  14189
58.087299  14164
58.096469  14151
58.102407  14125
58.104579  10812
58.106791  10729
58.126762  8952
58.128655  8915
58.130787  14929
58.132520  14939
58.135631  10562
58.137783  12984
58.139536  10477
58.148366  8894
58.154564  8851
58.164866  12974
58.167018  12969
58.176388  14944
58.177961  14954
58.191335  10279
58.193787  7921
58.195940  10178
58.197553  7941
58.201778  9974
58.212141  12959
58.214373  12954
58.220850  16214
58.224696  7951
58.230834  7971
58.233426  16220
58.279966  9861
58.284111  9631
58.288236  10390
58.292202  10380
58.295253  10375
58.308788  10351
58.311360  9613
58.313073  9576
58.315465  6755
58.317358  10339
58.323076  6784
58.330392  6798
58.349125  8444
58.352691  8321
58.359068  8235
58.363453  8830
58.365266  8061
58.367738  5503
58.370070  5501
58.378041  14959
58.379894  5397
58.382006  5344
58.383639  8441
58.385732  8435
58.388124  14969
58.399165  7981
58.401098  8421
58.402691  14967
58.404704  8392
58.407056  14962
58.411421  14960
58.415486  8001
58.418677  8004
58.420830  8378
58.423003  12949
58.424756  8010
58.433945  16223
58.444909  12939
58.448934  16229
58.456390  11296
58.458023  16227
58.459916  11292
58.462268  11285
58.464081  11271
58.481901  16222
58.490710  11262
58.492863  16209
58.494916  16182
58.505419  11243
58.510403  11234
58.511976  14109
58.515781  16169
58.521899  14077
58.526543  11150
58.530987  11108
58.535012  14059
58.541753  14023
58.548610  13991
58.550982  13927
58.555966  10311
58.558575  10254
58.579100  7968
58.582426  13883
58.590720  9558
58.592453  9521
58.594126  13794
58.597836  13749
58.602021  13659
58.604273  5291
58.612004  8349
58.615330  8808
58.617822  8764
58.619615  8739
58.621907  8689
58.624459  14952
58.627071  14936
58.630302  14928
58.632435  9503
58.634008  9466
58.643752  8648
58.652182  8565
58.657226  8523
58.663164  12934
58.669561  12924
58.673986  12919
58.677672  14912
58.680224  14904
58.687815  9448
58.689788  9410
58.696005  8005
58.697698  7995
58.700010  9371
58.701963  9292
58.713325  12887
58.720022  12871
58.726220  7977
58.727893  7940
58.732897  16147
58.737142  16103
58.739354  6782
58.770889  10226
58.783494  10169
58.799240  9237
58.801293  9127
58.812214  10141
58.813847  10084
58.820464  10025
58.824569  9905
58.828934  9071
58.830727  8959
58.837544  6749
58.839696  8318
58.848566  6733
58.864307  7849
58.873196  7607
58.876682  5237
58.878974  7483
58.881366  5127
58.886130  5071
58.889536  7213
58.891968  8256
58.893681  4958
58.896153  8225
58.900917  14883
58.911600  14840
58.915385  4900
58.917578  8132
58.919810  8085
58.922362  14819
58.926208  14776
58.928400  12843
58.930313  7073
58.935078  7918
58.938844  7874
58.942689  12760
58.944462  7835
58.949366  12718
58.951099  7756
58.955743  16077
58.957696  16024
58.975223  11066
58.991131  15997
58.992984  15942
59.001934  15906
59.006099  15833
59.008251  10980
59.011657  10935
59.016401  10843
59.018973  10797
59.024731  10704
59.029136  9831
59.036333  13614
59.038526  13523
59.044783  10626
59.046536  10468
59.050401  6696
59.061930  13474
59.065596  13376
59.069441  13326
59.073646  13224
59.079943  9666
59.085227  8473
59.087400  9582
59.107487  4721
59.114768  8899
59.117240  13153
59.120526  8778
59.122738  13009
59.138006  12932
59.143210  12777
59.147535  14750
59.152440  8012
59.159124  7865
59.161396  8372
59.165801  8321
59.167514  8218
59.169626  14676
59.172198  8166
59.173991  8692
59.176044  8518
59.178376  14639
59.194603  7948
59.201680  7837
59.212483  12676
59.214676  14559
59.217208  12591
59.221952  8428
59.223705  14519
59.225498  8245
59.236540  7717
59.238233  7637
59.240625  8140
59.242678  7597
59.246703  7927
59.249135  7818
59.255393  12549
59.260058  15790
59.264083  12464
59.270760  7431
59.273192  7346
59.277178  15702
59.279650  15658
59.284355  10388
59.332837  7061
59.334710  9498
59.336323  9328
59.349297  7560
59.350930  7427
59.359440  4594
59.364878  9241
59.366791  9066
59.377933  8961
59.379826  8749
59.382178  7156
59.384670  7016
59.388675  6592
59.394413  6380
59.405614  7688
59.424065  6961
59.427331  6911
59.431995  14459
59.434547  4332
59.441663  4193
59.443316  6763
59.445848  6688
59.447761  7790
59.449454  7639
59.451986  3781
59.456491  3553
59.465801  14337
59.468233  7550
59.469826  14276
59.471939  7369
59.475130  12421
59.477163  14152
59.481668  14090
59.484320  7259
59.486053  13964
59.488345  7081
59.495968  12237
59.498260  6954
59.499873  12144
59.503839  6695
59.508543  15614
59.517373  15525
59.539058  15451
59.548682  10308
59.550515  15302
59.556992  15227
59.559444  10146
59.563489  15076
59.565122  10057
59.567834  9877
59.572798  9754
59.580509  9505
59.582202  12699
59.584015  12541
59.592230  12461
59.593843  9377
59.597949  6249
59.599762  5981
59.603787  9118
59.609430  8985
59.622085  12291
59.624437  12205
59.627923  12001
59.631908  11897
59.640644  8593
59.642517  8274
59.650947  2928
59.655172  2920
59.673091  7226
59.674904  6859
59.678650  11669
59.680922  11553
59.682715  6537
59.687360  6559
59.689273  6934
59.698142  11291
59.700774  11157
59.703406  12050
59.714982  6762
59.716575  6409
59.719247  7537
59.721300  7227
59.723932  7066
59.725685  13887
59.727298  6351
59.731183  5969
59.732896  6736
59.735568  13732
59.751993  6551
59.755859  6169
59.768354  13654
59.770227  11835
59.772799  13497
59.777164  11726
59.781169  11505
59.783481  5759
59.792331  6553
59.795797  6262
59.803824  5827
59.805977  5323
59.808229  5087
59.811415  4593
59.821033  11393
59.823625  11165
59.828649  6106
59.833593  14993
59.835686  14827
59.837998  14743
59.844176  8109
59.845789  7771
59.888690  7593
59.891182  7228
59.916426  4320
59.918099  3738
59.919772  7037
59.930386  6652
59.934911  3395
59.938976  6448
59.943501  2920
59.945753  5366
59.951017  5962
59.953210  5533
59.955482  5116
59.975892  13418
59.978065  6427
59.982170  6158
59.984682  6018
