# t(s) W_ledbat(bytes)
10.047859  65535
10.157440  65535
10.283751  65535
10.406163  65535
10.536181  65535
10.952919  65530
10.961549  65528
10.963382  65533
10.967228  65528
10.972092  65526
10.976357  65510
10.984887  65501
10.991764  65483
10.993517  65521
10.999180  65535
11.004212  65521
11.010750  65474
11.012483  65519
11.014356  65492
11.016808  65514
11.020673  65512
11.022546  65478
11.024579  65427
11.026871  65506
11.029503  65449
11.033688  65503
11.035301  65515
11.037553  65404
11.040265  65357
11.045069  65334
11.046742  65505
11.050348  65485
11.055352  65503
11.057505  65497
11.059897  65494
11.063403  65435
11.064996  65261
11.067368  65406
11.069760  65432
11.078669  65225
11.080622  65391
11.086800  65309
11.089172  65268
11.090865  65186
11.093457  65152
11.098421  65145
11.102167  65487
11.104000  65113
11.105693  65392
11.107786  65035
11.110078  65062
11.112290  65455
11.114482  65363
11.118527  65438
11.124335  64996
11.127661  65349
11.130373  65320
11.132965  65404
11.135197  65306
11.137210  65270
11.139882  65387
11.141615  65333
11.143767  65252
11.145760  64896
11.148432  64846
11.150405  64745
11.152697  65021
11.154710  65306
11.156443  65251
11.158735  65200
11.160608  65216
11.162960  65475
11.164613  64913
11.167005  65198
11.168738  65098
11.171370  64859
11.173343  65047
11.175276  64751
11.177488  65162
11.182900  64904
11.185572  64833
11.187745  64689
11.194202  64690
11.195935  64579
11.200679  64524
11.204505  65144
11.206418  65108
11.209090  65090
11.210923  65455
11.214619  65016
11.217251  65445
11.219104  64979
11.220977  65425
11.223189  64617
11.224762  65415
11.226615  64905
11.229247  64401
11.231819  64473
11.234251  65366
11.236743  64401
11.238496  64340
11.240529  64217
11.242801  65342
11.244494  64689
11.246167  64564
11.248739  65293
11.251111  64846
11.253064  64256
11.255436  65267
11.257189  64502
11.259062  64184
11.260935  65214
11.265120  65188
11.269925  65135
11.274630  65109
11.276563  65056
11.278975  64039
11.281247  64377
11.283539  65030
11.285272  64147
11.287305  64006
11.289757  64727
11.292149  64314
11.294142  64668
11.296035  64188
11.298247  63936
11.300020  63780
11.302132  64549
11.304664  64977
11.307455  64950
11.309548  64115
11.311201  64896
11.313713  63968
11.315965  63962
11.317818  64835
11.319711  63894
11.321644  64712
11.324016  64599
11.326049  63808
11.328361  63731
11.330174  64490
11.332327  63702
11.334300  63728
11.336832  63645
11.338965  63545
11.344872  63573
11.347803  63464
11.351429  63494
11.353142  64372
11.355834  63335
11.359819  64259
11.362311  63478
11.364863  64026
11.367175  64371
11.369387  63386
11.371100  63301
11.373752  63909
11.375625  63675
11.378117  64281
11.381694  63554
11.383327  63312
11.385519  63220
11.389325  63041
11.391957  63191
11.393970  63202
11.396642  62947
11.398874  62825
11.400527  62951
11.402620  63110
11.404811  62920
11.406584  62580
11.412007  62771
11.413620  62457
11.415433  62825
11.417146  62679
11.419698  62634
11.422330  62538
11.423963  62345
11.426215  62208
11.428487  62494
11.432952  64100
11.435264  62249
11.436937  62083
11.439050  62401
11.441123  63998
11.443176  62198
11.450013  62096
11.451886  62043
11.454498  61940
11.458324  61733
11.460976  61832
11.466000  61892
11.467793  63794
11.470165  61706
11.472817  63692
11.474390  61454
11.476742  61622
11.478775  61399
11.480987  63487
11.483299  63384
11.485272  61328
11.486965  63164
11.489477  61287
11.491150  61074
11.493422  61784
11.497168  63054
11.498901  61056
11.501513  60940
11.503306  61568
11.508190  62833
11.509803  63251
11.512515  60707
11.516500  61460
11.518113  63082
11.519846  62690
11.522498  61240
11.524610  62403
11.526243  62997
11.531247  61130
11.533420  60947
11.541391  60692
11.543523  60589
11.545256  60564
11.547329  60353
11.549761  60307
11.554106  60235
11.562916  59996
11.565568  59876
11.569393  59636
11.578282  60178
11.579975  59919
11.582367  59789
11.584140  65528
11.587546  65514
11.590038  62259
11.594543  59511
11.596536  65507
11.598489  61970
11.603478  59261
11.607723  59136
11.609536  59507
11.611968  58874
11.614580  65476
11.619464  59365
11.621637  58743
11.623210  65461
11.625303  65430
11.630168  58479
11.632360  61825
11.633973  59081
11.636345  62812
11.638837  62720
11.640450  58344
11.642503  61534
11.644655  62534
11.649699  61388
11.653825  58073
11.655977  57937
11.658110  62436
11.660303  61065
11.662995  62240
11.668079  60903
11.670132  62142
11.672265  61902
11.674977  61782
11.676790  61541
11.679362  60578
11.681614  61404
11.683187  60407
11.684860  61129
11.686433  60064
11.689005  60991
11.691517  57654
11.694049  59892
11.696122  57512
11.698055  57227
11.700587  60713
11.702240  60574
11.704492  57079
11.706305  60294
11.708957  56782
11.711329  59546
11.713581  59372
11.715354  56633
11.717387  59023
11.719499  60908
11.721092  58820
11.723484  58411
11.728556  60793
11.730529  60563
11.732781  60154
11.734814  59872
11.737526  59731
11.739639  59447
11.741871  59305
11.743904  59019
11.746276  58206
11.748289  57797
11.751001  57591
11.754318  57177
11.755911  56984
11.758343  56596
11.760675  58929
11.762288  60448
11.764341  56401
11.766354  58623
11.768486  60204
11.775003  60082
11.776616  58470
11.780821  59837
11.783313  56009
11.787945  58162
11.790617  55812
11.792350  58873
11.794103  55416
11.796575  58007
11.798308  59710
11.800461  59454
11.802733  59326
11.804606  58942
11.806798  57696
11.808970  58580
11.811642  58749
11.813355  58433
11.815548  58362
11.818240  57537
11.820273  58167
11.822246  57218
11.824638  57776
11.827250  55217
11.828843  57579
11.830936  57201
11.833568  57011
11.835301  56329
11.837953  54816
11.840625  56629
11.842757  56176
11.844870  56444
11.846503  54614
11.848356  55869
11.850908  57058
11.852561  56073
11.855233  58125
11.857765  54209
11.860457  55886
11.862030  54005
11.863703  56736
11.866015  57970
11.867768  55511
11.870180  55323
11.872033  53595
11.874425  53384
11.876038  56574
11.877991  56249
11.880483  56080
11.882496  54944
11.884908  52960
11.887280  57659
11.889912  55740
11.892604  52747
11.894297  55569
11.896370  57502
11.900156  55715
11.901849  55213
11.904221  57187
11.906733  54754
11.911198  57029
11.912911  55406
11.915503  55251
11.917596  55034
11.919529  54675
11.921881  54938
11.928738  54482
11.930571  65410
11.932264  65370
11.934476  54781
11.938742  54371
11.941414  54465
11.943926  54283
11.946119  54179
11.948032  53792
11.952876  53917
11.955148  52288
11.957440  53598
11.959513  56706
11.961805  53733
11.963478  53340
11.966110  52057
11.968063  51592
11.970555  53142
11.972468  51355
11.974461  53207
11.976853  53009
11.978446  54094
11.980838  52611
11.983350  50878
11.986002  52411
11.987615  52745
11.990187  53899
11.992060  52543
11.993733  56544
11.995726  56218
11.998338  50637
12.000511  53504
12.002883  52136
12.005295  50153
12.007567  53305
12.009500  52906
12.012032  51931
12.013785  49909
12.015818  56039
12.017571  52705
12.019544  52301
12.021756  49418
12.024128  52093
12.026261  52008
12.028433  55679
12.031125  51674
12.035330  51516
12.037722  55498
12.039735  51805
12.044260  51397
12.046812  51192
12.048585  51307
12.050278  55134
12.052930  51463
12.057116  50887
12.059688  49148
12.061861  54951
12.063874  48605
12.066206  51022
12.068538  50800
12.070171  48331
12.074096  50780
12.078032  50565
12.080205  50133
12.084690  49915
12.086683  49478
12.090788  50354
12.092361  50114
12.094893  49631
12.096566  49387
12.099577  49258
12.101570  50676
12.103323  48885
12.105835  48815
12.108427  50251
12.115064  50037
12.116797  48632
12.118890  49607
12.121362  48592
12.124908  48122
12.127140  47860
12.129033  47771
12.131145  47333
12.133597  47067
12.135730  47488
12.137443  49390
12.139356  46918
12.141568  46518
12.143181  46630
12.145553  48143
12.147925  47916
12.149638  46049
12.152290  46240
12.153983  47441
12.156155  45681
12.157748  47201
12.159441  46719
12.161334  54571
12.163606  48954
12.165219  45767
12.168809  54380
12.170662  53996
12.173234  45198
12.175806  44910
12.177479  65349
12.179432  65306
12.181884  44361
12.184196  48729
12.186109  44083
12.188162  65284
12.190015  48276
12.192567  65240
12.195019  45398
12.196752  48047
12.198625  65218
12.200358  47587
12.202610  43523
12.204782  43240
12.206775  42669
12.209447  65163
12.213223  47355
12.214856  46889
12.217028  65136
12.219161  42380
12.221254  65081
12.223886  46654
12.225939  65018
12.228072  46181
12.230464  45942
12.232177  64890
12.234549  41798
12.236761  64826
12.238534  41503
12.240627  45411
12.243179  40909
12.245711  45142
12.247564  40608
12.249617  44601
12.251869  40000
12.254201  39692
12.256094  39070
12.262001  44327
12.266276  64691
12.271947  43774
12.276192  64624
12.278265  64488
12.280737  64420
12.287315  43494
12.289128  64284
12.291580  64216
12.293513  42924
12.295765  42635
12.302203  42053
12.307007  41743
12.308760  41118
12.311152  64079
12.313504  38754
12.315477  38117
12.317809  40801
12.319942  44829
12.322574  40161
12.324886  37794
12.326899  44541
12.329072  64011
12.330945  53797
12.332958  39836
12.334611  39187
12.336983  43961
12.338756  43667
12.341388  53397
12.344000  38857
12.345693  43059
12.348025  42751
12.349818  53196
12.351671  37181
12.354163  52791
12.356315  38192
12.358967  52587
12.360560  42130
12.362672  37854
12.364345  52177
12.366358  41815
12.368750  37171
12.371442  36823
12.373315  41180
12.375447  51971
12.377300  36870
12.379053  36242
12.381205  51557
12.382798  40858
12.385310  46476
12.387483  35923
12.389536  36121
12.392068  51348
12.393681  35763
12.395854  45986
12.398546  35279
12.400698  50921
12.402930  45739
12.404683  45241
12.407295  44990
12.408968  44484
12.411360  44228
12.413113  40208
12.415785  50706
12.417518  50274
12.420090  43707
12.422442  39878
12.424635  34951
12.426668  50056
12.428301  43443
12.431487  49618
12.433619  34289
12.435252  49397
12.440296  42912
12.442009  48940
12.445240  48709
12.447193  42644
12.451059  48245
12.458236  33952
12.459969  33270
12.465113  42103
12.467705  48011
12.469478  47540
12.472170  41829
12.475267  41278
12.481344  47303
12.483297  46825
12.485989  46562
12.489375  46032
12.493999  40999
12.495652  45764
12.497405  40436
12.499577  40151
12.501550  39577
12.504082  39281
12.505675  45225
12.508167  44953
12.514685  35117
12.517037  34788
12.519170  38684
12.523075  34124
12.527400  38381
12.531346  37770
12.533199  37460
12.541002  33786
12.543614  36834
12.549792  32922
12.551565  32219
12.553837  33102
12.556309  36516
12.558022  32753
12.563026  32047
12.565158  35874
12.567830  39186
12.570502  35547
12.572315  31687
12.574388  31860
12.576541  38834
12.578314  38124
12.580706  30958
12.583238  65535
12.584811  37762
12.588876  30585
12.590629  37031
12.593101  31133
12.597925  36659
12.599658  30761
12.603604  30008
12.606176  35906
12.608748  35522
12.610721  29622
12.612654  29829
12.614866  34887
12.619071  28840
12.620724  34551
12.623735  29442
12.625788  28657
12.629973  28439
12.631606  27625
12.634318  33842
12.636690  28254
12.638803  27206
12.643368  33480
12.645061  44425
12.647473  27436
12.649845  44158
12.652038  43620
12.656003  26355
12.658275  32748
12.659848  27015
12.662540  43348
12.664593  34745
12.667285  32374
12.669238  42800
12.673063  26159
12.676234  42523
12.678047  31617
12.680259  34286
12.681872  33354
12.684424  25717
12.688290  31230
12.689863  24818
12.692475  32875
12.694308  41965
12.696940  31903
12.699452  30445
12.701764  25916
12.703817  25022
12.708029  41682
12.709622  24560
12.711595  31403
12.713188  30043
12.715281  30359
12.717493  23617
12.719885  24353
12.721558  29819
12.723191  23127
12.725084  29227
12.727556  23404
12.730248  22126
12.732480  22910
12.734633  28803
12.736286  28719
12.738938  21603
12.741071  21901
12.743223  20531
12.745056  27942
12.747628  28148
12.749441  21373
12.752252  19967
12.754185  41112
12.756397  40824
12.758050  40242
12.760522  27498
12.762335  20291
12.764467  18807
12.767179  26983
12.768912  26376
12.771404  18191
12.773177  25133
12.775609  39947
12.777262  24480
12.779455  19722
12.781448  26545
12.784080  26052
12.786213  39353
12.788485  18550
12.790817  39052
12.792730  38444
12.795262  23138
12.797434  25046
12.799846  24513
12.802738  23423
12.806253  17927
12.808226  16918
12.810039  38135
12.813090  22429
12.814883  16637
12.817535  22853
12.819488  16234
12.821641  65535
12.823933  15942
12.827559  14396
12.830231  13540
12.831864  20965
12.833976  11720
12.835609  10669
12.838101  20182
12.839694  18555
12.842106  17670
12.844159  37512
12.846731  8359
12.849023  14573
12.851375  13648
12.853448  37196
12.855061  36558
12.857353  6885
12.859466  3004
12.861878  11672
12.864550  15811
12.868806  14773
12.870399  10517
12.872252  12550
12.874424  7953
12.876876  21747
12.879548  2920
12.881321  6258
12.883494  36234
12.885487  21166
12.892311  35579
12.894643  11242
12.898928  19972
12.901240  19340
12.903093  35246
12.904806  18033
12.908611  8320
12.910224  17332
12.911797  6346
12.914249  15874
12.919153  2920
12.920766  15078
12.928003  13402
12.932228  12459
12.933841  10430
12.936473  63940
12.941018  9218
12.947336  2920
12.949968  63798
12.952340  34572
12.960878  34229
12.965323  6476
12.976225  4524
12.978258  63727
12.984576  63584
12.986868  2920
12.990993  63513
13.008213  63370
13.035635  63298
13.050323  63154
13.058813  63082
13.065011  62938
13.071508  33501
13.078145  33129
13.088308  32376
13.115300  31991
13.117053  31212
13.119425  30813
13.130707  62866
13.132400  62719
13.134752  30004
13.141030  29589
13.146668  28746
13.158070  28313
13.159943  27432
13.162075  62646
13.170185  62499
13.171758  62425
13.178096  62277
13.186726  62198
13.193263  26975
13.197289  62040
13.199521  26044
13.215227  61961
13.231157  61769
13.239527  61673
13.241720  61480
13.258580  25562
13.262726  24580
13.269842  24070
13.275760  61373
13.277713  61158
13.279865  23027
13.286742  22482
13.292780  21296
13.297224  20670
13.307427  61050
13.309220  19380
13.317910  60834
13.327179  18692
13.329172  17265
13.333716  16493
13.341647  14876
13.402344  13977
13.438717  12063
13.452311  10954
13.468592  8511
13.479474  6939
13.490457  3082
13.502931  2920
13.727128  60726
13.729161  60509
13.731633  60400
13.747000  60181
13.753977  60072
13.772241  59852
13.783343  59742
13.794006  59521
13.801143  59410
13.811606  59177
13.813199  59060
13.816513  58826
13.824119  58710
13.825712  58476
13.829957  58359
13.886777  58127
13.891202  58011
13.897391  57778
13.907973  57667
13.909766  57445
13.913731  57334
13.918376  57110
13.920808  56998
13.922861  56773
13.927186  56663
13.935936  56442
13.941367  56331
13.955995  56113
13.958107  56004
13.961973  55785
13.969150  55675
13.972107  55455
13.974579  55345
13.988094  55134
13.990386  55028
13.992139  54816
14.000060  54720
14.002253  54528
14.004905  54432
14.195055  65535
14.219820  65535
14.267030  54392
14.270047  54312
14.274332  54272
14.294867  54191
14.299232  54151
14.301225  54070
14.316612  54030
14.327754  53949
14.333272  53909
14.334945  53828
14.343869  53788
14.356298  53707
14.360563  53665
14.362136  53581
14.369447  53539
14.374471  53455
14.378636  53413
14.384554  53329
14.392884  53287
14.395476  53203
14.404745  53161
14.443201  53069
14.449829  53023
14.453415  52931
14.460232  52882
14.462405  52783
14.464737  52734
14.466710  52635
14.473215  52586
14.477640  52487
14.479832  52438
14.487228  52339
14.493905  52289
14.495738  52189
14.498450  52139
14.500043  52039
14.504787  51989
14.506560  51889
14.511604  51839
14.515270  51736
14.522886  51685
14.531317  51582
14.541899  51530
14.545205  51426
14.554174  51374
14.555867  51270
14.564656  51218
14.567942  51114
14.587640  51062
14.599176  50957
14.604020  50905
14.609899  50783
14.614943  50722
14.616896  50600
14.626985  50538
14.637548  50413
14.645758  50351
14.736364  65530
14.738536  65528
14.740369  65523
14.746906  65520
14.759983  65513
14.774376  65510
14.782866  65481
14.788409  65467
14.801345  65438
14.805810  65535
14.808462  65418
14.810355  65378
14.816338  65358
14.933245  50282
14.948474  50143
14.955400  65318
14.957992  65298
14.960464  65258
15.069465  50066
15.071198  49911
15.073330  49834
15.115192  49672
15.117444  49591
15.126374  49429
15.131912  49348
15.134104  49185
15.150235  49058
15.166416  48803
15.168628  48675
15.174966  48358
15.186115  48198
15.188308  47877
15.190520  47709
15.192253  47372
15.194925  47202
15.196858  46853
15.225700  65228
15.227873  46678
15.233312  65168
15.235804  46325
15.238156  46143
15.249232  45776
15.256303  45591
15.261074  45220
15.266697  45033
15.284917  65535
15.287389  44657
15.296246  44468
15.304257  44087
15.317131  43895
15.319144  43481
15.321556  43272
15.328253  42852
15.332438  42634
15.340749  42196
15.343241  41975
15.353584  41530
15.366999  41306
15.379535  40854
15.386172  40626
15.398367  40166
15.405758  39934
15.409883  39462
15.415941  39224
15.420505  38744
15.437170  38495
15.440936  37992
15.444961  37738
15.453192  37194
15.459529  36918
15.465587  36362
15.474736  36072
15.483506  35488
15.486098  65133
15.488131  35191
15.489904  34592
15.492136  34288
15.494229  33673
15.498654  33360
15.500267  65063
15.502679  65028
15.504532  32728
15.508557  32406
15.510769  64958
15.515494  31776
15.517606  31455
15.519239  64923
15.523904  30806
15.528389  30475
15.530382  64853
15.541664  29805
15.548022  64818
15.551628  65423
15.559104  64740
15.565601  29463
15.567394  64701
15.580723  64623
15.601441  28770
15.605853  64584
15.607566  64506
15.610038  64445
15.616736  64323
15.619962  28416
15.624606  27698
15.631323  64262
15.633416  65367
15.641318  64139
15.650906  27330
15.656145  64078
15.660350  26583
15.664375  26199
15.668720  63939
15.671272  65255
15.673724  63869
15.679223  65199
15.685521  63729
15.691408  65087
15.692981  63659
15.704722  25420
15.708947  63519
15.713332  25019
15.718820  63449
15.725497  24203
15.727889  63308
15.734187  63220
15.740604  23782
15.745543  63043
15.752759  62954
15.754932  22924
15.763182  62776
15.765654  62687
15.767447  62508
15.772031  22479
15.836059  21626
15.842856  21183
15.848794  62418
15.854612  62238
15.856844  20277
15.865801  62148
15.867674  61967
15.872678  19804
15.877103  61876
15.887169  61694
15.892493  65535
15.905348  61603
15.907541  61420
15.993883  18835
15.998028  18326
16.010503  17279
16.057350  16724
16.059223  15577
16.068012  65512
16.073581  65466
16.078473  65443
16.080486  14961
16.088158  13678
16.100179  12977
16.108830  11498
16.115048  10664
16.119313  8864
16.121585  7782
16.128403  5316
16.133487  3372
16.135460  2920
16.166222  61329
16.177918  61145
16.186928  61053
16.352537  65530
16.355883  65519
16.371170  65030
16.386536  64915
16.389747  65514
16.421762  64858
16.437364  64743
16.458788  64686
16.468751  64571
16.484139  64514
16.488464  60961
16.492589  64398
16.494182  60776
16.497353  60684
16.499546  64340
16.508057  60475
16.517646  60371
16.528729  64224
16.531121  60161
16.533613  64166
16.546229  64027
16.555338  60054
16.559444  59839
16.567304  59731
16.574121  59515
16.580707  59407
16.582620  59151
16.585232  65500
16.592349  63958
16.596355  59022
16.598488  65493
16.602514  58764
16.604706  63818
16.615042  58632
16.616975  58366
16.619687  65479
16.623792  65472
16.628437  63712
16.636168  63499
16.641252  63393
16.643345  63102
16.650681  58233
16.660530  58100
16.670078  57966
16.676895  62956
16.688421  57832
16.714641  62663
16.719445  62503
16.736310  62181
16.743626  62020
16.746278  61858
16.754528  61696
16.757874  61533
16.771834  57695
16.780698  57558
16.786958  57421
16.798562  57283
16.806672  57145
16.813393  57007
16.820369  56868
16.822801  56729
16.870017  65414
16.871590  65356
16.875885  65327
16.882522  56588
16.888240  56446
16.895996  56304
16.899187  56161
16.904865  56018
16.907437  65258
16.909010  65224
16.911422  55875
16.926713  55731
16.951322  55587
16.953614  55442
17.015951  65175
17.032251  65126
17.040728  65077
17.048863  65028
17.051994  64979
17.061732  64930
17.069508  64881
17.072199  64820
17.074651  64759
17.084019  64698
17.101283  64637
17.107250  64576
17.110636  64514
17.113687  64452
17.246795  65465
17.252478  65451
17.257202  65444
17.296117  64390
17.298429  64328
17.310609  65406
17.319498  65387
17.321571  65349
17.334465  65330
17.366408  65311
17.371871  65292
17.383132  65272
17.395411  65252
17.420964  61421
17.456714  61309
17.466942  61197
17.469554  61085
17.482034  60973
17.488531  60860
17.494414  55300
17.499398  60747
17.503823  60634
17.506814  60521
17.509446  55158
17.511519  55016
17.513911  60408
17.527110  60294
17.533587  54873
17.537093  54730
17.545842  54586
17.548833  54442
17.557582  54298
17.564518  60180
17.566111  54153
17.569302  54008
17.571994  53862
17.576139  53716
17.578771  60066
17.593663  59952
17.597668  59838
17.603686  53570
17.608430  59718
17.611876  59598
17.614408  53423
17.616960  53275
17.619512  59478
17.623207  53127
17.640067  59357
17.651814  59234
17.657337  59111
17.659689  58988
17.677572  52978
17.689112  52829
17.694475  52678
17.721522  58864
17.726346  58740
17.736433  58616
17.753736  58492
17.763229  58366
17.765901  58240
17.770306  29120
17.770306  28865
17.780633  26339
17.780633  26035
17.785856  25728
17.790840  25418
17.816044  25104
17.818616  24786
17.835460  24464
17.838052  65231
17.840724  65210
17.844744  65189
17.857364  65168
17.863102  65147
17.867407  65126
17.878917  64266
17.883382  64204
17.885275  24140
17.888486  64142
17.894828  23811
17.904975  23478
17.906908  23140
17.912786  22793
17.919387  64080
17.922598  22440
17.927742  64018
17.936132  22082
17.951523  21725
17.956427  21363
17.977002  65512
17.979694  65489
18.001997  32767
18.001997  32770
18.006821  32756
18.008574  32747
18.012759  32738
18.022427  63956
18.025318  65464
18.035985  65399
18.047186  31978
18.047186  31854
18.050936  32699
18.050936  32568
18.053368  31729
18.060624  31604
18.064589  31474
18.071425  31346
18.082107  31218
18.097665  32432
18.107393  31091
18.109905  30966
18.115633  30840
18.117326  30714
18.191975  32758
18.198752  32779
18.217169  65118
18.219541  65110
18.225643  65102
18.236195  65535
18.243551  30626
18.246837  30537
18.256485  65100
18.261828  65098
18.263621  65096
18.266652  65094
18.272135  65092
18.277558  65090
18.284914  65088
18.311007  32544
18.361070  28658
18.374991  28466
18.381928  28275
18.384100  28083
18.386632  27898
18.391744  27713
18.394176  21093
18.396888  27530
18.399380  27348
18.401832  27165
18.403525  20826
18.406496  20555
18.408848  26981
18.418577  26799
18.426093  20282
18.428505  20007
18.437374  19729
18.439067  19447
18.444310  19165
18.449314  26620
18.451786  18880
18.454098  18592
18.456670  18299
18.460755  18003
18.462348  26441
18.475552  26262
18.479717  26082
18.484761  17705
18.487792  25903
18.492656  25723
18.494269  17403
18.497824  17096
18.500296  25542
18.502149  16785
18.516678  25362
18.522795  25185
18.526700  25008
18.529112  24830
18.539683  16490
18.549591  16192
18.554095  15888
18.580152  24659
18.583818  24489
18.589736  24321
18.608218  24152
18.621890  23982
18.625560  23811
18.628012  11905
18.628012  11556
18.630524  15592
18.632776  15293
18.635687  14992
18.648322  14703
18.652906  14409
18.670284  14109
18.672716  32608
18.675847  32672
18.677560  32736
18.689500  32800
18.697950  32864
18.706105  32928
18.710410  30528
18.714615  30519
18.716328  13804
18.722838  30510
18.731119  13492
18.741130  13173
18.743682  12846
18.750479  30501
18.757655  30492
18.762799  32843
18.781236  32907
18.783408  32971
18.788407  32423
18.795363  32414
18.797136  33035
18.802679  33098
18.817743  16549
18.817743  16676
18.822288  16802
18.826018  16926
18.830402  17043
18.842822  32405
18.852510  32396
18.862173  30494
18.863966  32385
18.868140  30496
18.871786  30500
18.881298  30504
18.892252  30508
18.895678  30512
18.906492  32377
18.921698  30514
18.924030  30516
18.929553  30518
18.932125  30520
18.961570  65535
19.025518  17159
19.034367  17273
19.059999  32992
19.062651  33054
19.072527  33114
19.088320  30522
19.091866  30524
19.100955  33171
19.105699  33227
19.113215  33282
19.121924  33337
19.124556  33392
19.128881  33444
19.131373  33498
19.154970  33552
19.166972  16776
19.166972  16884
19.180825  16991
19.200377  17093
19.221866  11191
19.231475  10816
19.236439  10431
19.243056  10032
19.245448  9617
19.248080  9184
19.249833  8736
19.251606  8267
19.253179  7771
19.258043  7249
19.263406  6704
19.287813  6137
19.292058  5545
19.298475  4916
19.303439  4207
19.308922  3383
19.318945  2920
19.432170  6423
19.432170  5848
19.464185  17216
19.466817  17338
19.472719  17459
19.481189  17580
19.496104  17700
19.503520  17819
19.507625  30537
19.512169  30550
19.513782  30567
19.540318  30586
19.544663  30606
19.548628  17395
19.557697  17516
19.560229  17636
19.570244  32386
19.575028  32396
19.577620  17755
19.579892  17874
19.582164  17992
19.584556  18109
19.586729  18342
19.591533  18457
19.603294  30643
19.605726  32417
19.613482  32439
19.625291  15321
19.625291  15396
19.634508  16219
19.634508  16264
19.636800  15471
19.641704  15546
19.645889  15620
19.652486  15698
19.656671  15776
19.664067  16313
19.679414  15856
19.684358  15935
19.690535  16014
19.695080  16093
19.778448  18686
19.792961  18799
19.805216  17937
19.811893  18054
19.814385  18171
19.818650  16207
19.822575  16320
19.836547  18287
19.843504  18402
19.847669  18516
19.864235  18630
19.868360  18743
19.870592  18855
19.874118  18959
19.890153  19069
19.906139  9534
19.906139  9753
19.920473  9967
19.943418  10386
20.050331  3195
20.052164  5873
20.056808  2936
20.056808  2986
20.075055  10589
20.079050  10988
20.082915  11180
20.087060  11558
20.093377  11740
20.100693  12100
20.104139  16449
20.105772  16577
20.114805  16704
20.128359  16830
20.130531  16955
20.133183  18911
20.141178  19134
20.143470  19244
20.150546  16442
20.155590  16570
20.158501  19463
20.161113  19571
20.169123  17079
20.171755  16697
20.176379  16823
20.184035  17202
20.191272  16948
20.192905  17324
20.200541  17446
20.210449  17567
20.214214  17687
20.220931  17804
20.231613  17072
20.243634  17916
20.246026  18028
20.255535  18139
20.258107  18249
20.360993  19787
20.388340  12274
20.390393  12618
20.392965  12785
20.397190  18359
20.412737  18467
20.423120  13115
20.436494  13276
20.438507  13594
20.445718  13746
20.449563  14047
20.468815  14194
20.473699  14485
20.483308  14628
20.619647  19893
20.690159  2920
20.690159  3195
20.696946  3446
20.706354  2920
20.706354  2970
20.708127  3019
20.719771  3068
20.740578  18574
20.742291  18662
20.747849  18737
20.759365  18766
20.764409  18795
20.773782  20105
20.777472  20210
20.784269  17195
20.790091  17317
20.792743  20417
20.797747  20519
20.801892  17426
20.804264  17462
20.811840  9397
20.811840  9464
20.963581  20679
20.973470  20758
21.021792  14752
21.025098  14998
21.051547  15119
21.053600  15359
21.064302  15477
21.070080  15711
21.082802  15782
21.091912  15923
21.116298  15993
21.117871  16133
21.228973  65528
21.231105  65525
21.237043  65518
21.259536  65512
21.269979  65500
21.283713  65494
21.289531  65478
21.296768  65470
21.310071  65454
21.324365  65446
21.337780  65430
21.340352  65422
21.347409  65397
21.354066  65385
21.358072  65360
21.360564  65348
21.364949  65323
21.371614  65311
21.373787  65286
21.377672  65274
21.379924  65249
21.417034  16202
21.424690  2920
21.424690  3195
21.452616  2920
21.452616  2970
21.455088  3019
21.459113  3068
21.468082  3116
21.474808  3163
21.508948  20837
21.514866  8731
21.514866  8803
21.519031  20995
21.525828  21073
21.527581  21229
21.529733  8875
21.531906  21306
21.533719  9017
21.542635  9531
21.548992  9664
21.553776  9729
21.652520  65532
21.668608  65531
21.671100  65528
21.676264  65513
21.686197  65482
21.690742  65467
21.696340  65420
21.700345  65397
21.702657  65350
21.708380  65326
21.718228  65277
21.724745  65253
21.729969  21460
21.734334  21536
21.736347  65196
21.741391  65168
21.745456  65111
21.752692  65080
21.759250  65017
21.785102  64986
21.787534  64918
21.792099  64884
21.794272  64815
21.799356  64773
21.807446  64689
21.814463  64647
21.822454  64555
21.824826  16262
21.833137  64509
21.835070  64416
21.842307  16381
21.844979  64367
21.847092  16440
21.848845  65237
21.850738  65212
21.853370  64269
21.855982  65200
21.857995  64220
21.867005  64122
21.873722  16532
21.876194  64073
21.882532  65175
21.885204  63975
21.887376  16578
21.889429  63922
21.892775  63815
21.895487  63762
21.897160  65163
21.903098  63647
21.905790  16438
21.908422  16368
21.910255  63590
21.914400  65138
21.916772  63475
21.921617  65125
21.923450  65098
21.926122  65085
21.928035  63413
21.929788  63287
21.931940  63224
21.933793  65004
21.940656  64964
21.942529  64882
21.945835  16059
21.948247  15902
21.958589  64836
21.964407  15528
21.966879  64743
21.971044  64696
21.972777  15337
21.974650  64584
21.980153  64528
21.982146  64416
21.984498  64360
22.002463  64248
22.025785  21483
22.041351  64187
22.042944  64125
22.056303  64062
22.063319  63999
22.069876  63936
22.082276  63866
22.087260  63796
22.094556  63726
22.099180  63656
22.103105  63585
22.104698  63512
22.107270  63439
22.111235  63366
22.112848  63292
22.114641  63218
22.123650  63144
22.125982  63070
22.145642  63158
22.148833  62996
22.158920  62922
22.161432  62848
22.168348  62773
22.170041  62698
22.176443  62623
22.182193  62548
22.188670  62468
22.196485  62388
22.205894  62308
22.208026  62228
22.213010  62148
22.215442  63021
22.220726  62071
22.223058  62952
22.228681  62882
22.237990  61994
22.240302  61916
22.242574  62812
22.246319  61839
22.277799  61762
22.280511  61684
22.283003  61606
22.285535  61528
22.288207  61450
22.290559  61372
22.298055  61294
22.304612  61216
22.307264  61138
22.313461  61052
22.320218  60966
22.323688  60880
22.333237  60794
22.335030  60708
22.385204  2920
22.385204  3195
22.387736  3446
22.389309  3679
22.394992  2920
22.394992  2970
22.397184  3019
22.398917  3068
22.400490  2920
22.471387  8860
22.473080  21430
22.481135  21324
22.488491  21240
22.490644  21071
22.495488  8522
22.514552  9794
22.541818  9923
22.576015  15122
22.612515  62741
22.615167  62670
22.617639  62599
22.622643  62520
22.625255  62441
22.630339  62362
22.646252  62281
22.652439  62200
22.655925  62119
22.663940  62014
22.669803  61909
22.677219  61804
22.678852  61698
22.696423  61592
22.701187  61485
22.703699  61378
22.706071  61270
22.711095  61161
22.715779  20900
22.717991  61052
22.722056  60943
22.727539  60832
22.731644  9766
22.736009  60721
22.739315  60606
22.749822  60491
22.753502  60376
22.757507  9446
22.764863  60261
22.768928  60145
22.773602  60029
22.788994  59913
22.791226  59797
22.792919  59680
22.800115  59563
22.808524  59444
22.812110  59324
22.826451  59204
22.831922  59084
22.833655  58964
22.839777  14888
22.844302  58843
22.846634  14411
22.848826  58723
22.855123  58603
22.859328  60618
22.861960  58483
22.864332  60528
22.866664  14165
22.871489  58362
22.876493  58241
22.880498  60438
22.882970  58120
22.885462  57999
22.888034  60348
22.890686  57877
22.896344  13330
22.901168  12886
22.912774  57755
22.915226  60258
22.919200  57633
22.921293  57511
22.923985  60163
22.930083  60068
22.933094  57388
22.935646  59972
22.938278  20625
22.940650  59861
22.951763  12375
22.954435  11842
22.956807  57264
22.958680  57140
22.963963  57016
22.969067  56892
22.976743  56759
22.981607  11286
22.983919  59750
22.986451  56625
22.994426  59638
23.006586  59526
23.013383  59414
23.022212  59298
23.030187  59182
23.037503  59062
23.042267  58927
23.050202  58792
23.057498  58656
23.059191  58520
23.062262  58384
23.072929  58247
23.077473  58119
23.079805  57990
23.085149  57869
23.094478  57749
23.099242  57628
23.104026  57508
23.108778  57388
23.113882  57268
23.115615  57147
23.120079  57026
23.131575  56499
23.135560  56372
23.147091  10732
23.149603  56270
23.151336  56168
23.154127  56067
23.155840  20370
23.158272  55966
23.160644  20112
23.169737  27983
23.169737  27782
23.239734  2920
23.239734  3050
23.337814  19929
23.340446  19744
23.352794  19557
23.357358  19368
23.359750  8344
23.362162  8162
23.399217  9263
23.401370  8889
23.403922  8694
23.433117  27661
23.434810  27540
23.436962  27418
23.439234  27298
23.441806  27178
23.447429  27057
23.467145  26936
23.471660  26814
23.474811  26691
23.485133  26566
23.487365  26441
23.492129  26318
23.497113  26195
23.507335  26074
23.513118  25953
23.515770  25831
23.518422  25709
23.520674  25587
23.522866  19231
23.525338  25466
23.527870  25346
23.539564  8087
23.541177  7761
23.543110  7081
23.553558  10539
23.582724  10425
23.585276  10310
23.586989  10194
23.603914  10136
23.606126  10082
23.608778  19243
23.611490  10121
23.614062  5060
23.614062  5139
23.618607  5311
23.655872  5709
23.660876  9621
23.660876  9840
23.662509  10054
23.669805  25429
23.733752  3644
23.736384  2920
23.736384  3644
23.752309  4224
23.754981  4724
23.812001  10474
23.816785  10675
23.828633  11071
23.833297  11261
23.835350  8421
23.837982  8672
23.862859  7379
23.866804  7951
23.869516  8216
23.903347  11636
23.905779  3332
23.908411  8730
23.911103  8972
23.914569  9443
23.916861  9666
23.918854  10103
23.922899  10312
23.927624  6079
23.949408  6426
23.951760  6754
23.954312  7067
23.961053  7366
23.964878  7653
23.966491  11817
23.969023  7929
23.971016  8195
23.973188  8452
24.003006  8952
24.016069  12714
24.016069  12880
24.019140  3883
24.096627  28513
24.096627  28295
24.110540  5171
24.128522  5988
24.139683  6341
24.146101  7007
24.148373  7308
24.151839  7886
24.156503  8154
24.158396  8672
24.160908  8915
24.165113  9389
24.170097  9614
24.174242  10053
24.196270  11995
24.200335  4336
24.200335  4823
24.202507  5261
24.226275  10517
24.234985  10919
24.237617  11112
24.269026  12347
24.271598  12518
24.273631  4356
24.280229  11492
24.282941  11675
24.284914  12037
24.292111  9188
24.303867  12212
24.308612  12558
24.312957  9648
24.318141  12726
24.320234  13058
24.322802  9858
24.331532  13219
24.342375  10215
24.366792  10390
24.386379  10735
24.388012  6440
24.388012  6768
24.466663  10263
24.467275  10444
24.469967  28369
24.471620  14184
24.471620  14333
24.486391  13526
24.538964  12686
24.543529  13019
24.549906  10614
24.553911  10948
24.555564  11110
24.577327  5662
24.588450  4778
24.612807  13676
24.614440  13972
24.637203  13170
24.638776  13468
24.645353  14117
24.647526  14404
24.649718  14544
24.653104  14823
24.670523  14962
24.672456  10908
24.678454  11249
24.680886  15238
24.685890  15373
24.690216  15642
24.712506  11414
24.714579  11739
24.748678  11897
24.750471  3384
24.750471  4008
24.766118  12209
24.768550  6408
24.841378  11269
24.846222  11426
24.850787  7166
24.850787  7461
24.853079  13613
24.855132  7744
24.857844  8016
24.861869  5162
24.863442  5874
24.874256  2920
24.881093  15774
24.882966  16036
24.892295  11725
24.909514  11869
24.916271  12007
24.917944  12246
24.922069  12368
24.930959  13895
24.935684  14033
24.993462  16165
24.996154  16421
25.022044  14307
25.028382  14441
25.032987  16543
25.040778  16785
25.046935  16887
25.049128  17089
25.061623  12361
25.068061  12662
25.070773  17189
25.075318  17388
25.077910  17486
25.081196  17667
25.085980  17756
25.109478  12805
25.113943  13088
25.136802  13226
25.160359  2920
25.160359  3644
25.176804  13500
25.178437  13634
25.181388  6737
25.183421  7364
25.189408  7651
25.208201  6107
25.287316  4008
25.287316  4535
25.294145  6550
25.305985  6756
25.307858  5001
25.314754  3644
25.324350  17839
25.331467  18004
25.361461  12489
25.368058  12609
25.376069  14553
25.380713  14776
25.387850  12728
25.389823  12963
25.395601  14886
25.444350  18086
25.449869  18249
25.472633  15099
25.478911  15204
25.481084  18330
25.487961  18491
25.490633  18513
25.499863  18558
25.517203  13734
25.519815  13934
25.526392  18580
25.530297  18625
25.532429  18647
25.539367  18692
25.552921  14014
25.556867  14173
25.619306  2920
25.619306  3535
25.633100  12984
25.639118  14229
25.641171  7924
25.643344  8452
25.659431  14341
25.689866  15308
25.733968  13026
25.741863  18713
25.744195  2920
25.744195  3593
25.755776  6896
25.758248  7171
25.760440  4140
25.762632  7303
25.764585  4614
25.767237  5040
25.773235  4224
25.779713  5224
25.783658  5628
25.788622  18733
25.798190  18743
25.813298  13047
25.828586  14354
25.833111  15343
25.836956  15360
25.845873  8699
25.902281  18763
25.907205  18773
25.932916  15382
25.935548  15392
25.946391  18788
25.950336  18795
25.960205  18810
25.962457  18817
25.970987  7340
25.977744  14380
25.985657  14393
26.001699  18832
26.004111  18839
26.006004  18841
26.009849  18842
26.012101  18844
26.028646  14388
26.035083  14386
26.045846  14381
26.056173  65534
26.058026  65532
26.064044  65531
26.065837  65528
26.070002  65527
26.081363  65520
26.086267  2920
26.086267  3535
26.095856  65517
26.102393  4043
26.105105  4487
26.112976  8825
26.117601  9074
26.122425  9195
26.133249  14379
26.154320  15400
26.156493  14374
26.214788  13046
26.224716  13045
26.228641  2920
26.228641  3571
26.251544  7348
26.253896  7365
26.257981  3831
26.260193  4073
26.270521  6003
26.275146  13042
26.315886  13039
26.317639  15416
26.321963  15424
26.324555  12958
26.330912  12918
26.332565  65511
26.334578  65499
26.394290  18838
26.401167  18825
26.419193  15419
26.423818  15417
26.427804  15412
26.439549  18819
26.454997  18806
26.457409  7285
26.458982  18773
26.460855  18706
26.479347  14360
26.481839  14331
26.489056  6291
26.491249  6842
26.502351  18670
26.510162  18598
26.523915  18561
26.529753  18486
26.532991  14296
26.542080  18443
26.544073  14226
26.548877  18356
26.555554  14188
26.562391  14111
26.564683  9215
26.574227  65493
26.585868  65481
26.592326  65475
26.598504  65463
26.600656  65453
26.602569  65432
26.604901  2920
26.604901  3187
26.608686  3432
26.623179  3659
26.627664  9256
26.629457  9276
26.635020  3590
26.648454  15389
26.674184  14031
26.676736  13869
26.689791  7193
26.765550  2920
26.765550  3043
26.773385  6841
26.775338  3161
26.778309  6656
26.782414  6275
26.792756  3095
26.800831  3027
26.831050  18309
26.838306  18215
26.850725  65410
26.873309  12878
26.875781  9267
26.879527  65364
26.882159  65341
26.883912  15354
26.892042  15283
26.951301  18149
26.960925  18017
26.970708  15245
26.975652  15168
26.980756  15093
26.982509  14942
27.004294  17937
27.006387  17775
27.008939  17672
27.011132  17464
27.019762  7086
27.035410  13784
27.041029  13613
27.043261  7384
27.046667  7527
27.064986  17358
27.069291  17144
27.083344  17036
27.085796  16818
27.088068  12837
27.090221  12755
27.097058  13517
27.101063  13324
27.107560  16708
27.113678  16486
27.122448  16374
27.126713  13213
27.128606  12990
27.158110  65318
27.159963  65272
27.169392  65241
27.171565  65178
27.173697  65147
27.180914  65084
27.183266  2920
27.194143  65053
27.199107  9165
27.205724  8958
27.235948  6067
27.258332  12820
27.262420  12474
27.271150  12297
27.319004  12712
27.345062  5468
27.347354  5136
27.352298  2920
27.357481  4420
27.359613  4004
27.387224  12406
27.400977  8852
27.405022  16253
27.407654  16009
27.419669  8638
27.430311  14811
27.466694  65013
27.468867  64933
27.482959  14546
27.485411  14411
27.566200  15885
27.573791  15635
27.582620  14133
27.591389  13991
27.602131  13704
27.610261  13515
27.614826  13131
27.630473  15502
27.632166  15232
27.634558  15085
27.640396  14788
27.655583  12117
27.661501  11751
27.664013  7625
27.680198  7819
27.689247  7913
27.697577  14581
27.699490  14161
27.706467  8423
27.712445  64893
27.714118  13918
27.715831  13423
27.724580  11543
27.728346  11119
27.738634  13167
27.740207  12644
27.750275  10865
27.752308  10344
27.781709  64808
27.784321  64766
27.794204  64675
27.796536  64630
27.800781  64517
27.803173  64461
27.818639  7891
27.834385  7608
27.870897  7865
27.883592  10005
27.887098  9304
27.934419  12390
27.964381  3276
27.968986  2920
28.007842  12234
28.012866  11885
28.016751  64405
28.023867  11872
28.026379  11602
28.033616  7019
28.035888  6700
28.078562  11688
28.091798  64292
28.095843  8911
28.104246  64236
28.112137  12919
28.114190  12487
28.191297  11049
28.193929  10759
28.197415  12235
28.206684  11721
28.221930  11440
28.226735  10864
28.240168  10561
28.242660  9937
28.262351  10162
28.265043  9846
28.271828  9177
28.276253  8818
28.293876  8091
28.298800  7639
28.306551  7836
28.309003  7777
28.330807  8061
28.335811  7647
28.344441  6713
28.348906  6181
28.350479  11488
28.354724  6682
28.361381  6135
28.374576  5025
28.377771  4314
28.385762  4923
28.390626  4168
28.410576  64180
28.414681  64067
28.421219  64010
28.435993  63895
28.442730  63837
28.446635  63721
28.457736  6234
28.459469  63663
28.463474  5231
28.511622  7560
28.522328  7113
28.529604  2920
28.652325  63544
28.664433  11192
28.676785  3486
28.679197  2920
28.688586  4633
28.692551  3283
28.702379  2920
28.745296  63485
28.752373  63366
28.771646  9606
28.776271  8920
28.861855  8539
28.863848  7742
28.874817  7286
28.876890  6317
28.894989  5682
28.899714  4269
28.906411  3329
28.932459  10888
28.935091  10263
28.967801  63301
28.974698  6864
28.978124  6347
29.068499  63167
29.074876  63100
29.081074  62967
29.082747  62901
29.087552  62771
29.097540  62706
29.158220  6064
29.165497  5472
29.170621  5144
29.203755  9903
29.287658  62580
29.296048  9144
29.368694  62523
29.383157  62466
29.399203  2920
29.482961  8770
29.534866  8047
29.546219  7653
29.554629  6825
29.576872  4906
29.585821  4407
29.681879  62410
29.691307  62354
29.696051  62298
29.698683  62242
29.702243  62186
29.711932  62130
29.765089  4129
29.768955  3536
29.805271  6361
29.892411  62077
29.894024  62024
29.907837  5863
29.962473  61974
29.966438  3208
29.974688  61925
30.055393  5020
30.115026  4528
30.123269  3436
30.133177  2920
30.159254  2920
30.239347  30962
30.239347  30887
30.252785  30812
30.262772  30736
30.266058  30660
30.268350  30582
30.275086  30502
30.436788  30435
30.504214  30370
30.511950  30308
30.679464  3072
30.681217  3361
30.758736  30258
30.772684  30208
30.779720  30160
30.784504  30111
30.788409  30062
30.792334  30013
30.830546  3555
30.832319  3923
30.843320  4090
30.844893  4410
30.937248  29975
30.988712  29949
30.998260  29923
31.143688  4788
31.145681  5485
31.156023  2963
31.157856  3048
31.188042  2948
31.189715  3005
31.216663  14961
31.216663  14982
31.218815  3028
31.220888  3237
31.223600  15003
31.225353  15045
31.238468  3354
31.240061  3341
31.244166  3543
31.248311  3901
31.259893  5870
31.261966  6590
31.277154  6910
31.280185  7521
31.282757  3209
31.289474  7802
31.304721  3131
31.308847  3374
31.367783  15068
31.378725  3353
31.385103  4074
31.387276  4406
31.412206  3543
31.429166  15115
31.434669  3166
31.438894  3620
31.441026  15138
31.491788  3630
31.501037  3758
31.512838  4559
31.516943  4855
31.537224  3881
31.546213  4000
31.547986  4253
31.560621  3524
31.567179  3811
31.569671  8072
31.571264  8595
31.583738  3283
31.585851  3720
31.588023  3913
31.589996  3944
31.593502  4201
31.611201  4331
31.613234  4584
31.635298  3733
31.647160  5103
31.648933  5575
31.653098  5806
31.655091  6250
31.668805  8840
31.670658  9318
31.681320  3303
31.687897  9544
31.689510  9987
31.697050  4461
31.698743  4859
31.717441  4763
31.725892  5109
31.736794  5270
31.776893  3035
31.778766  3257
31.785927  3360
31.790548  5017
31.801630  6456
31.805755  6855
31.829941  4095
31.831634  4260
31.845881  15181
31.850066  15267
31.860096  3923
31.866395  4483
31.905065  10198
31.914889  5193
31.921226  5534
31.936433  7043
31.938725  7409
31.957381  5682
31.964138  5819
31.972689  5953
31.985845  5426
31.988177  5729
31.992042  5872
31.994754  10612
31.999298  10811
32.006909  4123
32.015480  4522
32.018012  6152
32.019625  6286
32.021198  6548
32.035530  6673
32.042847  6920
32.045339  7039
32.062379  4418
32.066764  15309
32.070210  15394
32.081191  7583
32.082984  7923
32.087516  8059
32.093715  8326
32.104364  8455
32.108329  11202
32.110921  11390
32.119971  11731
32.126668  11896
32.130913  6215
32.140159  6340
32.163884  7219
32.171041  7306
32.219843  3460
32.221496  3655
32.225921  4704
32.240689  8680
32.246786  8789
32.268863  4571
32.287735  15436
32.289768  15520
32.296465  4728
32.298138  5193
32.302370  5404
32.318731  3642
32.322697  4257
32.345914  6443
32.355802  6593
32.378186  7381
32.380279  8947
32.389489  9024
32.399572  6666
32.415334  6738
32.421691  6807
32.430512  7529
32.432784  6943
32.435216  7602
32.437329  3747
32.443367  12047
32.445560  12345
32.450304  12490
32.467066  4879
32.471032  5216
32.473644  7657
32.476875  5374
32.479447  7684
32.486004  7717
32.488256  7733
32.494714  4709
32.499159  7765
32.506535  7781
32.525435  15562
32.530934  15646
32.539703  9178
32.543508  9254
32.547733  9391
32.558083  9458
32.566293  12750
32.568605  12877
32.581380  13129
32.583732  13252
32.592442  6979
32.601951  6997
32.624777  7743
32.627309  7724
32.642002  7686
32.696733  3837
32.701078  4013
32.705283  4097
32.721510  9565
32.723742  9618
32.743888  4785
32.745501  4935
32.767825  15675
32.769518  15734
32.771990  5607
32.773763  5999
32.786678  4520
32.790583  5015
32.795507  13346
32.834378  7006
32.836291  6976
32.854588  6952
32.865371  9666
32.867483  7662
32.869496  9690
32.891021  6870
32.903796  5527
32.909100  6787
32.912826  7613
32.916671  7589
32.919323  6619
32.924487  13504
32.929351  13582
32.941887  4969
32.949119  5702
32.951831  5787
32.957749  7517
32.962853  7481
32.968752  7289
32.980561  7191
32.984746  6182
32.991085  6992
32.993277  6890
33.010978  15747
33.015124  15773
33.017356  15786
33.030990  9737
33.033162  9760
33.039180  9691
33.043465  9657
33.062675  13725
33.065187  13795
33.070525  13914
33.074850  13973
33.097634  6533
33.099347  6359
33.115758  6682
33.123514  6575
33.132104  4056
33.133917  6357
33.136069  6244
33.174620  5819
33.192934  4901
33.201763  3858
33.204135  3754
33.221835  9570
33.224447  9526
33.242366  4677
33.245612  4560
33.260599  15776
33.267337  6332
33.269230  15755
33.271842  6625
33.275787  14016
33.285363  6765
33.286976  5238
33.292775  5665
33.330552  6260
33.342253  6058
33.343966  5954
33.357921  5670
33.375481  9411
33.380484  9353
33.386223  9236
33.408067  5488
33.417856  5300
33.422082  3518
33.423915  6099
33.428400  5801
33.432545  4862
33.436530  14073
33.438842  14101
33.445340  14157
33.462165  5758
33.465851  5634
33.468563  5571
33.474581  5645
33.479126  5323
33.487935  5153
33.489908  4801
33.501050  4528
33.502703  3950
33.521263  15714
33.523216  15631
33.538323  9177
33.542049  9058
33.555650  8977
33.557283  8813
33.572490  14185
33.574423  14241
33.585385  14264
33.587538  14311
33.611501  4623
33.615566  4120
33.629759  3619
33.631632  2920
33.667698  5442
33.714375  3152
33.715968  2920
33.735420  15587
33.737772  8713
33.741937  8510
33.759256  4440
33.763960  4317
33.781359  15468
33.785404  15408
33.788116  6715
33.792880  6690
33.794573  14309
33.800951  5743
33.804977  5897
33.807189  5972
33.859307  3838
33.861040  3233
33.874974  2920
33.888548  5295
33.892773  8406
33.896779  8195
33.903585  8064
33.909463  7797
33.953711  14304
33.957696  14302
33.960368  14282
33.964553  14272
33.966746  4073
33.983531  4880
33.985763  4655
33.999637  6627
34.032209  15328
34.040047  15166
34.051069  7681
34.052922  7445
34.065957  7323
34.068110  7075
34.083697  14270
34.088521  14269
34.098005  14267
34.102829  14266
34.177134  4210
34.188356  3964
34.250319  6947
34.257077  6686
34.270331  3814
34.275075  3460
34.292754  15080
34.296720  14907
34.299072  6509
34.306109  14820
34.313825  5951
34.315738  6269
34.317970  5909
34.408550  6551
34.410623  6274
34.422524  6130
34.426550  5834
34.432897  5679
34.463473  14265
34.465566  14263
34.480479  2920
34.495636  3703
34.498268  14644
34.504769  6145
34.525959  5774
34.554441  14555
34.556634  14375
34.567556  5359
34.570228  5190
34.577819  4832
34.590599  4640
34.597456  14262
34.606685  14261
34.609057  14260
34.616054  14258
34.620798  14256
34.690463  3144
34.692695  2920
34.769075  4240
34.776431  4021
34.814359  14281
34.816072  14092
34.820996  14254
34.830065  6018
34.832537  5889
34.834969  5591
34.841986  5213
34.845971  5011
34.918254  3580
34.919827  3332
34.937346  2920
34.967803  14262
34.970475  14270
35.001009  14008
35.002822  13839
35.042891  13780
35.044804  13661
35.093595  14287
35.102743  14304
35.104356  7152
35.104356  7190
35.108381  7237
35.114348  7283
35.208799  5782
35.230792  4813
35.316783  13601
35.319355  13480
35.322366  13419
35.324099  7329
35.329657  5691
35.332688  5599
35.339384  4471
35.341417  4287
35.442385  7424
35.445037  7517
35.468579  13360
35.471151  13330
35.508157  13277
35.510409  4228
35.512981  13250
35.536299  2927
35.540165  2941
35.561859  7626
35.572628  7734
35.574581  3867
35.574581  4080
35.578706  4282
35.582072  4676
35.644884  2974
35.651382  2920
35.651382  3144
35.656706  3064
35.657994  3073
35.671049  3393
35.673142  4178
35.687984  3325
35.689637  4037
35.705104  13444
35.707356  13539
35.709409  5128
35.715047  3735
35.717439  4238
35.721844  4608
35.726309  5305
35.781319  3968
35.783891  4410
35.791662  4673
35.793315  5559
35.806510  5952
35.808682  6307
35.828734  13810
35.832859  13943
35.838857  3629
35.840690  4770
35.845294  5204
35.860283  14231
35.862475  5703
35.870099  14372
35.871732  6444
35.881141  6772
35.885067  5939
35.886940  6650
35.891105  6967
35.894631  7573
35.910385  6977
35.917742  7280
35.942198  3644
35.946143  4804
35.982959  4736
35.988402  3760
36.003549  7852
36.009687  8390
36.012279  8641
36.014232  9130
36.016764  9361
36.021409  4560
36.023402  5487
36.027807  5872
36.031612  14666
36.036976  14810
36.045526  5182
36.047579  5997
36.052922  7396
36.057526  7681
36.107853  4889
36.114590  5753
36.117082  9812
36.119634  10027
36.122086  10448
36.131936  7570
36.134009  8128
36.142259  5244
36.156587  15095
36.159139  15235
36.168429  5610
36.172554  6363
36.189214  15512
36.191726  15648
36.193339  15918
36.202949  8231
36.204642  8487
36.218076  10650
36.220189  11047
36.222901  11238
36.228719  11614
36.239341  8388
36.241673  8892
36.272227  6050
36.279244  6399
36.290566  7059
36.320340  6120
36.326718  4322
36.328371  5300
36.346230  11796
36.352268  12154
36.358865  12320
36.361517  12649
36.363330  6232
36.367575  6910
36.373992  16050
36.375645  16313
36.386347  6695
36.388220  6349
36.389953  7014
36.394238  8985
36.401274  9220
36.458239  6810
36.460471  7120
36.462584  12809
36.464537  13125
36.467109  9129
36.468702  13265
36.472188  13542
36.474360  9592
36.476972  13677
36.479045  9812
36.503123  16441
36.514660  16695
36.517332  7326
36.522636  7614
36.530667  8169
36.535451  16819
36.539716  17065
36.549325  17169
36.554130  9678
36.570617  9896
36.572630  13924
36.577474  7215
36.581299  14045
36.585045  17375
36.587657  14282
36.590309  14398
36.600573  10229
36.609502  10429
36.635966  7358
36.647307  7932
36.655937  8198
36.657610  8713
36.693346  5698
36.699943  6440
36.701776  6768
36.732318  14627
36.736663  14739
36.742481  14945
36.745133  15046
36.746746  7801
36.754062  8072
36.758407  17473
36.764432  8595
36.768717  17669
36.776173  7315
36.777786  7893
36.780378  8160
36.782031  10098
36.783984  10495
36.787969  10686
36.857873  7416
36.859446  15228
36.862158  15318
36.863791  7986
36.866463  10603
36.868276  15439
36.873620  15499
36.875753  8250
36.877746  10945
36.891500  11111
36.908240  17765
36.913304  8427
36.917410  8928
36.919842  17957
36.924107  9136
36.926220  9543
36.935509  18040
36.937362  18206
36.964061  11022
36.974724  15616
36.979548  11185
36.984512  15674
36.996648  18257
36.998381  15752
37.002686  18358
37.007650  18408
37.009343  15790
37.011176  11438
37.015561  11596
37.059318  8955
37.061311  9427
37.063823  9568
37.065436  8711
37.067668  9846
37.070260  9981
37.109066  7080
37.112732  7677
37.139628  15864
37.147918  15901
37.152563  15959
37.157215  15988
37.159068  8823
37.161241  9268
37.178221  9455
37.180054  18483
37.181627  11326
37.184159  9821
37.188054  18520
37.194591  8419
37.197917  8921
37.200169  11471
37.211490  11542
37.224964  11718
37.284974  16032
37.287126  8912
37.288799  16054
37.290912  9305
37.293204  16098
37.297869  16120
37.299822  11840
37.310484  11900
37.323638  7935
37.343149  9729
37.344782  18590
37.349227  18625
37.357458  10094
37.361643  18659
37.363276  10167
37.368120  10312
37.382594  10383
37.388432  18675
37.390425  11604
37.394830  16156
37.397342  16174
37.402981  11634
37.410641  9134
37.430580  16184
37.432832  16189
37.435025  18708
37.437157  16199
37.440783  11953
37.443974  11979
37.448479  18724
37.483058  10110
37.485690  10365
37.492147  9366
37.496492  9487
37.498904  10405
37.505881  10486
37.549450  8116
37.554055  8470
37.559159  8639
37.575420  16204
37.587902  16214
37.594359  9935
37.595932  16219
37.599418  10160
37.601810  16229
37.604482  11663
37.608427  18728
37.615503  18730
37.619688  10201
37.625906  10283
37.632803  9235
37.634776  9436
37.638841  11699
37.640574  11717
37.645298  11753
37.647690  9534
37.661004  11996
37.699902  10526
37.724793  16219
37.728958  16199
37.731190  9536
37.733023  9633
37.735315  16184
37.737388  16153
37.739540  12010
37.746321  12017
37.797133  18734
37.799785  18736
37.808096  10454
37.810049  10595
37.814453  18734
37.818838  18733
37.823063  10600
37.824716  10611
37.842136  11756
37.846801  16133
37.849772  11763
37.852304  16092
37.884911  16071
37.886604  18731
37.889036  16029
37.891228  16006
37.893341  12007
37.895733  15959
37.898225  18730
37.901531  12002
37.904123  11992
37.938369  10536
37.946979  10556
37.948632  9639
37.951144  9652
37.953696  9658
37.963819  10550
37.977813  10538
37.990668  8695
38.018810  8743
38.021222  8767
38.051097  10596
38.053290  15922
38.054943  15848
38.063600  15808
38.065233  15728
38.067705  10322
38.069698  11766
38.071431  10399
38.073603  10437
38.077768  18676
38.079481  9562
38.084125  18649
38.086158  18595
38.110675  11727
38.112867  11968
38.114740  11708
38.116873  11618
38.121578  11573
38.202258  15688
38.209789  15608
38.212940  15557
38.214753  11919
38.216406  15454
38.223103  11895
38.232112  8755
38.271384  18568
38.272977  18514
38.284186  10553
38.286119  10465
38.292216  18487
38.293869  18433
38.298314  10413
38.301800  10308
38.330041  9551
38.334267  11500
38.336120  15403
38.340006  15299
38.344650  11353
38.369228  18384
38.370881  18286
38.374826  15230
38.379051  15092
38.382022  11800
38.388347  15021
38.389920  14878
38.392452  14806
38.394924  11752
38.396597  10532
38.400562  10520
38.402874  11598
38.409312  11520
38.442342  10466
38.446587  9628
38.450892  9567
38.475327  10357
38.477799  10292
38.481325  10161
38.514766  8678
38.531032  8523
38.562866  14635
38.567790  14549
38.571136  14372
38.573288  10431
38.574981  10419
38.577133  14283
38.584564  18232
38.588710  18124
38.593015  18065
38.596920  17946
38.599592  10353
38.601765  10219
38.606469  9470
38.608542  9305
38.612687  11272
38.622784  11107
38.625416  11024
38.630121  10856
38.660316  9512
38.715725  9308
38.720589  14079
38.724834  13976
38.728939  9204
38.732434  11431
38.734986  8444
38.736559  11250
38.738891  8284
38.748180  13728
38.750312  13602
38.765380  10226
38.767093  10061
38.791589  17881
38.793242  17749
38.804784  9967
38.808530  9777
38.813494  17654
38.815627  17463
38.817819  10151
38.820012  9680
38.821725  9484
38.824217  9221
38.830695  9052
38.844184  10744
38.846596  10516
38.855246  13348
38.858337  13219
38.863081  10366
38.869039  10061
38.890030  17367
38.891603  17173
38.906970  12941
38.910582  11132
38.912215  12799
38.914268  10893
38.916700  12499
38.919212  10016
38.921345  12346
38.922958  9721
38.925450  10754
38.927543  10471
38.937571  10326
38.947815  8182
38.967228  9048
38.988963  8731
38.992174  8567
39.007201  9569
39.011286  9260
39.013918  9092
39.016630  8748
39.061926  8931
39.068763  7852
39.073328  7680
39.085564  12035
39.092661  10008
39.102805  9717
39.107889  9567
39.109502  11876
39.116439  17060
39.118112  16832
39.120544  11524
39.122716  16716
39.124469  9227
39.126961  11343
39.133359  8586
39.135052  9950
39.137604  8407
39.140156  9051
39.143602  16481
39.146174  9889
39.147767  9539
39.163160  9336
39.165273  8920
39.253567  8370
39.255440  7966
39.267859  10974
39.270830  10784
39.282151  9744
39.283924  9324
39.287909  7458
39.291275  6999
39.296019  10396
39.302776  10195
39.311746  9295
39.325181  8909
39.333651  16362
39.338036  16122
39.340288  16001
39.355895  8696
39.361993  8259
39.364585  15737
39.369429  8029
39.371342  7556
39.373994  15603
39.381351  8184
39.389762  7725
39.394267  8702
39.402497  8255
39.410847  9685
39.413119  9417
39.425475  8007
39.427068  7495
39.442275  15333
39.464907  15196
39.467060  8865
39.469572  8572
39.472064  9105
39.474217  7966
39.476489  8655
39.478102  7640
39.480514  8526
39.482147  8070
39.484619  8411
39.487011  7909
39.489643  7754
39.491855  7829
39.545274  7264
39.550078  7003
39.570411  7262
39.572543  8851
39.574576  6957
39.576209  6313
39.578561  5959
39.618504  6749
39.627094  6987
39.629306  6230
39.631838  6630
39.638176  8441
39.641582  8226
39.653802  14893
39.658926  14739
39.660999  5891
39.665504  7759
39.667816  5475
39.671742  7512
39.673435  4580
39.680431  7468
39.682084  6936
39.684336  7589
39.686329  14427
39.688441  6921
39.690973  7197
39.692666  6575
39.695318  14268
39.715774  6199
39.736804  6333
39.801420  5943
39.803193  5111
39.823311  4045
39.825084  2920
39.833913  5874
39.837179  5119
39.841923  6546
39.843796  5752
39.848261  4636
39.850274  3569
39.881846  7232
39.884098  6554
39.885951  6180
39.893607  6650
39.897053  6053
39.899964  14107
39.902576  13781
39.917108  5366
39.921952  13614
39.928310  4898
39.934128  3863
39.936680  13276
39.943556  3207
39.947302  5648
39.951667  4780
39.960936  5800
39.968053  5374
39.970225  4914
39.986465  4411
39.998865  13092
40.002930  12718
40.004523  3851
40.044474  5300
40.046986  4319
40.051091  5491
40.053763  4475
40.058787  3717
40.060460  2920
40.115260  4628
40.128594  3852
40.131066  3560
40.135750  2920
40.201640  2920
40.206404  7223
40.228053  12502
40.239394  6922
40.241167  12063
40.243519  6608
40.248143  6279
40.250795  4267
40.254305  11836
40.260922  11372
40.263254  3118
40.272490  3176
40.291966  2920
40.309418  2920
40.435995  5913
40.446757  2920
40.457963  11131
40.462168  2920
40.464959  10615
40.468070  10345
40.501414  9790
40.513394  9497
40.560626  9204
40.575757  8901
40.749501  5517
40.778203  5111
40.780875  8633
40.783746  2920
40.786258  8357
40.794023  8087
40.796435  7808
40.985414  7554
40.987686  7291
41.018959  7028
41.036144  6755
41.085702  6471
41.094401  3235
41.094401  2920
41.422276  2927
41.426142  2941
41.433478  2948
41.436010  2962
41.453578  2990
41.457343  3004
41.469906  2948
41.471639  2962
41.482680  2927
41.484353  2941
41.486066  2948
41.488678  2962
41.501933  2948
41.510802  2927
41.533980  3006
41.535753  2992
41.540857  2985
41.544403  3112
41.546815  3173
41.566147  3035
41.578803  3028
41.634336  3369
41.638341  3101
41.640833  3425
41.643305  3597
41.645038  3161
41.647875  2945
41.660551  3488
41.665515  3688
41.671613  3482
41.680243  3652
41.682815  3185
41.686860  3360
41.691804  3696
41.694336  3924
41.743431  3336
41.745384  3931
41.750867  4208
41.752460  4469
41.759524  4307
41.761956  4572
41.763649  4979
41.765981  5208
41.767734  5080
41.770326  5308
41.771959  5646
41.774171  5746
41.783480  3510
41.786132  3209
41.788025  3736
41.792070  4100
41.794861  3607
41.800879  4052
41.807196  3605
41.809389  4062
41.811541  4408
41.818178  4623
41.819851  4271
41.821884  4686
41.831560  4911
41.833273  5341
41.837518  4358
41.842043  4911
41.844475  5153
41.846707  5390
41.852046  5844
41.858903  3340
41.863608  4010
41.866100  4289
41.874690  4811
41.878575  3299
41.880748  3927
41.914534  3324
41.916886  3921
41.922269  3479
41.924002  4038
42.003404  5578
42.004977  6032
42.007309  6242
42.009422  5885
42.011235  6344
42.029015  5981
42.033380  6433
42.040217  4016
42.046135  4679
42.051019  4963
42.054625  4409
42.056278  5156
42.058011  5623
42.064628  6053
42.066541  6458
42.103560  4237
42.108045  4805
42.114562  5060
42.118528  5544
42.121220  4294
42.125406  6557
42.127499  6969
42.129631  6643
42.136429  7050
42.139021  7241
42.140874  7163
42.145159  7540
42.147691  7614
42.152016  7791
42.153729  7719
42.156061  8138
42.162248  8069
42.171625  3968
42.173278  4404
42.177323  4600
42.178916  4984
42.185133  6648
42.187785  6838
42.189938  5238
42.191951  5722
42.201380  5837
42.203073  6249
42.205625  6647
42.209171  7015
42.211443  7208
42.213975  7383
42.222186  7726
42.233488  6441
42.235261  7890
42.237194  6815
42.239906  7189
42.241919  7530
42.244271  7690
42.247737  8003
42.252581  5043
42.254254  5487
42.268602  5691
42.271234  6084
42.276098  4190
42.277911  6268
42.282675  5231
42.284448  4684
42.286960  4905
42.320889  4174
42.325721  4650
42.330925  4863
42.340381  4535
42.343727  4991
42.348311  5198
42.425152  8125
42.427444  8239
42.429217  8220
42.431090  8518
42.443634  8299
42.446266  8614
42.451090  5740
42.457627  6991
42.462072  7335
42.468709  8106
42.475266  8309
42.522753  5765
42.527038  6190
42.532222  6388
42.534914  8654
42.538460  6771
42.540572  8763
42.542325  9057
42.549222  9185
42.552528  9438
42.555160  9514
42.557372  8922
42.562276  9665
42.564468  9739
42.568593  4788
42.575490  5150
42.577882  9040
42.579615  9273
42.583700  5943
42.585853  9329
42.587926  8444
42.590358  9442
42.592970  6369
42.598808  6568
42.600941  7438
42.602834  8544
42.604947  6954
42.610091  7642
42.612383  9497
42.614416  8408
42.616189  8604
42.620893  8741
42.623565  7741
42.627351  8837
42.630777  8961
42.639506  9022
42.641199  7937
42.646203  8699
42.649889  8888
42.652321  8032
42.658059  8954
42.659632  9086
42.661764  9151
42.663577  5957
42.665230  6375
42.667542  6433
42.669455  6755
42.689567  6873
42.691360  7106
42.693952  6471
42.700869  5116
42.702662  5520
42.731383  5397
42.737741  5067
42.741867  5459
42.754551  5780
42.759135  5959
42.795688  5318
42.823330  3318
42.828629  4018
42.830981  4191
42.835406  4523
42.844535  9082
42.848560  9552
42.851826  9662
42.867681  9203
42.870193  9812
42.875651  9958
42.883107  9262
42.887033  8108
42.889553  6647
42.891925  8259
42.905159  9211
42.913150  9330
42.915542  7204
42.924372  5707
42.955581  6952
42.962118  7304
42.964430  5641
42.971368  7471
42.975773  10030
42.979898  10173
42.981551  6008
42.986235  10243
42.994425  9694
42.995998  10383
42.998610  10401
43.000243  9759
43.002555  10437
43.017068  9791
43.018981  5480
43.021094  5796
43.023446  9353
43.025638  9398
43.027271  9855
43.029503  5945
43.031536  7544
43.033708  9887
43.035461  7093
43.037054  9951
43.039546  7580
43.041399  7367
43.043631  7444
43.049829  7597
43.052461  8333
43.054534  7672
43.056267  8480
43.058759  9388
43.060592  9505
43.068049  9487
43.070601  9531
43.072414  9570
43.075126  9589
43.081484  8537
43.090114  9549
43.092067  9637
43.099064  9639
43.100757  6707
43.102830  7286
43.106975  9643
43.113532  7326
43.121942  8650
43.124454  6826
43.127445  7377
43.129837  7402
43.131590  7453
43.142812  5821
43.147397  6046
43.150009  6154
43.186107  5723
43.192725  5885
43.195177  5964
43.202154  6057
43.208172  6154
43.209845  6202
43.212217  10435
43.261756  9943
43.269547  4588
43.273193  4717
43.280629  4739
43.284754  9572
43.288979  4783
43.292405  4805
43.301674  9922
43.303826  8654
43.305459  9912
43.312196  9624
43.320114  9515
43.322446  9487
43.331216  10431
43.335441  10429
43.344391  6860
43.346104  6927
43.348736  8591
43.353720  8560
43.369067  9585
43.371539  9566
43.415697  6246
43.418309  7616
43.425606  7688
43.446152  10413
43.456644  10405
43.460569  6048
43.462242  10345
43.464874  10315
43.466787  9866
43.469419  10221
43.472131  9843
43.476436  10174
43.488952  9430
43.491564  9770
43.494535  9734
43.496728  7686
43.498341  7681
43.500713  9656
43.503045  9617
43.504838  7740
43.506791  6082
43.509463  6099
43.511316  9401
43.513309  7876
43.518073  7858
43.519926  8496
43.522178  7821
43.528455  9527
43.530747  9508
43.534133  9325
43.539217  8464
43.540910  9287
43.542623  8400
43.547367  9178
43.553325  9123
43.562035  9420
43.566300  7436
43.568213  7402
43.575350  9376
43.577463  9264
43.586932  9207
43.588665  8338
43.593170  6188
43.597575  6915
43.599208  8212
43.603433  6891
43.605665  7385
43.607678  7351
43.610290  7326
43.612163  7275
43.630860  6107
43.632753  6066
43.643535  6013
43.663988  6216
43.673078  5957
43.675350  5929
43.693090  6053
43.695682  5970
43.706719  5961
43.718080  7602
43.735539  7803
43.745763  4826
43.750288  8952
43.753359  4869
43.766620  4800
43.773157  4660
43.777762  9549
43.790058  9412
43.797614  9343
43.803792  8865
43.808257  10104
43.810450  8689
43.815035  9962
43.817527  6879
43.819560  8599
43.821233  9890
43.830423  6855
43.832715  6843
43.835387  8133
43.837260  6018
43.839453  7972
43.858705  9123
43.861951  8952
43.873932  8865
43.880889  5862
43.909682  5857
43.927481  7522
43.934765  7359
43.944987  9745
43.951464  9672
43.957782  9519
43.960494  9203
43.966918  9442
43.969111  9132
43.975709  9245
43.977941  9145
43.988384  8989
43.991036  8373
43.993228  4570
43.995261  8917
43.997454  8257
43.999207  7250
44.001340  7029
44.003872  8709
44.006304  6915
44.007917  5816
44.009970  8603
44.012043  5518
44.016695  5361
44.018448  7720
44.020141  7551
44.026918  7874
44.028831  7451
44.033536  7676
44.035389  7247
44.039614  8679
44.043759  8022
44.046211  7564
44.048823  7901
44.054706  7335
44.063815  8585
44.070033  7607
44.074138  7455
44.075831  8388
44.078523  8288
44.083807  7168
44.085660  6950
44.092657  7988
44.096902  7832
44.105372  7163
44.111030  6772
44.113662  6809
44.115974  6795
44.120119  6629
44.126576  5648
44.128529  6478
44.135546  6309
44.141784  5961
44.148482  5871
44.150075  5569
44.165742  5410
44.189226  5671
44.191858  5276
44.195288  9000
44.197461  5064
44.213202  5192
44.226162  4944
44.228295  4423
44.230927  8451
44.234932  5149
44.238678  4706
44.273236  7036
44.277421  6814
44.278994  4348
44.283039  3882
44.301791  3594
44.304103  2971
44.311794  7614
44.316918  8131
44.324474  7965
44.331072  6312
44.333584  6041
44.337889  8705
44.340041  8552
44.348352  6502
44.349965  4965
44.353950  6242
44.357161  6570
44.359194  6075
44.377756  7154
44.386086  6909
44.396688  4605
44.435917  4060
44.439243  6757
44.454651  6294
44.457143  6046
44.459216  7105
44.461149  6814
44.471631  8187
44.475856  7996
44.477729  7542
44.480201  7589
44.489538  7392
44.491371  7301
44.500121  6792
44.507198  6519
44.511363  6895
44.517960  6629
44.519593  5398
44.523978  5529
44.526210  5038
44.528083  5247
44.530136  6075
44.532728  5773
44.534341  4464
44.536114  6588
44.538247  6120
44.542512  3953
44.551381  6107
44.553414  5808
44.555407  5865
44.557200  5248
44.559532  4706
44.562798  5332
44.567642  6389
44.569774  6108
44.571747  4266
44.574099  3811
44.577805  4930
44.581970  4253
44.592652  2920
44.597017  5513
44.599489  5184
44.608120  4335
44.610053  5671
44.612485  5060
44.614597  4718
44.618523  4483
44.626379  4078
44.636702  3607
44.639653  3801
44.643339  5581
44.646031  2920
44.654401  3984
44.656913  5294
44.661018  3549
44.668689  2920
44.676489  3889
44.684225  3395
44.712016  6234
44.732708  2920
44.735320  3458
44.742357  2920
44.746083  4873
44.747756  5455
44.751741  2920
44.758938  3536
44.775085  2920
44.856853  3607
44.866769  4758
44.869461  4359
44.874046  3487
44.895954  5638
44.900779  5309
44.905144  4609
44.907636  2920
44.913514  4951
44.921594  4217
44.937360  2920
45.018898  4470
45.022903  5003
45.025495  4302
45.039508  4188
45.042080  2920
45.044073  3674
45.046465  3088
45.056967  2920
45.085234  4016
45.087247  3511
45.093070  2933
45.095322  3895
45.097435  2995
45.113581  2920
45.188216  3781
45.196986  3295
45.270018  2920
45.399903  2920
46.796596  2927
46.822245  2992
46.824298  3133
46.860752  3129
46.862865  3520
46.870082  3108
46.876559  3196
46.899997  3043
46.901810  3279
46.904522  3064
46.906295  3339
46.922401  3455
46.923994  3681
46.930571  4105
46.932144  4295
46.936369  3598
46.938641  4079
46.940234  4301
46.942886  4723
46.946991  3592
46.949543  3768
46.951176  4924
46.952909  5310
46.960285  3224
46.962957  3774
46.989117  3443
46.995574  3282
46.997467  3926
46.999679  3260
47.001692  3934
47.006436  4213
47.011504  4734
47.023899  3231
47.025547  3531
47.028658  3788
47.040279  3850
47.078178  3491
47.080171  3224
47.082024  3890
47.084676  3774
47.087068  3144
47.088941  3560
47.093625  3158
47.095518  3599
47.100222  4454
47.102454  3195
47.104087  4715
47.108712  3697
47.111244  3914
47.113217  4324
47.115589  4009
47.121947  4171
47.124399  4509
47.126332  4353
47.130457  4865
47.139946  5030
47.141799  5349
47.171639  4009
47.185787  3194
47.193657  3683
47.219755  3725
47.224319  4247
47.252668  5208
47.254880  5431
47.259605  5859
47.263390  4702
47.265702  4863
47.294664  4074
47.296377  4426
47.298589  3792
47.300342  5489
47.301935  5835
47.316682  4482
47.318255  4840
47.323319  5005
47.325072  5326
47.329277  5476
47.336574  5998
47.340520  6315
47.344985  6465
47.349030  6759
47.351602  6899
47.355048  5176
47.357380  7138
47.359632  7253
47.363957  4451
47.366669  5323
47.370655  4650
47.372288  5608
47.380938  5031
47.397657  4195
47.399830  4966
47.402003  5408
47.404495  4698
47.406727  4922
47.411392  5611
47.415477  6002
47.426919  4027
47.467617  4626
47.469630  5009
47.472062  5186
47.474175  4235
47.476228  3779
47.480173  4664
47.482865  4192
47.484518  4378
47.488823  4159
47.491435  4326
47.493148  4648
47.495380  6057
47.499546  6440
47.505983  5495
47.508076  5779
47.510788  5914
47.516726  6178
47.521890  5743
47.523463  6008
47.526175  6304
47.533352  6552
47.535944  6671
47.537937  5622
47.542481  6842
47.556196  6925
47.593308  4475
47.595081  4909
47.602637  3895
47.604670  4296
47.622248  4478
47.638868  5107
47.640881  5487
47.643313  4252
47.668070  6610
47.675606  6942
47.678258  7085
47.679931  6117
47.682064  7365
47.684536  6331
47.709252  5357
47.711265  7352
47.713018  7547
47.721668  5688
47.734442  4858
47.738767  5764
47.740440  6042
47.742992  6174
47.745544  6434
47.754014  7631
47.759178  7797
47.765715  7872
47.767848  6407
47.769521  6558
47.772213  8022
47.776997  8082
47.781023  5207
47.782796  8202
47.784968  6632
47.786921  6778
47.789093  5548
47.796230  5696
47.800175  5985
47.819436  6185
47.824739  6540
47.826871  5136
47.829024  5547
47.840626  6646
47.853021  6855
47.890912  5844
47.892505  6147
47.900755  5232
47.903347  5405
47.905200  4556
47.907173  4798
47.908926  5741
47.911618  5088
47.914070  5225
47.916223  4899
47.918535  7488
47.920468  7730
47.924233  5492
47.927759  6995
47.930371  7134
47.935199  7202
47.936812  7337
47.946360  6812
47.948692  6880
47.953976  6522
47.960234  7403
47.962427  7534
47.966971  7548
47.968584  7576
47.972869  7589
47.981899  8250
48.021365  5606
48.023038  5839
48.028102  4652
48.034540  5737
48.036313  4988
48.051200  4465
48.054986  4872
48.072165  5918
48.084401  6075
48.102060  6291
48.106445  7790
48.111210  7909
48.115255  7959
48.117328  8059
48.119860  5058
48.124185  8108
48.125758  6913
48.127331  6980
48.151208  8332
48.158164  6385
48.160516  6431
48.164222  8372
48.182182  6570
48.186167  6666
48.187840  6713
48.190312  6807
48.199142  6831
48.200735  6880
48.206358  7602
48.207991  8437
48.213015  8469
48.216261  8518
48.223477  8542
48.225330  7013
48.229076  8591
48.231248  8579
48.233341  8555
48.235733  7079
48.238245  6080
48.241551  6267
48.246222  7081
48.250447  7086
48.252919  6310
48.260870  7088
48.262743  6397
48.265275  6439
48.282882  5144
48.287128  6953
48.289281  7147
48.294065  7241
48.296238  5847
48.298211  6063
48.303135  6167
48.307261  4984
48.320057  7328
48.323723  7371
48.364817  6447
48.374047  5899
48.376100  6479
48.378212  5619
48.380365  5212
48.384637  5512
48.387149  6207
48.389441  5867
48.391933  5653
48.393726  6254
48.395699  8154
48.397612  6348
48.400184  5892
48.401897  5942
48.406062  8247
48.423421  6981
48.429878  6927
48.434263  7530
48.443073  7385
48.447638  7248
48.453383  6968
48.490711  6116
48.497907  6198
48.499500  5213
48.501093  5350
48.503345  5417
48.516949  5034
48.531942  5134
48.591061  8264
48.596929  8299
48.598842  8311
48.603286  8336
48.607471  6732
48.610981  6632
48.631987  8528
48.637765  6844
48.642130  8474
48.644722  6470
48.650920  6451
48.653352  6442
48.664155  6823
48.668141  6752
48.670393  6706
48.679283  6574
48.683468  6507
48.692258  6189
48.694470  8447
48.698176  6022
48.700089  8392
48.705552  8352
48.714726  8272
48.717118  8150
48.724634  7901
48.727226  7754
48.729279  6194
48.731032  6403
48.733704  7455
48.736036  6481
48.737689  6565
48.739282  6285
48.744326  5942
48.746518  5761
48.751857  6501
48.761066  6371
48.775573  7388
48.779459  7422
48.783584  6207
48.788468  6213
48.801963  5660
48.804016  7334
48.813453  7156
48.817598  8240
48.851118  6377
48.866805  6228
48.873542  5578
48.876054  5923
48.878466  5537
48.880099  6387
48.881812  5959
48.883445  8040
48.885597  6466
48.887749  6332
48.889402  6675
48.891075  5994
48.893767  7938
48.897972  6059
48.904636  5916
48.906489  6011
48.908442  5723
48.910594  6327
48.912866  6144
48.914559  5572
48.916652  5738
48.919004  5521
48.920597  5351
48.927694  5130
48.937857  5070
48.942342  4824
48.956104  4211
48.958756  3860
48.960929  3094
48.971691  6292
48.992896  5428
49.011315  6181
49.013068  6147
49.015500  5164
49.017113  5025
49.021398  6091
49.023251  5142
49.026837  5158
49.036505  7053
49.044416  5011
49.046029  4708
49.050613  6058
49.052386  5877
49.099565  5389
49.103670  7835
49.105243  7625
49.108474  7517
49.110087  7298
49.118062  4554
49.120614  4230
49.144347  7300
49.146739  6982
49.158979  5713
49.163987  5277
49.174275  5850
49.178779  5496
49.192592  5308
49.194685  4862
49.197237  4619
49.206961  4079
49.211845  3774
49.213918  6816
49.217684  6475
49.219397  4874
49.226054  6276
49.233210  5866
49.237435  5618
49.242519  5099
49.245211  4772
49.247164  4073
49.249536  3531
49.252148  6088
49.253781  5665
49.258246  3112
49.260359  5784
49.262092  2920
49.268509  3663
49.278712  5438
49.284990  4964
49.291068  6898
49.293261  5901
49.294974  5507
49.301431  6580
49.306215  5296
49.307968  6413
49.326246  6071
49.330531  5890
49.356994  5025
49.358667  4495
49.376054  2920
49.383745  5162
49.386237  4687
49.390881  4199
49.392714  7186
49.394687  6957
49.396839  4426
49.398892  5727
49.400505  6839
49.402438  5336
49.404910  3565
49.410713  5383
49.414399  5107
49.416072  4627
49.421890  3366
49.424941  4991
49.430764  4712
49.434010  4120
49.499189  4857
49.522826  5481
49.524679  4514
49.526272  3737
49.528904  4547
49.530497  4213
49.532769  4841
49.538727  3268
49.555112  3837
49.556925  3011
49.563582  4479
49.565715  3696
49.572392  3222
49.597183  4121
49.617634  6632
49.623852  4362
49.628976  6205
49.633421  3705
49.635234  5977
49.645058  5468
49.652315  5190
49.683518  3208
49.687604  2920
49.699744  3097
49.707835  2920
49.712060  4632
49.717958  2920
49.731836  3921
49.756841  2920
49.769536  4514
49.784823  5603
49.799171  3458
49.803916  2920
49.826464  3775
49.835400  3333
49.839845  3696
49.850208  5000
49.852480  4662
49.870018  3928
49.871791  3493
49.924669  2920
49.931985  4840
49.933958  4089
49.940215  3970
49.944760  3108
49.957155  2920
49.968737  3175
49.970910  2920
50.007342  2920
50.046966  2920
50.074114  2920
50.082065  2920
50.146609  3645
50.181504  2920
51.698616  3006
51.704279  3048
51.721723  2948
51.723935  3005
51.751583  3028
51.769230  3093
51.776666  3101
51.781650  3224
51.786434  3361
51.788447  3625
51.801182  3101
51.803215  3441
51.814736  3253
51.826517  3129
51.828470  3520
51.879374  3310
51.892629  3940
51.894242  4691
51.908435  3519
51.910188  4336
51.911796  2952
51.913549  5033
51.915622  5671
51.933680  4667
51.935433  5283
51.937885  5555
51.943863  3405
51.946056  4236
51.961242  3484
51.977169  3759
51.979302  4636
51.992736  4085
51.994569  4902
51.997804  3557
52.001570  4603
52.004621  4991
52.006434  5242
52.008347  5651
52.010919  5879
52.014764  5942
52.018789  3789
52.047811  6141
52.052416  6406
52.068382  3560
52.070175  4498
52.072587  4869
52.094468  3614
52.098793  4596
52.101485  6013
52.103478  3735
52.109856  4799
52.112028  5213
52.115563  3735
52.119378  4787
52.121131  6191
52.127050  6785
52.130181  7056
52.133392  7577
52.144954  4000
52.146927  4961
52.149179  5348
52.160186  6518
52.164731  3528
52.166324  6780
52.171667  4534
52.174099  6659
52.178104  6951
52.208459  2920
52.208459  3615
52.219181  7559
52.221833  7838
52.232096  7052
52.236481  8377
52.238853  8629
52.240786  9118
52.243398  7345
52.245471  7909
52.258385  8176
52.264103  8693
52.266795  4735
52.268448  5627
52.270081  6002
52.282256  4090
52.284728  5123
52.296184  7403
52.299395  7688
52.317241  7856
52.319334  5062
52.320927  5897
52.323499  8394
52.326091  8237
52.328743  8493
52.330616  8645
52.332309  9134
52.336953  4199
52.368198  8936
52.370091  9409
52.389224  5303
52.395002  6100
52.417076  2983
52.425886  5051
52.429932  5618
52.434197  5879
52.436909  6235
52.438962  3663
52.440935  5228
52.443128  6036
52.447233  6386
52.448826  9365
52.450999  9816
52.453191  10031
52.463894  5743
52.465547  10452
52.467659  6479
52.472503  10654
52.481512  8990
52.486164  9225
52.490170  5000
52.493975  9349
52.495628  5845
52.498040  9801
52.531766  5205
52.540256  10016
52.546234  10438
52.553290  9633
52.556696  10071
52.561141  10640
52.562874  10280
52.564527  11037
52.569631  11228
52.571224  10691
52.575509  11604
52.586577  10888
52.590243  11276
52.592815  11463
52.594728  6446
52.598754  6354
52.607044  5535
52.611749  6298
52.619265  6633
52.623171  7019
52.625363  9683
52.627875  9901
52.643133  5994
52.646304  6255
52.648037  11050
52.649610  11241
52.655261  6930
52.657673  7235
52.659606  10328
52.662118  6699
52.664470  11617
52.667182  11798
52.669375  10532
52.677825  6805
52.692933  11831
52.702449  12009
52.728288  7101
52.734865  7398
52.741662  7969
52.764480  6570
52.766533  7207
52.770128  6717
52.771781  7346
52.775216  12156
52.776909  12329
52.785874  12671
52.787507  12837
52.790618  7426
52.792371  7320
52.794603  7710
52.797814  8258
52.811662  10917
52.821418  11102
52.824629  6206
52.827161  11784
52.828994  12139
52.831306  6887
52.839296  7193
52.870289  5611
52.876806  6364
52.881131  6696
52.889142  12304
52.896399  12361
52.899011  12630
52.904909  12532
52.906782  12782
52.908975  12855
52.911207  13083
52.913899  13012
52.915712  13230
52.919358  13520
52.930107  13662
52.932020  13320
52.936924  13470
52.960503  6951
52.962436  7559
52.969653  7897
52.972265  8164
52.974438  8681
52.978483  11437
52.981175  11599
52.982948  11919
52.985360  7014
52.995183  7497
53.004812  4217
53.006945  7633
53.008998  13001
53.011091  5179
53.013343  7527
53.015196  12073
53.017069  13326
53.019761  8088
53.021953  7616
53.024585  13484
53.028650  7893
53.032436  13797
53.040586  12377
53.047562  13721
53.053240  13844
53.081501  8234
53.096727  8747
53.099259  8981
53.106715  9437
53.127461  8055
53.130153  8314
53.132685  8186
53.137317  8444
53.138890  8944
53.141142  8817
53.145407  13950
53.146980  14253
53.164685  14341
53.166638  14517
53.171802  8514
53.173675  9010
53.178240  9232
53.182445  9667
53.187429  12525
53.189522  12818
53.205309  7838
53.207142  13782
53.209315  14021
53.211807  7486
53.217805  8050
53.243774  8349
53.261553  7011
53.267771  7614
53.280466  13966
53.282139  14138
53.283832  14371
53.286324  14208
53.288456  14482
53.291802  14703
53.294374  14321
53.298699  14545
53.302564  14764
53.305810  14636
53.310682  14817
53.312874  14887
53.335018  8372
53.337590  8621
53.343828  9106
53.348552  8922
53.350565  9391
53.352877  12923
53.355070  13132
53.357582  9613
53.359175  10048
53.361148  13230
53.368684  13424
53.370896  14604
53.382732  14763
53.384345  8819
53.387536  8134
53.389349  14841
53.393754  5570
53.395587  14997
53.399992  6298
53.403043  9041
53.404696  8601
53.407188  9475
53.409820  15074
53.411453  15228
53.413865  8822
53.419623  8312
53.421296  13491
53.422969  13625
53.429866  14881
53.436443  15008
53.470669  7880
53.488309  9629
53.492574  10006
53.505629  10145
53.507782  10420
53.510434  10553
53.524752  9049
53.527444  14948
53.531210  9168
53.533263  9502
53.535715  9653
53.537408  15304
53.539201  15455
53.541673  9950
53.544125  9606
53.556700  9742
53.562299  15530
53.564472  10011
53.572082  15679
53.574794  9874
53.577386  10280
53.582450  10356
53.586476  10507
53.588668  10581
53.597418  13691
53.603397  13823
53.616557  15069
53.623495  15129
53.625208  8540
53.630986  8985
53.634137  8977
53.636230  9196
53.665146  15071
53.671344  15197
53.683045  8094
53.685018  8511
53.687350  8709
53.696040  15232
53.700345  15283
53.702478  15259
53.704671  15346
53.708816  15383
53.711168  15432
53.713680  15377
53.723210  15530
53.725842  15412
53.728094  15538
53.730067  15429
53.733673  15554
53.738657  15464
53.753065  9273
53.757810  9601
53.762734  9708
53.768873  10205
53.770986  9921
53.773358  10515
53.778502  13882
53.782228  14000
53.786912  10599
53.793749  10766
53.795961  14054
53.797814  10848
53.801500  14162
53.804092  14215
53.808377  15736
53.810330  15851
53.818609  9608
53.820302  9872
53.826919  15889
53.829231  6620
53.832777  9264
53.835009  9985
53.836982  7233
53.838895  15966
53.840648  15997
53.842980  9403
53.845512  10209
53.848683  16060
53.853207  14241
53.855759  14254
53.869228  15560
53.876006  15573
53.926730  10675
53.931515  10916
53.942617  10968
53.959338  11072
53.966625  10090
53.968698  16053
53.972884  10366
53.977828  16038
53.979980  10431
53.981993  10139
53.983926  10393
53.986638  10560
53.995428  10439
53.999373  10532
54.003877  10578
54.012467  16027
54.014300  16004
54.021217  10654
54.022850  10800
54.029687  10835
54.033653  10905
54.040230  14237
54.044055  14229
54.061654  9526
54.063507  15473
54.065779  15492
54.068391  9285
54.077021  9462
54.105983  8791
54.107556  9549
54.109269  15579
54.113215  15592
54.124936  8935
54.131274  9005
54.138238  15501
54.142064  15520
54.146029  15529
54.147922  15548
54.151927  11110
54.162610  15572
54.164743  15532
54.169567  15519
54.173093  15460
54.175665  15505
54.177738  15451
54.184475  15430
54.188880  15370
54.201415  10025
54.205896  10231
54.208448  10922
54.210980  11069
54.213312  10239
54.219070  10255
54.220783  14200
54.233391  10939
54.235384  11072
54.239270  14186
54.241203  11079
54.243835  14145
54.246327  14125
54.251152  15993
54.257150  15970
54.263508  10318
54.269486  10535
54.275513  9559
54.278185  9597
54.280537  7399
54.282909  9625
54.284862  7724
54.287074  15959
54.289646  15936
54.292358  7880
54.294331  10517
54.296404  15925
54.302962  10481
54.305634  15872
54.308046  15846
54.309739  14066
54.312331  10463
54.316956  14036
54.324907  15423
54.326960  15366
54.341193  9012
54.382509  11082
54.387473  11025
54.410356  10995
54.416634  10934
54.423631  10624
54.429669  15793
54.432301  10751
54.434054  10585
54.436346  15767
54.438898  10600
54.441410  10813
54.443523  10786
54.448367  10773
54.454765  11066
54.458131  10583
54.460004  10548
54.466562  15692
54.470307  15655
54.479165  10891
54.484724  10794
54.486856  13973
54.493433  9610
54.495705  10746
54.497438  13942
54.499411  10648
54.503696  9580
54.531578  15340
54.536023  15280
54.540348  9547
54.545212  9446
54.547824  9395
54.576939  15338
54.579032  15281
54.586868  15252
54.606583  8973
54.610029  8893
54.620581  15247
54.624726  15181
54.627298  15186
54.630524  15145
54.632836  15153
54.635208  15073
54.638973  15067
54.642728  15024
54.649665  15009
54.651358  14895
54.654684  14830
54.657216  14880
54.665650  14801
54.667523  14642
54.674020  14562
54.680597  10530
54.686335  10259
54.689970  10267
54.695078  10271
54.696851  11040
54.698644  10987
54.700417  10181
54.702010  10136
54.706335  13905
54.710580  13829
54.719828  10947
54.724253  13785
54.726605  10866
54.729496  13697
54.739739  15612
54.742291  9532
54.743904  15526
54.753533  10445
54.755126  10409
54.757798  9344
54.762163  9435
54.764595  7989
54.766448  9386
54.768521  15483
54.770114  15396
54.776311  8205
54.778963  10359
54.780636  9240
54.783108  15353
54.785281  15265
54.787633  13653
54.789446  10257
54.796543  13564
54.801048  14671
54.803300  14591
54.814522  8846
54.826339  8751
54.833875  10892
54.835908  10807
54.889979  10745
54.894025  10620
54.915987  10557
54.925191  10429
54.929076  15187
54.931229  15029
54.938046  10750
54.939979  10595
54.942152  10703
54.944464  10488
54.946856  10472
54.948669  10654
54.950782  10355
54.953294  10555
54.963936  10280
54.966109  14949
54.968387  14788
54.970280  10128
54.987619  10410
54.989532  13469
54.991425  13278
54.994037  13181
54.995750  10252
54.999735  8190
55.004240  10162
55.013010  9979
55.015522  9319
55.017175  9183
55.023472  10196
55.044338  14481
55.046690  14318
55.055859  8667
55.057452  9188
55.073820  9083
55.118082  14236
55.127865  8360
55.134127  8201
55.136100  14070
55.141843  13985
55.143596  13813
55.145768  10495
55.151526  10796
55.155072  14510
55.157065  14347
55.159497  14265
55.161430  14100
55.163882  10656
55.166134  14015
55.168207  13700
55.172152  13472
55.175498  13356
55.178190  13122
55.182115  14707
55.192538  13844
55.197402  13677
55.202586  13337
55.204259  13084
55.205832  10091
55.208743  10541
55.210756  10309
55.213228  9999
55.217433  9873
55.219186  9617
55.221318  12887
55.226003  12787
55.239816  10191
55.244321  9951
55.246673  12503
55.251437  12358
55.256876  14480
55.259368  14365
55.263353  8981
55.270884  9048
55.277901  8773
55.280593  10076
55.282666  14133
55.285198  14015
55.286911  9833
55.291296  8139
55.293089  8036
55.297853  7984
55.299706  8699
55.302038  8554
55.303951  13741
55.306363  9709
55.308236  13601
55.311961  12051
55.314633  9457
55.316825  13319
55.321230  13176
55.322823  12849
55.327515  11894
55.338597  8037
55.343102  7701
55.351033  10302
55.355997  10044
55.380648  12984
55.395296  10014
55.401914  9782
55.409211  9876
55.413137  9534
55.418815  9486
55.442552  9357
55.444565  8996
55.446917  13173
55.448530  12878
55.450802  10352
55.452815  9799
55.455369  9433
55.457781  10063
55.460033  9605
55.466192  9914
55.472877  8631
55.474590  9245
55.477142  8342
55.479854  12729
55.485992  9058
55.487585  12427
55.493383  8676
55.504070  9612
55.505823  9456
55.515611  11560
55.518003  11389
55.520036  9243
55.526254  8855
55.528766  12682
55.532072  8648
55.536677  8223
55.539269  8127
55.545767  7685
55.558622  12704
55.563566  12561
55.589077  8325
55.594476  7853
55.652918  7446
55.654531  6918
55.657203  12272
55.663861  12124
55.665834  11825
55.670898  11672
55.674724  12352
55.679448  9790
55.681641  12183
55.683454  11840
55.686046  11664
55.690031  11339
55.692423  11168
55.694136  11306
55.696448  10797
55.699040  10606
55.702606  9462
55.711735  11121
55.713508  11026
55.715900  10745
55.721288  7836
55.731097  10551
55.735542  10155
55.738174  9275
55.740027  10839
55.746185  8842
55.748477  10457
55.750769  9264
55.752762  8615
55.754475  8858
55.757147  8149
55.759659  7903
55.763305  9250
55.771295  8825
55.780524  8637
55.782617  10253
55.784330  8182
55.788395  12273
55.790727  9837
55.794732  11960
55.809320  7452
55.813065  11800
55.814778  6970
55.817030  11474
55.818643  8588
55.820336  7383
55.821969  8101
55.827632  7143
55.831078  7595
55.832651  7061
55.834284  11307
55.839827  9620
55.842319  7843
55.844032  10967
55.846384  10755
55.848217  10323
55.850729  9177
55.853061  6774
55.855553  9945
55.857626  9516
55.863884  6634
55.865557  7310
55.873533  9298
55.880131  6042
55.888600  5717
55.890593  8773
55.892546  5030
55.902294  8316
55.906898  8075
55.939065  8462
55.944803  8023
55.946536  7578
55.949731  7313
55.974481  6747
55.980998  6440
55.985083  10098
55.986716  9638
55.992079  7992
55.993692  8926
55.995824  7516
56.002481  7792
56.004514  8732
56.006247  7263
56.008180  6713
56.012206  7315
56.018963  9397
56.020996  6178
56.026040  7044
56.030385  6874
56.032138  6480
56.038835  8903
56.046725  6175
56.049157  8243
56.051709  7984
56.056054  8945
56.058247  8468
56.064644  8216
56.068890  6676
56.075747  6357
56.082272  5686
56.088689  5311
56.090302  5833
56.093928  10411
56.095861  10013
56.100626  5101
56.107563  9807
56.128578  5847
56.135535  5153
56.166549  7649
56.196924  4585
56.198537  3608
56.201843  9385
56.206927  9165
56.211232  8713
56.213624  8476
56.220935  9292
56.222848  8833
56.227553  8568
56.231678  7903
56.239141  8021
56.241673  7596
56.243526  7718
56.245379  6923
56.248071  6554
56.249744  7088
56.251976  7937
56.254488  7431
56.256980  7717
56.258853  7161
56.263458  7645
56.276240  6713
56.279926  7339
56.281779  5920
56.284211  5471
56.288177  4498
56.292861  7080
56.296012  6773
56.297805  6700
56.300277  6350
56.301890  6482
56.304222  6107
56.306315  6049
56.315185  5644
56.319031  6995
56.320724  6337
56.332869  5311
56.342218  4854
56.346843  5532
56.351128  5062
56.353161  8642
56.361192  8104
56.365477  4646
56.367709  3645
56.369422  7815
56.371734  6573
56.373787  5943
56.376259  5974
56.378292  7215
56.384649  5203
56.393338  4694
56.398896  3686
56.403021  6890
56.405293  6209
56.406926  3960
56.412629  3256
56.415341  3883
56.420920  2920
56.425684  5760
56.427657  4761
56.429750  4792
56.434554  3793
56.436866  4210
56.438899  2964
56.440972  2920
56.466036  6164
56.468049  6076
56.477558  5304
56.510285  6135
56.512018  4862
56.516483  5405
56.526379  4991
56.542266  3897
56.545512  3295
56.554042  2920
56.563430  7416
56.565283  6789
56.568154  4838
56.569987  6447
56.574392  4094
56.579037  3799
56.581449  3547
56.586053  3008
56.587766  2920
56.593444  2920
56.602993  5577
56.611204  4797
56.614969  3027
56.616942  2920
56.620947  5674
56.626390  5235
56.628123  2920
56.633731  3109
56.648463  2920
56.655400  5335
56.657772  4856
56.734756  2920
56.758612  3733
56.763157  2986
56.772726  2920
56.800200  4250
56.802892  4301
56.809829  3053
56.831253  5206
56.841501  4731
56.854282  4209
56.856734  3136
56.858327  3622
56.859940  2920
56.880350  2920
56.912183  4317
56.914715  3784
56.999309  3673
57.051705  2951
57.104357  2920
57.142386  3187
57.145397  2920
57.350351  2920
58.094029  2927
58.096202  2941
58.118645  2934
58.121157  2962
58.297308  2991
58.298901  3089
58.301493  3014
58.303086  3196
58.308170  2985
58.311636  3112
58.328461  3004
58.330254  3088
58.367844  3021
58.369557  3216
58.371230  3308
58.393443  3064
58.395096  3339
58.423383  3043
58.427488  3279
58.429900  3465
58.434285  3709
58.436957  3028
58.438550  3237
58.440822  3834
58.442475  4076
58.445087  3354
58.446800  3205
58.448813  3429
58.451125  3795
58.453437  3293
58.455050  3678
58.462046  3861
58.466411  4211
58.479305  3632
58.481138  4016
58.483570  4194
58.489408  4536
58.508306  4371
58.510199  4680
58.547537  3793
58.554254  3202
58.556087  3716
58.558459  3937
58.587615  3202
58.591920  3716
58.594152  3937
58.595845  4355
58.601723  3260
58.608460  3869
58.610892  3202
58.612725  3716
58.617509  4125
58.619202  3485
58.621255  3946
58.632058  4262
58.636243  4149
58.637876  4619
58.640448  3187
58.642301  4536
58.644913  3677
58.649777  3209
58.661080  3736
58.663312  3195
58.664885  3697
58.669190  3914
58.671023  4324
58.673235  4717
58.675088  4741
58.676801  5066
58.681785  5133
58.689222  3390
58.691035  3901
58.693527  4123
58.713559  4842
58.717844  5156
58.749676  4010
58.751868  4421
58.772698  4824
58.785553  5218
58.790537  5400
58.802574  3556
58.804407  4067
58.808772  4290
58.810405  5760
58.817349  5928
58.819941  5228
58.821634  6256
58.824066  5543
58.826418  6411
58.828231  5314
58.830304  5664
58.832816  4028
58.834889  5828
58.836482  5311
58.838315  4468
58.840847  5613
58.843179  3895
58.845192  4666
58.851870  5756
58.857988  6035
58.864505  6168
58.866438  3962
58.868331  6147
58.870503  6298
58.873929  6593
58.880686  6734
58.893641  6428
58.896073  6552
58.918976  4650
58.925773  5086
58.931731  4173
58.936276  4618
58.966602  4573
58.968715  4989
58.970847  5179
58.972540  5546
58.975012  5717
58.981050  4401
58.985375  4919
58.987308  3977
58.998387  4466
59.000919  4683
59.002912  5691
59.006938  5980
59.009390  6117
59.017960  6714
59.020272  6858
59.024597  4340
59.027189  4539
59.032767  6386
59.037072  4920
59.042256  4388
59.047527  6515
59.051653  4509
59.053666  4580
59.055299  6768
59.057511  4865
59.061256  5030
59.063908  4949
59.066979  6889
59.069152  5349
59.071724  7128
59.074236  4856
59.076229  7234
59.077882  5499
59.079735  6991
59.082187  7444
59.084899  7546
59.087012  7114
59.092950  4333
59.097275  4733
59.124231  6674
59.128037  6914
59.136966  5285
59.141132  4819
59.143125  5669
59.176078  7141
59.185327  7277
59.191545  4501
59.193538  4904
59.196090  7526
59.198782  7646
59.203218  5151
59.207283  7872
59.209975  7982
59.212008  7747
59.214520  7333
59.216932  7845
59.218585  7439
59.223469  7024
59.225282  5038
59.227335  7240
59.243309  7345
59.245202  7552
59.254132  7649
59.256764  7751
59.258657  7952
59.261289  8050
59.283453  4916
59.287818  7652
59.291444  7850
59.326809  5848
59.328462  6195
59.333247  5205
59.335659  5383
59.337852  6358
59.342177  5728
59.372620  5883
59.377045  6206
59.379557  6359
59.381730  6658
59.391679  5594
59.397857  5798
59.400050  6191
59.404894  8006
59.406747  8085
59.411059  5089
59.414245  4890
59.415978  8077
59.422415  8265
59.424947  8357
59.427541  5287
59.434798  5096
59.438844  5436
59.443608  8241
59.445481  8317
59.447913  5595
59.452078  5904
59.457362  5119
59.458955  5449
59.463080  8469
59.465612  5193
59.468244  5645
59.472996  5929
59.474629  8543
59.476981  5494
59.483698  5592
59.489936  6046
59.492288  8637
59.494900  5871
59.497392  6276
59.500004  8683
59.501837  8147
59.503450  8731
59.506042  8755
59.507935  8339
59.516665  7946
59.518558  5092
59.520491  5432
59.523163  5591
59.545148  8121
59.548754  8206
59.555371  6517
59.579788  6828
59.593402  6800
59.597368  8539
59.599740  8628
59.609524  5446
59.611756  5612
59.613469  5935
59.616700  8804
59.618513  8890
59.620845  5470
59.627463  8999
59.629775  9053
59.631348  8803
59.633560  8827
59.635693  8430
59.637746  8610
59.640058  8698
59.645996  8334
59.648108  8397
59.649681  5636
59.664689  8412
59.666362  8419
59.672739  8872
59.675151  8957
59.677224  8971
59.681988  8978
59.698948  6377
59.705705  8444
59.718739  8456
59.723464  8481
59.747706  6933
59.749699  5890
59.751832  7140
59.754264  6205
59.762674  6327
59.772397  6567
59.795428  6849
59.797920  6947
59.802245  6986
59.803818  7064
59.806030  7102
59.814780  6375
59.820798  8831
59.823769  8833
59.825402  6733
59.827954  6861
59.830127  8837
59.831860  9057
59.836045  7113
59.841608  9071
59.843501  9077
59.848545  5774
59.850618  5647
59.856416  5991
59.858828  6050
59.860521  6336
59.866766  8839
59.868699  6153
59.873963  8843
59.877389  6372
59.884546  6444
59.887158  6480
59.891283  6004
59.893316  6264
59.895428  5803
59.897221  8985
59.899733  8845
59.901466  6406
59.903698  8849
59.906270  6465
59.911214  5696
59.913107  5806
59.914920  8851
59.916513  5813
59.919005  6274
59.920938  6294
59.924843  6304
59.926736  8855
59.935725  8844
59.939551  8821
59.942063  8999
59.944435  9006
59.950853  5903
59.952965  6003
59.965489  7193
59.974059  8493
59.978044  8517
