# t(s) QueuingDelay(ms)
10.157185  0
10.185940  1
10.207084  2
10.233912  14
10.235505  8
10.270445  15
10.272378  27
10.276443  19
10.293734  30
10.295927  36
10.325293  38
10.333703  35
10.342452  65
10.398084  104
10.418097  53
10.449304  62
10.459896  62
10.482742  114
10.485214  0
10.489279  114
10.538816  90
10.543341  81
10.552350  11
10.563557  108
10.611452  16
10.617010  145
10.623248  181
10.639208  195
10.650497  107
10.660571  206
10.669041  228
10.678031  36
10.680343  199
10.682336  237
10.700862  243
10.703277  38
10.722619  245
10.729496  296
10.735574  83
10.752905  141
10.756651  249
10.760002  345
10.773176  365
10.789396  130
10.804463  250
10.823995  153
10.826507  380
10.838962  402
10.849925  253
10.852816  164
10.858655  196
10.870799  131
10.881195  290
10.892992  264
10.907351  155
10.931176  406
10.937513  291
10.951541  381
10.964487  308
10.966600  218
10.978836  425
10.980969  336
10.997849  365
11.000321  183
11.006659  192
11.021677  227
11.030047  483
11.037064  260
11.038797  383
11.056039  393
11.065508  504
11.077295  396
11.090269  412
11.102265  407
11.113387  269
11.129033  417
11.144310  414
11.146902  514
11.168606  419
11.182020  517
11.212739  465
11.218557  312
11.229799  531
11.245007  327
11.264323  484
11.272278  494
11.280069  512
11.308431  546
11.318804  552
11.337596  120
11.341721  574
11.351370  445
11.353343  163
11.371962  548
11.378040  159
11.386929  616
11.408921  688
11.423394  198
11.444884  348
11.453854  191
11.471193  225
11.474599  700
11.507925  211
11.533281  368
11.553792  209
11.575793  706
11.577786  463
11.588748  209
11.593752  514
11.603336  401
11.606287  756
11.614917  373
11.625780  464
11.633878  779
11.635491  560
11.641218  477
11.652220  502
11.660490  578
11.671433  478
11.682395  644
11.692878  478
11.701169  462
11.714743  537
11.720641  196
11.736469  558
11.777079  770
11.790653  515
11.858994  603
11.917770  766
11.928912  628
11.939084  766
11.961328  213
11.976035  570
11.981474  581
11.991343  597
12.008383  688
12.023790  689
12.046508  223
12.049080  662
12.063815  633
12.068100  655
12.077929  357
12.091384  691
12.127577  419
12.135907  485
12.146369  429
12.178752  697
12.198904  228
12.251143  239
12.270116  560
12.280139  263
12.285722  638
12.311631  489
12.336722  577
12.341427  523
12.418451  582
12.447486  511
12.463047  521
12.498786  552
12.525016  708
12.531413  706
12.559884  703
12.580490  593
12.609052  650
12.654477  675
12.733980  788
12.740497  707
12.772618  711
12.791511  774
12.812117  637
12.825251  777
12.883772  449
12.896726  784
12.951100  757
12.979501  2
12.987691  761
13.044337  643
13.071006  20
13.093778  644
13.115882  671
13.137088  700
13.144385  787
13.249058  124
13.282052  555
13.319879  600
13.346845  680
13.361358  703
13.374853  714
13.377105  709
13.389540  696
13.396158  704
13.402995  700
13.448098  727
13.482772  140
13.497160  774
13.510954  743
13.515359  783
13.527854  826
13.534291  2
13.540629  874
13.566184  820
13.666018  719
13.715320  853
13.729428  182
13.750914  866
13.761996  819
13.783202  827
13.806589  896
13.829387  903
13.862794  860
13.911327  916
13.917685  510
13.923843  928
13.948793  67
13.960294  516
13.987877  873
14.003584  590
14.019744  691
14.032002  695
14.073145  749
14.099647  775
14.115807  912
14.117420  841
14.136445  940
14.143804  7
14.152295  849
14.254217  40
14.277580  124
14.296465  707
14.302965  131
14.305237  190
14.343029  13
14.353283  851
14.358028  245
14.368691  865
14.377760  38
14.387016  120
14.389648  873
14.415021  873
14.424190  260
14.466025  848
14.488525  948
14.490637  860
14.552249  142
14.559448  972
14.598160  854
14.614325  861
14.718040  900
14.730625  700
14.753074  934
14.761044  299
14.769079  911
14.781059  938
14.790167  989
14.792859  959
14.797743  934
14.823671  849
14.858513  1057
14.928356  931
15.032994  1059
15.062442  996
15.080692  331
15.123608  234
15.151699  422
15.175859  227
15.204084  261
15.259029  979
15.295796  756
15.312702  149
15.349009  995
15.378295  305
15.407934  189
15.421876  1006
15.432004  1032
15.537341  159
15.587717  996
15.590029  166
15.605994  1004
15.629899  11
15.637894  747
15.696016  307
15.708710  705
15.723818  300
15.732448  684
15.740271  298
15.746513  985
15.752136  950
15.774153  317
15.836476  705
15.852945  693
15.854518  690
15.858523  685
15.864026  905
15.876759  676
15.895571  674
16.030893  675
16.035697  676
16.042274  678
16.053256  966
16.065755  289
16.089855  283
16.111882  157
16.122337  285
16.139781  282
16.146418  148
16.151941  147
16.154613  275
16.168276  274
16.172401  272
16.215917  658
16.235652  927
16.241789  922
16.243382  654
16.251612  118
16.263173  649
16.270433  118
16.274638  114
16.276231  112
16.314022  646
16.346778  265
16.355328  264
16.362604  116
16.374784  136
16.387860  133
16.393363  133
16.396015  645
16.398487  952
16.402177  132
16.404869  260
16.421657  131
16.426281  817
16.449842  799
16.488310  102
16.493183  634
16.500040  630
16.504025  630
16.507056  0
16.562592  651
16.572620  3
16.574393  5
16.576605  4
16.578258  4
16.594011  651
16.595744  649
16.606526  649
16.645617  245
16.652374  244
16.656539  642
16.665233  243
16.667805  241
16.678916  628
16.684399  240
16.686052  624
16.692929  618
16.702843  615
16.704456  234
16.709040  602
16.713289  232
16.730500  621
16.732173  230
16.735284  229
16.737916  229
16.739509  221
16.747319  605
16.760961  603
16.782375  600
16.790685  599
16.792318  598
16.820537  836
16.822110  603
16.928604  592
16.961854  890
16.978630  217
17.001758  216
17.005663  211
17.014317  5
17.024884  82
17.034552  214
17.036225  0
17.044719  213
17.061751  79
17.064003  206
17.077816  206
17.090459  204
17.125266  591
17.147069  857
17.151634  590
17.164014  57
17.169497  588
17.199435  567
17.227945  178
17.236100  177
17.241284  561
17.255962  50
17.280022  868
17.284197  50
17.299675  563
17.312414  740
17.336659  733
17.381871  563
17.389506  0
17.480617  131
17.496182  131
17.509295  512
17.512621  512
17.515911  128
17.532576  512
17.534229  134
17.536042  133
17.539173  511
17.540826  132
17.544991  509
17.549755  506
17.554759  126
17.557111  126
17.612059  718
17.727627  748
17.737570  63
17.759483  62
17.783268  0
17.784841  62
17.786514  61
17.788107  60
17.790040  60
17.793550  0
17.799228  59
17.819534  51
17.832293  51
17.841462  47
17.846885  45
17.877091  433
17.893196  697
17.899733  430
17.917037  429
17.919669  0
18.028218  441
18.036473  0
18.041137  7
18.044563  751
18.046276  8
18.057070  57
18.076553  443
18.084852  627
18.102030  612
18.151333  450
18.171628  465
18.229264  45
18.255018  47
18.260102  50
18.262794  435
18.270149  434
18.272761  51
18.275453  433
18.278284  427
18.280756  50
18.292617  425
18.295608  45
18.297381  44
18.301985  44
18.357489  671
18.416395  671
18.429314  0
18.438710  0
18.459588  0
18.487813  2
18.491918  3
18.553034  357
18.572019  628
18.670359  604
18.690569  458
18.708240  561
18.712805  456
18.742370  265
18.776394  0
18.781238  0
18.816736  386
18.846989  412
18.961502  90
18.979911  352
19.030594  346
19.044542  205
19.058936  299
19.063681  197
19.090328  42
19.180987  291
19.230446  355
19.262515  1
19.273157  346
19.277901  23
19.279914  30
19.292949  31
19.302038  35
19.314333  36
19.330533  51
19.401029  348
19.410852  33
19.414857  36
19.416530  46
19.425839  0
19.443059  348
19.445571  3
19.450036  355
19.470067  9
19.512436  25
19.660857  377
19.662570  8
19.667195  25
19.675824  228
19.680269  12
19.687406  39
19.761125  330
19.796303  34
19.823912  367
19.830270  213
19.836927  17
19.851714  339
19.862916  19
19.873383  45
19.878347  37
19.887456  13
19.906044  25
19.922708  30
19.932456  41
19.940750  50
19.950358  66
19.977704  295
20.015139  43
20.036383  44
20.076288  372
20.080074  16
20.090636  239
20.094901  19
20.101178  23
20.148540  84
20.205126  41
20.223045  78
20.228844  87
20.269820  232
20.274025  371
20.276597  233
20.286940  418
20.291065  46
20.308345  68
20.312470  56
20.319606  81
20.364167  56
20.384182  66
20.396928  99
20.435262  101
20.451701  22
20.454273  65
20.458378  112
20.460251  103
20.469140  301
20.521258  89
20.547328  292
20.556058  374
20.564039  433
20.574702  44
20.586464  414
20.596867  269
20.603384  119
20.618810  111
20.620703  132
20.638121  138
20.662178  145
20.678688  114
20.690443  321
20.693434  82
20.699292  129
20.731872  399
20.751683  92
20.784285  303
20.803441  164
20.810773  295
20.826420  344
20.832558  148
20.841108  70
20.861619  482
20.875667  156
20.905354  88
20.909659  133
20.930811  221
20.932844  282
20.939881  282
20.941934  294
20.946738  289
20.957961  89
20.965098  120
20.977693  113
20.984031  123
21.002009  170
21.018514  155
21.030679  170
21.047004  143
21.060678  349
21.062651  339
21.114389  171
21.127763  174
21.133641  419
21.136093  547
21.150266  122
21.155684  126
21.162162  474
21.166627  124
21.171092  352
21.182034  125
21.190285  197
21.274012  418
21.276704  232
21.300910  131
21.312705  165
21.320495  469
21.335162  371
21.368993  377
21.379260  482
21.403377  524
21.404950  203
21.406903  427
21.415133  228
21.433510  550
21.439947  557
21.446884  223
21.471082  236
21.478079  436
21.499830  285
21.546348  285
21.548880  128
21.554998  289
21.562693  137
21.575348  139
21.586809  144
21.588462  429
21.612858  244
21.621887  234
21.628265  245
21.635042  219
21.646323  242
21.653360  514
21.685227  529
21.725725  561
21.727358  554
21.736807  199
21.744758  131
21.749083  557
21.759226  205
21.778758  226
21.871112  244
21.886902  185
21.910483  194
21.932547  223
21.936392  196
21.939024  273
21.943209  225
21.953792  228
21.983469  439
21.999196  453
22.021880  442
22.029197  231
22.041373  289
22.069875  569
22.073820  233
22.079718  537
22.100663  311
22.107520  313
22.120375  319
22.189467  178
22.198416  190
22.209438  199
22.233597  562
22.240954  200
22.253529  202
22.265525  210
22.268037  453
22.271903  285
22.291833  243
22.308525  515
22.330489  268
22.370059  607
22.376776  272
22.387138  212
22.391283  197
22.420825  216
22.422938  456
22.429555  236
22.445083  270
22.470159  302
22.479976  461
22.541606  551
22.546231  281
22.553187  304
22.557731  304
22.572798  304
22.589499  566
22.601440  608
22.603353  239
22.605106  335
22.624427  632
22.635229  469
22.644079  478
22.672427  504
22.674180  501
22.684068  570
22.701886  322
22.704058  287
22.711881  327
22.721369  627
22.729726  645
22.739195  304
22.742601  607
22.785423  351
22.805978  352
22.820911  353
22.825615  201
22.846669  203
22.853865  209
22.858509  307
22.864267  279
22.872881  215
22.916832  225
22.924328  307
22.935609  233
22.957478  246
22.967066  608
22.987576  257
22.989988  555
22.997504  571
23.009924  293
23.016561  308
23.090133  318
23.099621  257
23.116432  634
23.118345  281
23.129985  510
23.141106  319
23.151378  300
23.173286  503
23.178609  316
23.229393  575
23.270356  320
23.291346  240
23.302288  290
23.305479  378
23.314408  637
23.337690  515
23.371378  520
23.378354  552
23.388736  322
23.392302  357
23.395777  330
23.398309  533
23.403013  350
23.405485  360
23.420950  676
23.424276  681
23.445821  630
23.453641  250
23.460378  362
23.467394  388
23.475669  649
23.516234  397
23.562706  302
23.565857  256
23.567470  262
23.572873  262
23.575864  266
23.606938  270
23.611742  270
23.622189  546
23.632356  266
23.634868  266
23.636721  266
23.639852  359
23.647588  264
23.654664  367
23.656277  365
23.658090  264
23.667945  259
23.670097  258
23.672828  651
23.695485  260
23.698057  615
23.713252  635
23.715005  300
23.729737  357
23.784472  672
23.788557  350
23.790330  320
23.791923  321
23.800285  251
23.805109  251
23.823267  323
23.830643  681
23.835747  327
23.841869  326
23.853115  318
23.855128  251
23.868661  248
23.880693  354
23.928129  625
23.963230  627
23.964803  622
23.966476  307
23.972833  349
23.983975  651
24.014500  523
24.020398  520
24.024723  331
24.029587  322
24.045827  529
24.047500  528
24.049253  519
24.050846  527
24.052564  518
24.062396  322
24.067340  316
24.070930  360
24.075075  652
24.081612  652
24.084783  651
24.095070  648
24.105197  202
24.110680  616
24.130881  606
24.163538  301
24.173046  209
24.187219  210
24.192403  209
24.196967  208
24.206815  206
24.212059  290
24.214351  199
24.221128  199
24.223400  198
24.225972  295
24.239608  193
24.242240  192
24.258864  193
24.269306  187
24.277301  289
24.280452  185
24.300172  188
24.302724  186
24.304357  184
24.307528  586
24.318596  182
24.325293  182
24.329777  558
24.331350  181
24.337947  557
24.339640  180
24.382933  608
24.403867  599
24.412321  162
24.434764  159
24.442674  232
24.447838  464
24.452063  463
24.459200  255
24.463265  158
24.485253  256
24.516904  248
24.567497  555
24.571862  246
24.578239  287
24.621133  453
24.633248  251
24.642556  451
24.646841  443
24.650846  543
24.653438  237
24.658790  243
24.663514  287
24.670031  581
24.673022  578
24.702807  148
24.707651  142
24.715327  141
24.719951  518
24.726868  215
24.755088  137
24.756961  134
24.768881  132
24.773305  131
24.791643  220
24.794774  131
24.797446  130
24.812106  224
24.816830  128
24.818663  127
24.836526  127
24.848886  127
24.850499  126
24.852991  123
24.857243  122
24.858836  121
24.860589  119
24.862242  216
24.864634  115
24.873902  517
24.894280  118
24.898924  118
24.900537  119
24.907893  497
24.944079  548
24.957473  536
24.962377  178
24.966223  104
24.971387  103
24.984521  102
24.988906  177
24.990559  176
24.992272  176
25.000487  402
25.004312  91
25.058033  188
25.111116  493
25.115760  183
25.128523  230
25.169998  194
25.177414  402
25.183392  401
25.215687  209
25.217899  249
25.239369  535
25.290845  181
25.310042  159
25.317738  64
25.342613  348
25.345504  446
25.348036  133
25.359718  129
25.373847  393
25.425462  448
25.431979  89
25.444973  80
25.449118  79
25.454976  78
25.464305  99
25.506712  94
25.509364  435
25.523537  401
25.530554  97
25.561539  374
25.566343  395
25.570348  122
25.578598  94
25.610751  428
25.628051  291
25.636661  97
25.645391  93
25.649916  304
25.658526  299
25.661138  98
25.673439  141
25.751708  82
25.762590  0
25.795179  96
25.821187  369
25.852524  88
25.865418  420
25.870342  66
25.880225  426
25.945944  67
25.953464  381
25.959582  271
25.977200  342
25.983377  56
25.985390  360
25.990195  88
26.034777  251
26.038883  49
26.074341  270
26.083490  104
26.085323  62
26.091381  103
26.106815  399
26.117158  57
26.154549  43
26.216761  59
26.227215  398
26.238541  341
26.251879  41
26.283691  398
26.493673  54
26.665892  67
26.683472  67
26.700714  397
26.729356  44
26.733581  42
26.807446  272
26.829245  372
26.855814  95
26.887781  67
26.939220  403
26.952964  63
26.962153  69
26.977408  274
27.019524  75
27.021517  59
27.050376  348
27.054341  102
27.072660  73
27.079617  342
27.092372  70
27.115990  395
27.124180  63
27.126812  36
27.129204  397
27.141225  108
27.152467  270
27.165341  61
27.210882  65
27.218119  64
27.225969  267
27.251539  371
27.262142  338
27.264614  362
27.272324  98
27.284559  258
27.294822  58
27.408374  57
27.434410  53
27.673864  69
27.774330  64
27.794635  68
27.835991  269
27.889318  13
27.915165  372
27.960697  346
27.968927  78
27.975824  399
27.997551  401
28.012319  69
28.015470  263
28.017043  42
28.024119  400
28.029937  271
28.032109  82
28.033962  111
28.039485  44
28.107791  80
28.123818  284
28.140425  102
28.142318  379
28.144011  388
28.148196  105
28.150369  359
28.165376  396
28.170001  120
28.174506  367
28.219962  265
28.252808  287
28.259884  86
28.263610  406
28.281108  106
28.306378  121
28.313242  65
28.317387  297
28.326917  73
28.347722  80
28.378219  409
28.420345  133
28.443337  418
28.450513  380
28.467419  433
28.481367  440
28.483899  422
28.490776  47
28.494721  97
28.504744  308
28.506497  109
28.519972  108
28.522125  444
28.526829  312
28.528802  130
28.534200  84
28.552526  95
28.594152  102
28.616639  315
28.634577  129
28.661065  420
28.676673  380
28.704681  461
28.732149  153
28.742332  118
28.766635  140
28.773912  107
28.797609  450
28.806219  163
28.818159  324
28.846753  109
28.860347  108
28.871230  47
28.883151  447
28.903349  411
28.932357  120
28.934530  167
29.031367  332
29.040377  467
29.042430  347
29.046595  185
29.057757  106
29.081394  138
29.137397  129
29.142581  355
29.149438  174
29.157629  171
29.162473  418
29.187823  467
29.193941  193
29.196153  440
29.211161  482
29.213833  480
29.240423  134
29.253212  482
29.255824  141
29.271231  146
29.284525  347
29.305949  176
29.332258  504
29.347025  153
29.352763  186
29.369883  372
29.380598  155
29.382551  172
29.396165  167
29.434855  64
29.436548  104
29.443404  129
29.445177  503
29.446770  154
29.449442  153
29.454983  148
29.473480  119
29.510645  444
29.520748  504
29.534361  367
29.545602  506
29.553792  175
29.558716  163
29.576654  375
29.582952  159
29.584865  210
29.586838  377
29.616386  172
29.650652  176
29.659541  162
29.666318  376
29.709205  477
29.730859  201
29.738295  508
29.763598  179
29.790794  515
29.806340  181
29.807993  148
29.841896  372
29.868049  182
29.885580  224
29.889745  517
29.949200  450
29.964966  137
29.968616  137
29.974694  136
29.988887  137
30.016714  217
30.059528  181
30.081591  380
30.105112  182
30.107744  178
30.119464  377
30.138740  158
30.185443  186
30.189508  185
30.193713  172
30.215373  213
30.220237  184
30.221990  184
30.234310  476
30.250156  455
30.291206  178
30.306829  515
30.338685  156
30.340997  178
30.354950  177
30.366272  371
30.375685  166
30.391203  167
30.402643  208
30.406968  504
30.437166  159
30.442390  370
30.456422  154
30.458455  496
30.466230  200
30.467803  445
30.470495  117
30.495509  117
30.499794  119
30.516200  122
30.520645  120
30.537926  200
30.582124  170
30.600097  365
30.614929  174
30.619853  174
30.624677  174
30.627309  174
30.663084  150
30.692063  479
30.729063  377
30.762499  477
30.819346  477
30.848425  506
30.861703  148
30.868600  169
30.893734  165
30.904576  153
30.907188  162
30.909460  161
30.919135  209
30.920748  501
30.943290  203
30.945023  154
30.952639  364
30.966811  151
30.968424  492
30.970237  149
30.978738  438
30.983442  109
30.992745  108
30.997170  107
31.020413  109
31.039499  110
31.076050  479
31.078322  143
31.080355  479
31.082467  422
31.098753  476
31.100526  476
31.107750  140
31.112015  136
31.120709  332
31.124834  339
31.132924  182
31.151263  140
31.157441  131
31.164438  136
31.200520  125
31.218798  96
31.240462  411
31.244567  433
31.254910  429
31.268864  158
31.277422  463
31.299172  134
31.301624  428
31.309535  466
31.311248  465
31.319078  465
31.322524  461
31.326339  170
31.332956  97
31.335288  118
31.337061  116
31.345016  113
31.360463  114
31.367141  103
31.369413  109
31.374278  116
31.376091  109
31.382328  56
31.383901  153
31.400306  101
31.402159  149
31.406984  309
31.417307  91
31.419879  433
31.423285  371
31.425777  42
31.439630  126
31.457309  44
31.464426  49
31.468571  46
31.470184  45
31.513035  418
31.517180  272
31.528042  70
31.530654  70
31.538410  262
31.543554  273
31.565084  117
31.576506  59
31.602745  43
31.620584  258
31.623795  8
31.628440  5
31.648577  353
31.676466  88
31.698570  386
31.702375  350
31.709032  384
31.726832  95
31.737854  47
31.740007  41
31.754914  32
31.759738  30
31.766115  0
31.770520  76
31.785967  76
31.789872  238
31.797942  17
31.802047  305
31.828916  66
31.840137  2
31.844482  2
31.856538  5
31.861802  8
31.876570  8
31.878703  12
31.885340  354
31.913710  37
31.919468  12
31.927123  235
31.931588  43
31.940083  234
32.030587  14
32.045774  18
32.051653  349
32.085773  345
32.110923  375
32.130795  35
32.159664  12
32.177943  80
32.234412  15
32.236704  17
32.261004  18
32.284291  29
32.294913  29
32.337152  38
32.347275  244
32.425734  23
32.434663  19
32.441520  244
32.469652  346
32.473697  350
32.494548  352
32.512027  354
32.532183  85
32.562526  41
32.575904  38
32.614065  96
32.645834  34
32.663143  45
32.665375  76
32.693935  50
32.712968  377
32.726403  54
32.745636  50
32.760384  51
32.767162  242
32.771427  246
32.779737  42
32.788807  109
32.801382  23
32.847703  41
32.863091  249
32.871840  354
32.891453  356
32.895678  361
32.899604  86
32.915670  368
32.925773  370
32.927746  379
32.955314  389
32.959440  116
32.966277  46
32.976433  400
32.980478  48
32.989767  50
33.008734  70
33.014022  35
33.016035  67
33.048785  42
33.072443  57
33.111846  96
33.125008  67
33.126861  63
33.152431  383
33.159448  62
33.185832  73
33.213807  267
33.232464  121
33.246836  59
33.277270  60
33.318010  255
33.365514  372
33.380825  401
33.393225  411
33.399323  412
33.422031  413
33.428393  130
33.433206  413
33.437211  415
33.445861  271
33.447994  88
33.454372  60
33.458857  423
33.466957  65
33.494506  77
33.505927  138
33.507900  80
33.521615  82
33.523468  105
33.531499  84
33.554601  322
33.575746  163
33.586248  105
33.603448  124
33.605221  109
33.628579  107
33.643331  422
33.645104  106
33.668660  96
33.672066  77
33.676870  70
33.685680  290
33.694939  20
33.700937  130
33.708613  70
33.712859  292
33.721688  169
33.724914  101
33.746938  86
33.759293  355
33.767882  96
33.815005  276
33.842121  419
33.848319  141
33.868970  430
33.892536  443
33.897321  442
33.907963  48
33.912108  444
33.915854  447
33.925318  448
33.939004  176
33.943169  460
33.957826  120
33.977426  124
34.001124  109
34.005329  132
34.007482  121
34.013058  128
34.037216  122
34.056562  118
34.059254  356
34.092880  117
34.097405  162
34.099098  189
34.144959  130
34.153270  131
34.158014  318
34.159587  461
34.190100  129
34.192293  462
34.199338  326
34.209901  66
34.212074  142
34.218731  157
34.224869  341
34.291278  128
34.345465  309
34.376198  450
34.386046  200
34.425978  477
34.430143  481
34.442283  358
34.464275  148
34.479842  490
34.485900  149
34.487733  135
34.489526  413
34.503180  147
34.511471  130
34.536221  163
34.538174  137
34.546564  151
34.548417  151
34.552562  207
34.567989  155
34.576878  161
34.606293  415
34.612161  155
34.620471  153
34.630419  223
34.635144  150
34.637296  113
34.683448  495
34.710775  154
34.712348  152
34.727048  161
34.738209  121
34.747962  348
34.749655  358
34.758824  164
34.769032  178
34.771684  219
34.775569  180
34.795288  427
34.797940  159
34.805596  169
34.824894  170
34.855147  154
34.872308  209
34.881797  213
34.886282  353
34.920501  480
34.925565  220
34.930057  499
34.932369  480
34.942878  480
34.961682  136
34.963475  371
34.974277  504
35.019370  519
35.027544  172
35.039624  520
35.076319  183
35.099970  157
35.102382  181
35.114826  182
35.127450  223
35.142337  157
35.153372  153
35.166905  150
35.195432  213
35.200396  149
35.203547  481
35.216366  171
35.228138  149
35.238186  147
35.251324  181
35.253936  170
35.260213  178
35.274988  372
35.277520  170
35.286258  149
35.309300  174
35.321200  448
35.326264  169
35.401714  144
35.403986  143
35.406518  207
35.408850  376
35.416026  507
35.440921  471
35.445865  202
35.450969  507
35.498359  504
35.510958  213
35.520147  500
35.532131  211
35.536835  504
35.550014  165
35.561954  504
35.563667  163
35.592912  142
35.595024  141
35.596617  141
35.610989  370
35.616840  172
35.620166  171
35.632705  141
35.656488  211
35.658061  143
35.665657  214
35.679470  144
35.690216  154
35.704509  148
35.717603  147
35.721968  140
35.725059  138
35.729903  138
35.734467  158
35.739331  129
35.766606  166
35.769657  168
35.773562  165
35.784884  362
35.797379  136
35.805359  157
35.812802  205
35.817386  205
35.819818  157
35.822230  155
35.824542  429
35.828487  142
35.896430  128
35.901394  120
35.910203  356
35.919636  485
35.954300  190
35.960997  187
35.966341  502
35.978322  128
35.980474  453
35.984379  348
36.000385  484
36.002158  483
36.015731  199
36.020535  482
36.034767  196
36.052311  148
36.061220  144
36.063612  491
36.103241  121
36.105473  123
36.110797  124
36.126403  153
36.128076  123
36.152936  150
36.158779  196
36.160712  121
36.174465  120
36.185747  346
36.197902  119
36.199615  119
36.204339  118
36.212633  114
36.215345  178
36.219430  112
36.227100  106
36.238071  463
36.243082  128
36.245334  128
36.258628  320
36.262793  319
36.266279  319
36.272042  128
36.273855  102
36.278859  125
36.283883  166
36.285956  113
36.288148  165
36.300316  402
36.302448  106
36.320387  99
36.335094  108
36.371105  315
36.373198  313
36.377443  440
36.390438  140
36.395462  137
36.421645  68
36.424097  395
36.452303  433
36.470102  149
36.477099  435
36.480625  140
36.483217  427
36.485809  427
36.496012  419
36.519557  62
36.521969  59
36.523862  53
36.526074  47
36.541820  36
36.552941  80
36.565561  227
36.599247  0
36.614793  23
36.622784  27
36.635399  223
36.639584  17
36.643709  23
36.648593  0
36.660728  22
36.662561  68
36.675975  302
36.693160  13
36.746642  227
36.764602  360
36.768967  55
36.794637  321
36.796270  321
36.797808  320
36.799501  317
36.802612  312
36.817919  339
36.833705  210
36.839343  53
36.851564  345
36.883437  1
36.886049  14
36.888022  9
36.902357  8
36.908934  49
36.961050  335
36.966114  0
36.968187  0
36.987134  198
36.996323  4
37.000548  196
37.015615  2
37.017588  45
37.025339  276
37.040235  0
37.051098  0
37.086681  192
37.100734  316
37.104859  15
37.127937  284
37.156318  314
37.169353  22
37.175311  318
37.185235  0
37.233752  0
37.288423  191
37.306324  14
37.316647  0
37.325964  185
37.374400  275
37.517501  5
37.564197  188
37.601408  26
37.649491  319
37.675641  335
37.679826  190
37.692002  196
37.708148  194
37.713736  30
37.721786  272
37.826484  287
37.835294  6
37.839539  293
37.869773  325
37.876710  36
37.898935  7
37.909498  17
37.934009  1
37.944895  13
37.963288  6
37.971279  16
38.002807  340
38.013189  23
38.030288  5
38.065348  196
38.085180  202
38.091818  4
38.139187  193
38.204173  294
38.225727  17
38.249925  334
38.293374  206
38.340075  48
38.412649  25
38.424870  208
38.429055  27
38.448527  222
38.450340  26
38.470571  224
38.484539  228
38.488784  8
38.494449  17
38.516385  19
38.541148  200
38.545334  17
38.565386  219
38.566999  30
38.593292  356
38.616541  294
38.624157  320
38.639664  20
38.669959  360
38.672072  78
38.678529  78
38.696689  46
38.710850  237
38.717348  20
38.728330  245
38.729943  44
38.741385  273
38.745810  30
38.754201  32
38.764512  88
38.767563  28
38.807601  364
38.818323  41
38.820436  42
38.828016  59
38.834833  12
38.843383  87
38.854326  29
38.865109  60
38.880186  107
38.881799  262
38.917157  57
38.927720  53
38.946334  308
38.950978  60
38.974216  57
38.978621  220
38.980354  64
38.995921  254
39.020178  389
39.022291  79
39.060570  357
39.110669  394
39.112582  108
39.148995  67
39.152900  77
39.176654  83
39.216772  85
39.218805  264
39.231460  111
39.262608  407
39.271218  82
39.282120  95
39.288138  58
39.306824  271
39.311009  77
39.326116  89
39.331754  274
39.338011  130
39.352911  103
39.357656  296
39.376709  87
39.391176  89
39.406103  353
39.414433  96
39.438250  101
39.445267  101
39.449132  285
39.486987  94
39.497989  410
39.505380  135
39.511442  419
39.515707  93
39.523687  426
39.528371  80
39.535942  117
39.537595  375
39.555933  388
39.561137  134
39.565162  119
39.593164  145
39.603986  112
39.624137  149
39.633207  122
39.637492  115
39.656046  301
39.666828  119
39.687873  356
39.694131  126
39.742758  442
39.752661  120
39.773886  109
39.777771  138
39.794432  116
39.807167  123
39.809340  444
39.825407  163
39.833877  129
39.835470  315
39.861698  126
39.865504  322
39.871622  126
39.883104  136
39.893967  374
39.900804  140
39.903476  299
39.945933  129
39.950318  313
39.965785  327
39.993335  142
40.010841  153
40.013113  154
40.015046  462
40.017538  453
40.041036  155
40.043189  441
40.049487  169
40.058516  147
40.063181  444
40.064754  133
40.077568  449
40.079421  170
40.082113  140
40.118351  465
40.135618  181
40.141096  149
40.189125  339
40.205887  386
40.225899  140
40.238135  194
40.267283  131
40.269875  465
40.300189  162
40.309019  143
40.311212  132
40.322394  328
40.345892  150
40.362053  200
40.368910  172
40.381845  352
40.398861  143
40.400914  380
40.409684  145
40.425491  148
40.437639  394
40.452447  204
40.479376  161
40.491064  168
40.497841  351
40.544674  193
40.552529  181
40.554442  479
40.563611  184
40.574079  481
40.585162  220
40.594951  452
40.603222  169
40.612911  209
40.623953  457
40.629217  176
40.637468  165
40.650183  203
40.661166  410
40.667883  490
40.676414  531
40.684070  221
40.692520  174
40.713732  369
40.717977  186
40.724394  200
40.740735  442
40.769296  195
40.776812  227
40.788468  520
40.805347  232
40.841164  214
40.858293  203
40.873220  381
40.894037  387
40.900414  230
40.902367  199
40.904500  203
40.917615  380
40.935707  374
40.940731  397
40.953565  188
40.970948  207
40.976347  456
41.022393  209
41.051073  397
41.057310  402
41.076222  220
41.085985  199
41.100552  216
41.106282  214
41.127826  214
41.139402  204
41.167896  206
41.195770  208
41.219536  210
41.257509  398
41.285354  457
41.357368  214
41.380405  217
41.389654  227
41.428296  384
41.433160  207
41.444781  390
41.453320  210
41.460177  215
41.475788  390
41.477881  193
41.484578  184
41.486191  189
41.497492  196
41.531450  189
41.564424  205
41.569688  208
41.602940  201
41.621222  195
41.646302  215
41.665673  205
41.672430  207
41.680613  207
41.688336  204
41.692421  201
41.704642  195
41.718434  191
41.725052  197
41.733302  187
41.740958  192
41.798396  197
41.813556  182
41.819363  182
41.838840  189
41.852793  189
41.854726  190
41.867150  193
41.889967  184
41.898421  190
41.909407  181
41.921048  174
41.923440  183
41.945223  171
41.947915  179
41.950367  170
41.954752  356
41.969963  181
41.972016  177
41.982403  181
41.985749  163
41.990892  161
42.007963  172
42.015234  167
42.016807  163
42.024942  162
42.026835  159
42.029027  152
42.053032  157
42.060208  158
42.078362  346
42.093693  158
42.099096  168
42.111616  167
42.117813  156
42.122597  168
42.124230  155
42.138283  166
42.145320  165
42.147852  159
42.186566  158
42.203150  165
42.225620  172
42.247469  153
42.255025  162
42.281347  153
42.289757  160
42.300798  142
42.330462  148
42.332195  149
42.343696  144
42.355811  147
42.383504  141
42.393233  141
42.395386  133
42.397718  144
42.424411  146
42.428696  135
42.439989  142
42.447505  137
42.449218  124
42.461362  120
42.468838  123
42.473163  120
42.485804  110
42.487937  103
42.503144  110
42.507149  110
42.515938  98
42.527019  100
42.544298  102
42.548583  90
42.554141  103
42.565522  85
42.568074  84
42.572239  87
42.594409  91
42.603338  86
42.605630  88
42.607603  87
42.617291  84
42.619284  76
42.625162  85
42.644874  71
42.654283  64
42.670643  68
42.682803  62
42.690119  59
42.695063  67
42.704978  52
42.735393  60
42.745117  61
42.766341  48
42.775471  39
42.777164  49
42.797075  35
42.800306  33
42.810438  38
42.824995  57
42.833764  43
42.881760  46
42.884312  45
42.892902  38
42.901472  40
42.920604  38
42.923276  26
42.931267  32
42.933200  31
42.946534  30
42.949745  31
42.956640  31
42.965829  28
42.971727  28
42.981296  27
42.985441  18
43.007184  31
43.008757  14
43.031235  29
43.041357  19
43.045262  22
43.051461  18
43.055047  26
43.057379  5
43.098756  24
43.107306  22
43.116496  17
43.129390  21
43.148882  11
43.155659  16
43.164294  13
43.171071  10
43.175177  16
43.181016  4
43.195768  4
43.199873  22
43.208942  10
43.223036  9
43.224669  6
43.232200  0
43.241050  6
43.258808  10
43.271362  5
43.273275  2
43.286968  7
43.295199  5
43.306001  8
43.336244  5
43.351650  0
43.356255  9
43.371222  3
43.378119  0
43.382544  0
43.386849  0
43.435511  7
43.450518  9
43.493869  0
43.495582  1
43.513481  6
43.526716  3
43.543896  0
43.577517  3
43.643051  2
43.645743  3
43.693136  9
43.707705  3
43.818816  23
43.885022  9
43.919564  0
43.937623  22
43.990796  8
44.006643  10
44.033748  19
44.060784  33
44.067262  39
44.071247  25
44.073759  15
44.089067  4
44.116569  29
44.122092  4
44.131221  22
44.146250  28
44.184720  27
44.200366  29
44.239545  2
44.253553  30
44.256145  14
44.266248  7
44.273225  38
44.282214  39
44.288971  40
44.307285  27
44.313423  27
44.318487  26
44.322952  21
44.384347  8
44.397881  44
44.401986  25
44.406091  29
44.409282  31
44.422557  40
44.430908  47
44.437365  50
44.446335  43
44.456044  62
44.458037  43
44.462622  63
44.464495  33
44.474663  55
44.485425  33
44.492242  27
44.507669  28
44.520844  36
44.541750  40
44.572434  10
44.578852  25
44.593800  52
44.625354  35
44.642834  16
44.678882  43
44.692736  64
44.694369  44
44.707963  64
44.714281  73
44.732360  58
44.737279  61
44.739871  61
44.771222  55
44.788441  27
44.813398  39
44.841654  64
44.844246  53
44.846359  73
44.859361  51
44.873054  64
44.874927  75
44.886048  87
44.888700  91
44.899643  100
44.903988  63
44.905761  57
44.907574  113
44.914287  117
44.916460  92
44.922878  81
44.931708  97
44.945756  64
44.949721  71
44.955878  65
44.973281  63
44.977306  65
44.983843  98
45.026299  51
45.032897  89
45.053349  111
45.057854  60
45.089582  77
45.091854  67
45.098372  48
45.113579  117
45.125342  107
45.132179  82
45.141648  62
45.143661  108
45.169451  115
45.176547  89
45.188822  106
45.193207  84
45.196593  82
45.226234  70
45.235723  117
45.263527  70
45.265280  79
45.305231  107
45.316003  116
45.322980  115
45.327225  104
45.365588  115
45.377024  140
45.382168  139
45.385683  87
45.402448  116
45.409065  109
45.425909  113
45.442855  112
45.444508  93
45.448693  117
45.451205  130
45.455950  112
45.462947  116
45.476867  114
45.482965  97
45.493962  100
45.515126  121
45.516819  108
45.527541  137
45.546808  139
45.572685  124
45.576730  101
45.589269  104
45.613625  141
45.622459  104
45.643589  137
45.671033  146
45.689467  123
45.692179  141
45.699375  122
45.726523  143
45.728596  123
45.750181  125
45.782096  130
45.805994  141
45.828059  132
45.833617  154
45.835410  152
45.842067  155
45.874521  162
45.883291  156
45.885923  154
45.887676  157
45.908350  148
45.909943  147
45.920765  150
45.933908  159
45.938113  158
45.942438  138
45.944211  145
45.945844  145
45.953040  157
45.956945  142
45.970506  156
45.972479  145
45.981329  149
46.025619  157
46.030184  148
46.032796  153
46.042740  149
46.061652  145
46.108282  155
46.110834  145
46.120472  162
46.122385  134
46.130995  164
46.133427  148
46.152153  170
46.165129  166
46.170033  149
46.177169  154
46.179262  152
46.197961  204
46.204099  206
46.209470  158
46.215828  160
46.224698  152
46.228383  164
46.233962  157
46.305632  156
46.336607  184
46.356779  164
46.365609  167
46.375259  206
46.390973  175
46.420334  204
46.431943  210
46.436508  165
46.438121  216
46.440673  182
46.449583  207
46.465438  210
46.472894  159
46.483676  161
46.498933  162
46.503538  208
46.510395  175
46.519584  175
46.524635  215
46.535977  175
46.540282  219
46.541935  205
46.595439  161
46.597172  206
46.599384  214
46.612038  178
46.664001  199
46.666054  190
46.671662  219
46.673954  198
46.691993  200
46.696678  216
46.704848  211
46.715295  221
46.716908  223
46.722631  196
46.731301  202
46.733314  209
46.742782  222
46.758069  222
46.764466  217
46.780855  212
46.804646  213
46.806419  190
46.832152  211
46.857055  214
46.862633  202
46.896312  213
46.907913  217
46.918922  212
46.951309  209
46.968828  217
46.977758  218
46.990033  216
47.006493  223
47.023807  213
47.042519  209
47.046025  210
47.055713  216
47.062230  223
47.066974  218
47.077701  212
47.149547  217
47.165259  215
47.188216  216
47.217420  209
47.226413  209
47.237035  204
47.256966  220
47.268107  216
47.272392  207
47.275583  199
47.289935  218
47.291608  222
47.298125  216
47.299818  206
47.329041  212
47.330894  212
47.338671  212
47.374176  206
47.404154  209
47.464656  213
47.467348  215
47.471333  213
47.491424  212
47.519310  217
47.531685  213
47.536310  209
47.538503  211
47.596271  213
47.603128  214
47.608786  218
47.613894  221
47.625011  215
47.632358  218
47.642086  221
47.679006  212
47.693978  211
47.716180  216
47.752863  214
47.778947  216
47.814633  218
47.821270  216
47.826314  212
47.828007  211
47.832432  205
47.844752  203
47.853661  221
47.855794  215
47.881508  217
47.885393  216
47.890397  215
47.897873  213
47.915572  205
47.948266  211
47.952591  213
47.974635  190
47.991048  203
47.995592  200
47.997964  190
48.017676  197
48.031109  206
48.035414  205
48.050108  199
48.051701  196
48.054313  195
48.060115  192
48.061788  192
48.063461  196
48.066033  190
48.072590  194
48.080126  189
48.082258  196
48.091475  191
48.099745  185
48.104609  178
48.125294  189
48.127606  187
48.140646  199
48.142818  197
48.145150  186
48.147582  185
48.153740  178
48.158664  187
48.162829  190
48.165261  189
48.167174  185
48.187266  174
48.209011  182
48.210724  181
48.216147  173
48.222145  182
48.256610  180
48.260496  175
48.284992  173
48.287983  164
48.294480  163
48.302919  175
48.308202  170
48.312886  168
48.317151  172
48.322175  168
48.329311  172
48.331983  157
48.347470  167
48.358593  162
48.375026  162
48.379650  161
48.381283  159
48.384274  161
48.386047  158
48.387660  158
48.412124  161
48.432674  159
48.442143  161
48.443976  163
48.461455  156
48.478436  159
48.486907  156
48.505746  162
48.510950  160
48.546262  160
48.558243  160
48.576282  160
48.582540  158
48.587998  157
48.589751  156
48.591424  155
48.630055  161
48.637958  157
48.640290  161
48.645035  156
48.653125  152
48.686092  151
48.687825  145
48.691610  133
48.696694  142
48.702752  143
48.723862  137
48.730666  136
48.742128  125
48.746313  113
48.751098  118
48.756916  121
48.761001  120
48.770410  124
48.773122  127
48.775115  122
48.777567  124
48.786557  125
48.788190  113
48.821371  128
48.828108  121
48.830600  118
48.832952  118
48.835264  115
48.837696  116
48.861734  113
48.889424  125
48.895282  118
48.907537  113
48.925064  115
48.953486  120
48.956118  114
48.957831  111
48.973457  112
48.987371  111
48.990063  110
48.995427  110
49.001924  112
49.019129  109
49.028917  106
49.044064  105
49.061124  102
49.069394  97
49.113346  93
49.117471  82
49.121516  89
49.127419  92
49.150796  100
49.159293  102
49.161286  99
49.182731  91
49.187136  100
49.193533  99
49.206696  109
49.236579  100
49.249513  98
49.251526  102
49.258004  98
49.261929  98
49.270240  99
49.315805  95
49.324994  99
49.356742  102
49.430759  98
49.434334  97
49.443403  108
49.445276  107
49.447868  89
49.454406  99
49.561461  99
49.563194  92
49.578480  109
49.619697  99
49.636183  103
49.637776  99
49.652130  106
49.661723  129
49.667801  103
49.672825  128
49.677010  96
49.696736  103
49.725896  110
49.733073  109
49.754378  99
49.819213  116
49.833981  132
49.870113  129
49.882828  129
49.894529  131
49.898814  133
49.904852  131
49.911309  123
49.916834  112
49.925404  119
49.945075  122
49.973456  105
49.978081  112
49.995636  120
50.018598  113
50.022084  111
50.041456  107
50.059774  117
50.067350  120
50.086502  97
50.090088  114
50.099158  128
50.130431  124
50.136649  113
50.152790  111
50.167598  121
50.171743  126
50.175888  115
50.177821  118
50.185779  114
50.242436  125
50.244089  123
50.250666  122
50.287351  124
50.305764  131
50.355719  128
50.370187  135
50.373018  127
50.378826  136
50.386502  125
50.392100  116
50.396385  127
50.400390  119
50.424228  126
50.459508  127
50.509196  119
50.519339  116
50.523304  125
50.534167  124
50.570013  118
50.584285  122
50.590903  129
50.600506  118
50.611168  153
50.626475  136
50.634665  142
50.664199  161
50.669598  162
50.676695  124
50.687957  140
50.749760  129
50.765827  144
50.796102  165
50.812721  133
50.831894  164
50.833587  128
50.839405  159
50.883866  128
50.890233  162
50.905899  162
50.914069  160
50.951969  153
50.960706  143
50.972163  155
50.984148  144
51.019575  133
51.021368  151
51.037709  153
51.044186  118
51.064032  161
51.065665  138
51.075213  142
51.083343  169
51.085975  155
51.087808  162
51.102914  139
51.114650  172
51.119554  164
51.122086  152
51.155380  159
51.166242  163
51.168374  154
51.172600  150
51.180256  159
51.199709  160
51.257947  165
51.278059  171
51.297352  175
51.307035  180
51.315565  172
51.317158  179
51.379240  174
51.403127  156
51.425153  171
51.429358  181
51.465531  162
51.485152  162
51.500904  165
51.534061  160
51.539824  157
51.562347  163
51.568205  162
51.602681  154
51.625544  166
51.630009  174
51.642024  158
51.643897  160
51.648262  201
51.670813  209
51.672606  186
51.683837  176
51.696619  200
51.701618  191
51.706881  158
51.753076  186
51.769337  167
51.792635  170
51.832018  200
51.855060  201
51.889039  178
51.900501  203
51.906079  199
51.929914  167
51.946100  188
51.985074  179
51.998367  185
52.033504  177
52.047157  172
52.051282  187
52.060990  184
52.067108  181
52.069301  179
52.097727  184
52.111189  190
52.122138  197
52.124311  182
52.126723  180
52.129395  197
52.132087  185
52.136492  183
52.157121  184
52.158914  180
52.165112  187
52.190561  196
52.202321  178
52.234775  188
52.237327  194
52.241972  189
52.244404  184
52.388703  191
52.427554  184
52.442406  190
52.486227  190
52.494896  201
52.547513  197
52.550045  200
52.559134  198
52.605601  190
52.622032  179
52.623705  187
52.662166  195
52.672034  187
52.682523  187
52.685035  184
52.686688  191
52.691792  185
52.697595  200
52.699628  192
52.708437  191
52.754813  187
52.773629  192
52.806154  195
52.831013  192
52.835997  193
52.848777  186
52.887093  192
52.889785  204
52.905690  205
52.916252  198
52.920417  201
52.923823  201
52.941666  193
52.953581  193
52.955274  194
52.962310  193
52.978715  186
52.986530  190
52.992448  188
52.995998  187
53.019515  187
53.036800  190
53.041944  186
53.065527  188
53.093678  184
53.099480  184
53.107670  181
53.110062  187
53.114227  186
53.132350  200
53.155153  178
53.167753  174
53.170405  181
53.172418  179
53.174650  171
53.177162  176
53.181387  176
53.194126  171
53.198578  190
53.202124  184
53.204576  183
53.206848  179
53.212646  183
53.214259  170
53.221695  176
53.226699  170
53.235709  177
53.241886  179
53.246191  169
53.250795  179
53.257112  175
53.270987  174
53.273439  179
53.277884  173
53.280316  168
53.308011  174
53.327982  168
53.330374  167
53.335897  168
53.347273  161
53.355763  164
53.358135  163
53.381777  161
53.401928  163
53.413809  170
53.423078  164
53.451184  162
53.454410  158
53.460133  157
53.469322  158
53.480144  162
53.482376  168
53.491130  167
53.493802  167
53.505263  166
53.507216  166
53.511381  164
53.527148  161
53.530974  154
53.543796  162
53.560496  152
53.579874  146
53.588763  146
53.593507  145
53.600404  148
53.611606  131
53.618283  124
53.628895  122
53.633974  131
53.639637  128
53.647573  133
53.655269  135
53.657641  122
53.661027  127
53.665472  126
53.669897  125
53.672409  132
53.676874  122
53.699339  131
53.701791  132
53.707909  121
53.714526  123
53.717218  113
53.719630  110
53.721243  112
53.722836  109
53.740394  104
53.743006  95
53.745458  102
53.757719  90
53.769221  81
53.773946  88
53.789453  81
53.792045  78
53.824445  83
53.826737  83
53.859176  83
53.862146  68
53.864858  60
53.878296  72
53.880129  77
53.889440  76
53.892726  77
53.911024  72
53.938698  70
53.943782  74
53.949960  74
53.968126  51
53.976716  56
53.978689  53
53.993316  36
54.010126  37
54.014431  34
54.018021  32
54.020393  37
54.024538  29
54.028663  28
54.032262  29
54.034494  34
54.039802  23
54.044726  27
54.061266  33
54.063459  34
54.070756  23
54.074553  26
54.081900  29
54.085470  27
54.087602  27
54.101851  34
54.103924  31
54.122777  15
54.125289  35
54.162920  0
54.169718  3
54.192483  0
54.207551  0
54.216161  0
54.222898  0
54.228576  0
54.239318  0
54.258971  0
54.265229  0
54.276871  0
54.338177  0
54.343915  0
54.418431  4
54.422556  9
54.481407  8
54.562345  0
54.593639  1
54.629778  2
54.675016  1
54.681374  6
54.685439  0
54.741706  19
54.747524  5
54.761098  7
54.779831  7
54.813931  1
54.844005  1
54.854888  4
54.907811  8
54.913409  19
54.962072  8
54.969516  20
54.973781  5
55.060569  3
55.064854  27
55.074746  5
55.086362  12
55.090987  13
55.094353  27
55.126385  14
55.130591  27
55.142846  47
55.146691  57
55.171089  41
55.255226  13
55.277409  18
55.301806  36
55.305232  10
55.309936  23
55.311609  45
55.348701  31
55.365307  62
55.369992  49
55.374297  67
55.406769  51
55.415917  65
55.455482  6
55.457555  15
55.469316  19
55.475114  81
55.477307  60
55.483884  56
55.494446  53
55.513759  67
55.518144  64
55.537356  31
55.545586  84
55.547459  76
55.556029  85
55.557882  75
55.586382  82
55.590507  42
55.595571  9
55.623635  81
55.659768  69
55.664992  56
55.674516  54
55.687191  85
55.724750  77
55.738365  85
55.760083  83
55.766341  86
55.782029  87
55.798049  91
55.832569  86
55.834722  88
55.865237  47
55.873967  78
55.875960  73
55.891507  80
55.908766  94
55.912871  87
55.916756  75
55.935678  88
55.938030  86
55.968025  98
55.981899  92
55.987917  92
56.010374  90
56.014599  91
56.017071  30
56.030964  82
56.050816  51
56.059786  91
56.089101  76
56.111178  87
56.140327  96
56.159800  100
56.168630  92
56.179393  102
56.190235  93
56.201421  95
56.227415  94
56.238257  103
56.251712  67
56.272926  96
56.281376  107
56.283728  87
56.322375  89
56.343760  96
56.348185  94
56.350078  97
56.351811  98
56.361879  121
56.368217  100
56.374695  92
56.382306  99
56.395720  118
56.404130  99
56.420850  121
56.432691  126
56.436936  117
56.440642  126
56.462667  107
56.484608  113
56.488913  79
56.507805  90
56.511731  103
56.522162  85
56.531031  110
56.552915  93
56.585205  110
56.592342  128
56.600553  111
56.649839  118
56.654204  122
56.698851  83
56.705668  126
56.715951  124
56.722338  150
56.727502  134
56.733500  162
56.736711  154
56.740117  94
56.751219  100
56.774736  149
56.783758  128
56.824195  117
56.825868  120
56.836790  123
56.847987  165
56.859468  125
56.872563  152
56.877168  129
56.879221  154
56.885618  136
56.889983  147
56.912312  141
56.920642  151
56.926980  153
56.942307  149
56.947271  106
56.974080  165
56.981097  169
56.993233  143
57.017916  138
57.027189  118
57.032173  156
57.058077  132
57.075677  134
57.086820  150
57.099955  150
57.111337  152
57.154195  171
57.178391  151
57.180404  172
57.195172  168
57.212352  171
57.225047  138
57.241572  147
57.266502  179
57.270527  180
57.278298  189
57.284855  153
57.295597  159
57.308851  174
57.315308  170
57.327109  164
57.355192  175
57.357724  154
57.372722  156
57.381012  181
57.389961  182
57.395739  166
57.402236  178
57.407100  154
57.448976  203
57.455094  199
57.471795  194
57.483830  148
57.488475  164
57.516504  208
57.528907  160
57.545886  161
57.571316  176
57.611295  173
57.631107  174
57.634993  183
57.651394  178
57.687851  200
57.692156  209
57.695942  206
57.745610  201
57.754000  179
57.758165  205
57.771687  167
57.790501  203
57.798971  205
57.826842  210
57.840636  215
57.849206  194
57.855344  195
57.859449  217
57.866366  217
57.868978  202
57.871131  202
57.883427  192
57.910854  202
57.925022  211
57.927674  206
57.934512  201
57.938817  224
57.940490  212
57.948021  197
57.953624  208
57.957569  208
57.966859  209
57.968592  228
57.980183  214
57.986681  205
58.005573  167
58.016296  225
58.022155  211
58.035589  202
58.040394  224
58.042027  221
58.087009  223
58.108373  226
58.121756  199
58.126948  209
58.196058  221
58.210099  225
58.217535  223
58.260381  231
58.262853  232
58.264466  222
58.278007  207
58.285943  226
58.290388  233
58.301030  214
58.311552  224
58.313145  226
58.326099  232
58.336514  225
58.343655  209
58.360886  217
58.370355  228
58.380004  240
58.395511  235
58.400315  227
58.408590  228
58.425609  216
58.433280  221
58.476134  222
58.511313  232
58.517690  220
58.527006  226
58.556425  216
58.561129  216
58.566113  211
58.582572  213
58.596025  231
58.614122  218
58.620639  229
58.659574  226
58.678711  223
58.695396  230
58.700100  215
58.747313  215
58.750559  222
58.757096  213
58.765825  220
58.770609  198
58.790924  212
58.799558  205
58.815279  211
58.849686  214
58.857422  223
58.859574  206
58.865232  210
58.893571  218
58.899154  209
58.906311  210
58.935930  220
58.938602  220
58.972587  215
58.992303  213
59.017592  213
59.022176  205
59.031145  212
59.043531  204
59.045643  209
59.074326  215
59.095963  214
59.108957  215
59.126101  215
59.132758  206
59.136903  222
59.152101  210
59.158978  220
59.167688  203
59.195334  209
59.199359  218
59.215332  211
59.277099  202
59.291368  208
59.299298  195
59.300931  203
59.309405  203
59.327791  219
59.334068  212
59.345206  211
59.347558  206
59.355753  209
59.366221  201
59.367874  199
59.374111  202
59.381487  205
59.384942  194
59.398169  211
59.410831  192
59.424864  195
59.439057  206
59.442922  202
59.444755  200
59.469899  213
59.472251  199
59.493739  195
59.503667  199
59.505460  198
59.512816  195
59.515288  193
59.526210  198
59.544268  197
59.555276  200
59.574847  203
59.579971  196
59.594945  200
59.599130  202
59.613383  192
59.620958  197
59.622591  192
59.625143  193
59.627455  192
59.639135  182
59.640948  192
59.643620  189
59.656280  189
59.658612  179
59.670473  175
59.672845  183
59.695378  181
59.700961  180
59.714215  171
59.730160  174
59.732852  164
59.772922  159
59.776248  159
59.790885  157
59.792658  163
59.807350  156
59.811874  166
59.824134  167
59.833190  165
59.835622  162
59.849695  173
59.864087  167
59.873495  173
59.875767  170
59.881011  157
59.886195  161
59.888807  159
59.890999  156
59.895883  156
59.898595  144
59.905092  139
59.907005  147
59.911310  149
59.913862  151
59.923091  150
59.926996  146
59.934153  147
59.936845  143
59.952032  133
59.967998  138
59.974016  133
59.983106  131
