# t(s) QueuingDelay(ms)
10.141066  0
10.147732  0
10.195456  1
10.225906  7
10.232603  14
10.245318  21
10.254288  24
10.278339  31
10.280072  37
10.282564  15
10.304549  28
10.311267  37
10.380905  44
10.393181  53
10.403613  49
10.423229  1
10.433384  50
10.444127  67
10.450784  84
10.459674  111
10.461926  84
10.467824  2
10.476494  92
10.487657  9
10.489869  147
10.500831  116
10.505336  13
10.509122  135
10.525302  142
10.540389  156
10.563527  162
10.567292  47
10.589264  166
10.613381  169
10.629819  50
10.634204  186
10.640182  182
10.644427  59
10.649351  204
10.658241  112
10.670297  183
10.675141  209
10.689820  154
10.692032  228
10.697850  187
10.709637  156
10.714202  228
10.718147  187
10.731969  248
10.749849  252
10.762444  257
10.771135  269
10.778052  282
10.784370  280
10.786582  157
10.794832  268
10.805854  200
10.841819  271
10.844531  153
10.854125  216
10.860582  274
10.875329  280
10.883280  276
10.888025  285
10.895267  287
10.906009  293
10.923229  294
10.931573  162
10.943020  182
10.951630  181
10.968531  179
10.978993  305
10.992888  323
11.007002  353
11.013320  167
11.023410  163
11.029888  399
11.036965  161
11.054904  151
11.063694  416
11.077613  417
11.088415  215
11.144554  418
11.152864  422
11.159900  228
11.163786  425
11.175467  422
11.177959  239
11.184177  247
11.192947  254
11.253376  166
11.274452  184
11.293415  253
11.307643  279
11.323130  294
11.342910  302
11.347195  246
11.360110  309
11.375029  232
11.377601  318
11.382125  246
11.386370  332
11.399385  334
11.433792  340
11.458503  344
11.476489  271
11.486586  289
11.488938  370
11.501873  297
11.506238  267
11.513440  372
11.522609  299
11.531019  276
11.542461  377
11.549551  282
11.563567  404
11.574512  417
11.592278  424
11.688897  417
11.775561  20
11.793861  312
11.814055  428
11.825337  303
11.836739  448
11.847062  23
11.859477  196
11.867907  224
11.872412  330
11.885267  468
11.889552  244
11.903029  339
11.909389  481
11.925035  499
11.940310  509
11.951152  311
11.957170  523
11.961295  432
11.963787  316
11.973196  59
11.981166  68
11.983199  454
11.985851  430
11.996634  482
12.010468  482
12.029880  493
12.039914  463
12.057948  523
12.061159  493
12.062772  495
12.093366  531
12.099604  501
12.101457  575
12.121629  615
12.136584  637
12.214114  99
12.271812  13
12.296554  23
12.352910  21
12.373683  35
12.386698  82
12.392975  246
12.398454  161
12.414564  170
12.417136  512
12.423716  177
12.434026  179
12.449314  497
12.456765  324
12.472032  345
12.483874  351
12.496349  515
12.502847  359
12.511517  30
12.518274  363
12.527378  535
12.536467  359
12.549561  351
12.575729  498
12.583447  128
12.587952  507
12.595188  602
12.605590  595
12.620238  168
12.628628  597
12.631140  170
12.654098  174
12.677941  201
12.704477  602
12.743350  608
12.747315  606
12.783429  622
12.796751  612
12.858068  628
12.916523  31
12.959772  42
13.014625  55
13.088302  140
13.179808  609
13.188837  181
13.210401  648
13.224270  149
13.242026  449
13.249282  664
13.300390  453
13.312865  636
13.323728  497
13.331619  652
13.342381  674
13.343954  221
13.355675  517
13.357268  708
13.375035  371
13.386184  483
13.412352  567
13.431433  713
13.442356  692
13.461309  583
13.471193  382
13.487479  594
13.511978  351
13.537948  633
13.539581  698
13.546398  644
13.585449  203
13.765220  222
13.780767  229
13.824156  639
13.828162  508
14.019107  636
14.112439  712
14.121648  716
14.146939  624
14.345190  390
14.366516  408
14.370601  728
14.391606  420
14.393399  687
14.449435  699
14.480808  740
14.499941  476
14.508131  390
14.528797  755
14.567089  759
14.681598  777
14.772724  800
14.799693  803
15.017305  219
15.055340  235
15.113014  816
15.163902  428
15.281022  529
15.335605  614
15.358853  567
15.391300  7
15.454698  11
15.503779  831
15.513242  836
15.559370  832
15.584381  922
15.594663  455
15.620014  619
15.639426  650
15.654419  924
15.657885  889
15.692992  915
15.695105  693
15.705308  101
15.758074  950
15.771019  217
15.884529  952
15.963754  439
15.967160  1066
16.066731  1080
16.096806  449
16.170040  468
16.340402  921
16.430048  752
16.449331  950
16.473571  97
16.505624  993
16.514065  950
16.556680  975
16.654075  249
16.698745  794
16.743357  988
16.828087  555
16.868612  116
16.871603  558
16.881620  922
16.926013  761
16.970981  947
17.016256  750
17.023252  458
17.130222  451
17.159028  1029
17.181175  974
17.185120  956
17.187053  944
17.192811  926
17.243606  572
17.295089  562
17.302340  558
17.311504  555
17.341906  991
17.453645  571
17.529219  748
17.531611  565
17.533923  988
17.541259  565
17.545428  746
17.569048  560
17.607945  746
17.625064  565
17.627815  564
17.629488  564
17.640873  1
17.650741  747
17.665476  251
17.677506  167
17.739176  251
17.769678  2
17.791301  252
17.794727  173
17.823096  254
17.826047  565
17.838888  172
17.859382  564
17.862054  555
17.867138  171
17.869310  554
17.871622  168
17.874074  552
17.881477  940
17.889072  552
17.894898  559
17.899722  161
17.907158  937
17.909410  550
17.918998  542
17.922943  549
17.927951  535
17.937340  725
17.960985  0
17.963836  546
17.968820  542
18.013746  536
18.016418  539
18.018870  434
18.022975  547
18.027519  547
18.029112  537
18.036248  545
18.045237  425
18.070792  546
18.079102  549
18.093171  431
18.098994  431
18.131058  432
18.154928  732
18.175985  733
18.185253  434
18.191036  733
18.201244  431
18.231699  537
18.233432  536
18.235305  535
18.278129  532
18.295148  973
18.297001  532
18.424453  527
18.441681  528
18.445946  529
18.480399  532
18.542815  192
18.545487  191
18.557702  561
18.561192  3
18.564423  3
18.578790  565
18.581122  737
18.599135  3
18.617320  753
18.623637  4
18.640821  569
18.644052  570
18.661447  5
18.675999  7
18.694007  256
18.700664  7
18.712944  264
18.720000  260
18.722911  19
18.725063  571
18.735395  257
18.747378  252
18.764371  14
18.771168  252
18.782396  565
18.806406  176
18.811410  173
18.818396  253
18.823575  254
18.843575  533
18.846921  173
18.857955  533
18.866744  535
18.868357  555
18.873768  171
18.894801  554
18.970466  16
18.972159  565
19.008967  562
19.013911  552
19.015564  551
19.018116  551
19.025492  559
19.029916  559
19.037707  557
19.039939  551
19.044144  557
19.048049  550
19.049702  552
19.054346  434
19.059954  433
19.065962  552
19.082483  427
19.087187  427
19.116076  423
19.155219  408
19.167519  404
19.189667  507
19.191320  507
19.250858  507
19.253909  907
19.263398  955
19.266070  513
19.405312  534
19.411134  534
19.414620  532
19.417212  532
19.502620  138
19.539591  0
19.554637  0
19.580389  1
19.583895  0
19.626942  176
19.638431  99
19.652903  0
19.664643  179
19.669367  185
19.675325  184
19.681882  178
19.684334  177
19.688119  177
19.692963  174
19.717868  162
19.722412  80
19.724045  77
19.726677  649
19.730143  156
19.732335  893
19.739027  147
19.741299  447
19.742912  61
19.747916  440
19.751127  434
19.752840  433
19.755272  429
19.758423  426
19.766797  421
19.798227  408
19.809453  405
19.837882  393
19.851340  269
19.862940  256
19.864793  252
19.869921  249
19.873926  230
19.876498  227
19.888738  211
19.918041  201
19.925612  196
19.960111  647
19.967707  691
19.970019  253
20.107474  5
20.114890  6
20.126711  167
20.180308  2
20.203725  0
20.226576  0
20.258468  7
20.261100  0
20.272641  0
20.278504  526
20.280497  293
20.295039  0
20.331270  0
20.405122  383
20.407215  427
20.416731  0
20.521289  0
20.552885  328
20.639703  12
20.641576  15
20.651145  18
20.655190  19
20.688894  136
20.829509  409
20.902372  0
20.908614  54
20.917683  58
20.919296  421
20.929319  59
20.931751  61
20.940445  61
20.951767  63
20.954239  63
20.958644  62
21.060804  27
21.067242  29
21.079729  68
21.468943  137
21.502661  55
21.557170  60
21.623023  0
21.659045  188
21.812900  140
21.889339  368
22.057760  440
22.076417  28
22.174052  138
22.191311  317
22.199566  331
22.203891  47
22.232539  124
22.237618  161
22.295970  165
22.323221  215
22.350578  212
22.352231  139
22.399547  381
22.470953  29
22.491878  164
22.522633  346
22.528878  389
22.573013  208
22.598020  161
22.610735  237
22.635171  154
22.647746  330
22.656775  10
22.718282  467
22.846322  103
22.853167  227
22.865662  468
22.881069  165
22.926222  342
23.015420  565
23.023590  102
23.036444  294
23.062232  104
23.066996  257
23.075446  527
23.077998  556
23.147755  339
23.163221  592
23.167686  133
23.171201  592
23.202401  325
23.207345  506
23.226145  361
23.291572  340
23.305026  668
23.314694  379
23.329422  532
23.363362  415
23.382255  130
23.404654  381
23.461297  242
23.480009  400
23.487440  263
23.506141  311
23.507714  406
23.540744  408
23.587606  562
23.591911  515
23.601100  399
23.629484  417
23.631397  605
23.643898  418
23.653701  425
23.668776  327
23.722635  618
23.894855  422
23.944330  758
24.075908  476
24.099524  560
24.135826  603
24.198431  620
24.207900  569
24.226038  590
24.247787  625
24.376062  642
24.411024  649
24.419394  396
24.434225  598
24.443668  612
24.489192  617
24.505637  730
24.598440  582
24.605357  544
24.623135  419
24.640221  616
24.676117  588
24.741101  550
24.753860  896
24.878969  481
25.084859  485
25.113204  562
25.135921  932
25.145030  624
25.152805  612
25.231782  584
25.300275  567
25.359837  624
25.392291  617
25.397554  650
25.402598  620
25.416212  649
25.446230  613
25.498014  416
25.512579  964
25.522802  981
25.540320  612
25.554851  413
25.583727  612
25.608722  415
25.632845  417
25.643511  420
25.667493  748
25.676896  423
25.683178  423
25.697718  591
25.742750  930
25.809363  559
25.841545  531
25.878090  357
25.973415  476
25.996165  591
26.027057  488
26.060081  865
26.080691  554
26.083103  550
26.085695  549
26.090040  548
26.125768  547
26.140156  521
26.145120  511
26.206141  480
26.240050  508
26.243041  506
26.262402  498
26.266447  497
26.268819  513
26.271511  489
26.303916  20
26.308640  515
26.314658  461
26.322142  486
26.326307  461
26.330612  247
26.332884  442
26.334697  246
26.336410  805
26.341394  803
26.347951  229
26.354468  424
26.359612  220
26.362224  214
26.364416  200
26.373186  391
26.374839  185
26.394116  176
26.398101  169
26.400613  169
26.413394  164
26.415906  487
26.418438  157
26.420770  152
26.422922  316
26.427067  308
26.440162  638
26.442434  627
26.510608  253
26.529661  66
26.585119  190
26.607674  216
26.628184  231
26.635100  182
26.682164  562
26.690933  229
26.693565  222
26.735341  226
26.750708  218
26.774943  143
26.789864  168
26.817929  164
26.820541  191
26.832746  174
26.856884  0
26.864834  198
26.879641  166
26.883267  148
26.894549  0
26.899613  547
26.928993  1
26.935550  0
26.951316  146
26.973244  297
26.977569  2
26.984133  143
26.990890  5
27.013563  513
27.104653  8
27.180677  178
27.307901  189
27.325661  195
27.332438  196
27.388543  175
27.413298  198
27.434094  210
27.456832  233
27.470286  169
27.472099  242
27.478257  177
27.491791  191
27.510364  9
27.514629  203
27.519673  36
27.522744  37
27.534365  36
27.577147  38
27.591743  150
27.599199  41
27.608068  175
27.689672  174
27.707216  44
27.712040  549
27.741400  204
27.747358  207
27.863909  207
27.879957  180
27.934931  214
27.960879  202
27.999366  183
28.032991  242
28.042689  244
28.085649  215
28.111368  582
28.129607  586
28.136918  48
28.139909  51
28.142481  51
28.149498  58
28.163737  53
28.168561  159
28.211848  208
28.215933  57
28.218305  341
28.224223  57
28.333274  40
28.341684  190
28.354226  58
28.381633  220
28.389944  221
28.435180  178
28.451821  212
28.455826  222
28.465979  239
28.524147  222
28.531218  56
28.536961  247
28.541366  224
28.567915  592
28.572640  500
28.580871  267
28.599149  270
28.601641  231
28.624384  214
28.664018  230
28.703487  275
28.705360  247
28.710938  276
28.713390  296
28.721560  301
28.731489  204
28.733681  253
28.740319  297
28.747616  256
28.749389  205
28.754054  62
28.756486  93
28.758898  57
28.763463  598
28.770180  91
28.776098  610
28.783913  264
28.818177  190
28.828065  176
28.836714  356
28.841439  235
28.845304  356
28.854055  209
28.855628  362
28.867468  238
28.869501  515
28.927160  273
28.947530  77
28.957339  611
28.961444  236
28.963656  75
28.970573  209
28.997782  222
29.032137  239
29.043159  360
29.052508  195
29.069155  220
29.074343  544
29.139034  230
29.166466  202
29.193532  230
29.245614  231
29.263299  196
29.276913  181
29.330648  269
29.378203  228
29.382608  70
29.384761  609
29.395483  66
29.399728  607
29.529065  556
29.602442  236
29.606616  273
29.645424  240
29.652621  204
29.680333  244
29.699930  197
29.706967  289
29.801314  239
29.852353  279
29.881501  281
29.890605  282
29.900748  242
29.910396  360
29.914661  235
29.980155  277
29.988753  247
30.012929  275
30.023591  313
30.027976  310
30.045022  211
30.056718  111
30.073887  619
30.115242  203
30.127918  231
30.139620  368
30.153049  388
30.177732  274
30.306997  647
30.335055  286
30.350082  211
30.403745  303
30.419632  232
30.426270  589
30.429816  242
30.436453  276
30.491713  283
30.549552  285
30.555450  286
30.561668  310
30.578547  304
30.592190  320
30.623821  279
30.629344  236
30.646189  279
30.651193  281
30.667238  288
30.689547  314
30.693632  315
30.703735  322
30.715038  235
30.721235  291
30.726399  262
30.730444  653
30.756513  663
30.790937  397
30.800147  262
30.810275  260
30.818585  414
30.842649  251
30.907507  96
30.948823  278
30.953048  271
30.966706  316
31.001558  240
31.023833  266
31.027179  642
31.048308  259
31.050041  267
31.075739  227
31.084309  248
31.137145  284
31.138958  259
31.170437  216
31.182018  252
31.186384  251
31.217217  628
31.220992  252
31.224842  249
31.242880  387
31.271535  253
31.278312  592
31.280784  226
31.305499  265
31.331020  262
31.354648  92
31.370831  294
31.382539  294
31.385191  90
31.393570  624
31.445842  226
31.504157  230
31.517131  592
31.524407  266
31.667370  234
31.708905  270
31.740232  257
31.819123  232
31.852432  266
31.867523  627
31.888072  267
31.889825  265
31.917516  223
31.920088  214
31.932698  250
31.945558  259
31.962330  260
31.970680  259
31.976283  283
31.978555  279
31.983319  77
31.984892  77
31.987324  279
31.994435  268
31.999199  210
32.004962  267
32.007294  70
32.010505  62
32.013995  608
32.049744  60
32.055362  58
32.060346  357
32.064691  200
32.067837  56
32.074973  55
32.082684  196
32.084337  194
32.086689  349
32.091453  553
32.113948  232
32.124841  226
32.129865  550
32.137321  233
32.207288  64
32.225840  263
32.238562  598
32.298702  245
32.312415  237
32.424555  235
32.438687  200
32.448136  202
32.465295  203
32.469280  235
32.474464  239
32.484512  604
32.531670  222
32.533343  213
32.537728  213
32.544265  217
32.547236  212
32.553139  216
32.571856  36
32.578308  163
32.580660  160
32.582233  23
32.584605  16
32.586338  560
32.595135  560
32.598066  11
32.622826  11
32.629263  308
32.630856  12
32.636818  153
32.650372  13
32.666377  315
32.676819  310
32.681068  155
32.693229  147
32.697374  185
32.705863  517
32.711127  191
32.712960  185
32.726414  516
32.799819  218
32.814011  555
32.823799  555
32.868048  180
32.894221  189
32.924607  202
32.970497  177
33.002690  165
33.018576  164
33.064497  143
33.069002  148
33.078511  143
33.081203  146
33.083735  142
33.092605  107
33.101395  0
33.111283  117
33.113076  0
33.115328  516
33.153657  3
33.161028  0
33.163360  101
33.169640  255
33.174327  98
33.194043  96
33.204845  86
33.206578  122
33.208830  84
33.216366  120
33.220751  447
33.222684  125
33.226969  446
33.307975  500
33.322427  167
33.337654  503
33.406282  141
33.603975  136
33.606207  143
33.672441  4
33.679038  12
33.691938  13
33.696123  13
33.721078  15
33.752525  146
33.765321  149
33.779759  459
33.962192  112
34.067207  206
34.069739  474
34.148614  154
34.169150  229
34.233696  28
34.248004  201
34.281897  20
34.287935  71
34.304545  106
34.314433  276
34.324756  150
34.342195  196
34.356109  208
34.367470  528
34.393970  137
34.403745  104
34.491202  204
34.503343  216
34.511353  70
34.512986  221
34.595573  145
34.600417  192
34.604562  191
34.632168  199
34.649686  190
34.652238  523
34.670592  84
34.685759  515
34.701664  509
34.704296  203
34.708161  230
34.746709  168
34.749041  199
34.791774  188
34.800983  163
34.812844  115
34.814997  81
34.820775  163
34.827112  183
34.842338  49
34.851248  44
34.865968  308
34.884321  161
34.895384  157
34.899329  110
34.901242  156
34.920622  183
34.929531  546
34.933337  197
34.938001  521
34.942286  520
34.947190  520
34.964509  183
34.972025  143
34.979281  556
35.062431  203
35.064124  203
35.065957  137
35.073692  298
35.153113  168
35.168914  169
35.176430  59
35.185574  163
35.194982  158
35.225384  52
35.229969  522
35.251200  167
35.253852  540
35.258716  194
35.262322  31
35.278548  162
35.287917  158
35.338387  157
35.353974  41
35.357340  119
35.363717  127
35.370235  147
35.394492  30
35.415124  290
35.417017  284
35.424373  113
35.426645  26
35.445158  129
35.470692  157
35.474477  155
35.479361  477
35.500711  149
35.507628  109
35.526026  525
35.592370  174
35.596495  169
35.598448  264
35.606539  110
35.611471  89
35.621120  472
35.626998  420
35.631283  88
35.633915  82
35.636614  87
35.638467  0
35.640400  78
35.646757  71
35.684728  430
35.695990  64
35.707710  23
35.732007  64
35.795194  18
35.812049  23
35.832860  0
35.856584  178
35.905179  55
35.907891  53
35.922539  376
35.928936  0
35.935513  396
35.979888  30
35.984253  123
35.988318  0
35.991030  0
35.999460  357
36.004484  315
36.008769  0
36.010762  0
36.013134  0
36.067232  349
36.075822  0
36.091488  0
36.161646  9
36.163739  100
36.217131  97
36.284683  301
36.293866  344
36.345172  8
36.366197  344
36.417820  323
36.482294  330
36.510271  0
36.561870  83
36.626621  280
36.682432  73
36.700825  312
36.704391  272
36.790398  3
36.887646  0
37.080149  76
37.131136  4
37.154574  323
37.242388  3
37.263859  54
37.269003  24
37.296885  18
37.318549  19
37.322794  98
37.338420  23
37.340053  23
37.346531  26
37.359006  62
37.366896  51
37.373913  68
37.386688  3
37.403513  31
37.437365  307
37.448634  6
37.507970  48
37.512255  121
37.523278  125
37.525530  359
37.527283  47
37.529216  325
37.544164  45
37.557977  70
37.560409  51
37.582294  58
37.587199  75
37.589172  365
37.597462  54
37.619966  366
37.676415  61
37.687681  63
37.691846  330
37.700076  76
37.709405  96
37.711358  105
37.719768  76
37.729881  49
37.752413  68
37.775971  136
37.778164  79
37.796083  76
37.800308  99
37.804693  77
37.812354  106
37.817498  96
37.820824  107
37.852457  79
37.863619  82
37.912012  356
37.926524  85
37.951300  103
37.966647  100
37.974943  176
37.983173  371
37.985825  415
37.992383  179
37.996448  110
38.005917  47
38.007850  109
38.009663  107
38.018253  112
38.020126  58
38.022099  119
38.033730  97
38.046585  70
38.059540  113
38.072654  92
38.087491  55
38.101140  427
38.145742  394
38.165815  105
38.170040  115
38.171953  413
38.197423  128
38.223726  187
38.228371  394
38.249176  103
38.263369  113
38.265222  201
38.269727  106
38.284214  127
38.286826  111
38.301466  122
38.308542  142
38.318905  143
38.344800  115
38.365565  119
38.385116  427
38.416125  128
38.420410  135
38.434224  126
38.466777  129
38.484576  122
38.510306  208
38.514871  434
38.516444  144
38.522761  168
38.525293  222
38.529279  144
38.531851  137
38.548064  95
38.551155  169
38.553328  132
38.561359  177
38.572510  123
38.574103  154
38.580261  175
38.593415  439
38.598519  122
38.607955  103
38.617305  452
38.681350  465
38.682923  153
38.685016  146
38.706460  428
38.710226  179
38.744072  176
38.750909  132
38.758841  139
38.772495  142
38.794141  150
38.796174  256
38.800859  173
38.810068  146
38.812041  124
38.814193  151
38.815906  150
38.825615  180
38.836578  173
38.845547  183
38.851545  487
38.870837  154
38.896447  153
38.898540  180
38.963203  441
38.975151  456
38.983581  171
39.021291  205
39.037871  183
39.055050  186
39.057322  181
39.075135  182
39.080993  183
39.085977  186
39.095686  180
39.136009  139
39.145738  476
39.160686  185
39.165151  176
39.186721  509
39.235856  497
39.255668  174
39.268164  221
39.271750  204
39.278427  225
39.317954  189
39.319847  209
39.346135  171
39.352892  186
39.360943  262
39.366561  188
39.382641  275
39.387565  178
39.389618  207
39.392130  213
39.414530  229
39.424722  233
39.446606  187
39.465998  189
39.473693  192
39.481608  479
39.497954  533
39.516240  221
39.553516  213
39.568463  224
39.605889  211
39.619430  289
39.628340  519
39.634878  215
39.640396  214
39.642728  537
39.644301  507
39.650299  307
39.653949  230
39.677764  214
39.687473  223
39.698915  229
39.710536  222
39.731469  227
39.742831  180
39.771165  545
39.809350  537
39.811722  224
39.831733  229
39.835559  234
39.837752  226
39.839865  223
39.844170  237
39.850907  232
39.867193  233
39.887084  229
39.888657  228
39.900817  238
39.907134  221
39.927904  304
39.929517  221
39.936294  224
39.963922  217
40.060806  232
40.218134  227
40.253516  226
40.255269  531
40.268363  232
40.272668  537
40.280584  246
40.295611  259
40.298243  272
40.303527  275
40.310983  557
40.314975  238
40.344514  228
40.359099  554
40.366015  232
40.437589  253
40.439761  262
40.454569  234
40.464497  320
40.478130  262
40.488053  265
40.489786  264
40.502284  235
40.533636  266
40.537042  233
40.540907  233
40.549201  245
40.567380  341
40.576569  270
40.592933  588
40.598496  266
40.653053  248
40.656918  587
40.673582  276
40.684384  262
40.757423  274
40.759056  551
40.761887  555
40.787440  276
40.844919  278
40.854427  277
40.885879  557
40.887532  283
40.891397  601
40.894368  352
40.895961  352
40.898193  280
40.924267  270
40.935089  283
40.940992  257
40.958991  274
40.964254  268
40.971171  279
40.973583  293
40.977728  266
40.984764  605
41.023305  271
41.039751  267
41.048281  276
41.050933  273
41.057110  277
41.059003  264
41.063987  271
41.068312  275
41.075329  350
41.101784  275
41.122734  275
41.131045  269
41.144378  263
41.151969  266
41.165706  270
41.168318  264
41.177048  348
41.179540  344
41.186017  342
41.200417  267
41.203029  590
41.206974  270
41.230556  262
41.235340  268
41.236993  257
41.267366  257
41.273723  256
41.281174  262
41.286637  261
41.309218  261
41.323290  257
41.344339  255
41.353728  261
41.356020  264
41.421449  249
41.431632  245
41.443073  253
41.448257  322
41.457407  563
41.459979  247
41.471640  249
41.473613  252
41.486579  245
41.488252  240
41.491538  245
41.493111  235
41.498774  237
41.501745  235
41.516477  233
41.520342  237
41.531903  235
41.537541  237
41.540572  232
41.545476  228
41.551234  237
41.558371  554
41.560983  234
41.584880  218
41.595642  219
41.610050  227
41.618610  217
41.620762  227
41.627299  225
41.649304  215
41.656021  208
41.665849  203
41.670741  201
41.687781  202
41.694358  206
41.709286  208
41.710859  205
41.715503  206
41.719688  208
41.724093  201
41.726665  206
41.731789  198
41.737887  197
41.740079  516
41.742311  193
41.747870  185
41.754467  184
41.756220  184
41.766962  187
41.782594  190
41.786309  192
41.787962  187
41.869449  181
41.897155  167
41.930951  158
41.955807  478
41.957979  163
41.972986  165
41.974579  162
41.991871  167
41.996196  175
42.012053  179
42.016158  176
42.029073  174
42.035610  173
42.054882  161
42.065452  170
42.080041  152
42.093734  163
42.117191  157
42.119304  165
42.123789  162
42.125962  159
42.162062  167
42.169558  166
42.172190  163
42.192782  147
42.202610  152
42.207235  150
42.211720  151
42.221483  144
42.223815  463
42.228500  139
42.235377  137
42.244567  146
42.248732  139
42.263739  139
42.267764  137
42.298517  154
42.307126  120
42.313604  113
42.318688  115
42.323393  112
42.337368  105
42.370683  98
42.381865  104
42.397573  88
42.399146  410
42.407796  110
42.409749  100
42.411861  102
42.430199  98
42.438309  93
42.440122  99
42.446739  98
42.451324  97
42.453237  92
42.462426  94
42.496744  97
42.505115  99
42.524981  94
42.550356  97
42.564764  92
42.601658  89
42.642455  93
42.649511  88
42.657311  87
42.675110  90
42.696236  94
42.857056  107
42.858929  95
42.870111  110
42.891517  94
42.911649  96
42.946813  99
42.953271  113
43.014940  115
43.023930  126
43.028355  96
43.049600  110
43.051792  110
43.071664  98
43.080421  111
43.085285  112
43.099893  116
43.112908  123
43.138877  91
43.149927  121
43.172331  126
43.235357  128
43.254210  105
43.290743  104
43.297860  411
43.335746  132
43.364172  133
43.366784  112
43.375594  99
43.383525  119
43.397158  98
43.398911  131
43.418603  136
43.428805  126
43.438134  105
43.448297  89
43.459479  125
43.501010  125
43.505255  131
43.509940  136
43.533457  425
43.543241  101
43.560380  129
43.574748  133
43.581405  125
43.592108  115
43.600559  112
43.623482  129
43.627767  129
43.635124  138
43.646805  128
43.650731  131
43.665758  140
43.675328  112
43.677421  130
43.721490  114
43.728387  126
43.732672  120
43.736238  120
43.753797  136
43.779327  441
43.781060  133
43.790923  444
43.816366  128
43.818059  140
43.842863  140
43.845015  141
43.854085  124
43.862575  143
43.869192  134
43.873577  147
43.878601  147
43.883860  135
43.886452  131
43.901039  127
43.903571  141
43.928225  166
43.946628  133
43.955098  136
43.984638  143
44.018125  168
44.029727  159
44.034472  176
44.050864  173
44.055149  165
44.069897  155
44.071930  135
44.085272  172
44.100389  186
44.110025  135
44.111998  140
44.114670  181
44.134662  142
44.137234  146
44.146463  181
44.152741  147
44.154973  181
44.168842  147
44.171094  144
44.180930  173
44.190219  146
44.247137  143
44.251242  140
44.252815  137
44.283109  157
44.295923  158
44.301846  171
44.308683  137
44.329893  160
44.334498  156
44.353711  176
44.361402  178
44.366106  174
44.367879  136
44.373322  177
44.380139  170
44.393583  176
44.399421  175
44.405124  163
44.416006  169
44.440282  163
44.442095  171
44.447853  154
44.453811  171
44.458196  169
44.464433  143
44.480519  160
44.491621  172
44.496006  171
44.583947  167
44.586000  167
44.599514  176
44.627029  181
44.631793  172
44.636358  166
44.638970  168
44.652903  177
44.675260  170
44.685288  176
44.755059  173
44.847155  174
44.850561  175
44.867324  173
44.875694  172
44.885263  169
44.892759  174
44.900615  177
44.910528  177
44.918099  178
44.941636  181
44.963684  180
44.975613  182
45.002861  160
45.008025  179
45.055984  177
45.076015  185
45.095167  180
45.112746  171
45.137500  174
45.151633  181
45.162375  170
45.165781  174
45.175756  184
45.180780  177
45.197744  181
45.204061  177
45.224566  178
45.288867  172
45.297716  171
45.325183  182
45.331341  172
45.368434  174
45.386392  182
45.395002  177
45.399207  185
45.403732  177
45.408177  177
45.415054  182
45.431320  179
45.447948  179
45.452772  179
45.482391  183
45.484783  184
45.493262  179
45.496828  180
45.515845  170
45.525837  183
45.530282  177
45.563535  178
45.568220  177
45.572565  182
45.591050  179
45.604884  174
45.615191  169
45.619476  169
45.621848  171
45.625594  169
45.630019  167
45.645186  175
45.655668  174
45.674587  175
45.682937  173
45.692345  170
45.694897  172
45.696930  177
45.706813  171
45.708446  171
45.713490  173
45.715602  164
45.721540  170
45.731249  171
45.786904  172
45.793521  173
45.802251  164
45.825729  155
45.840022  156
45.850032  155
45.851705  153
45.859381  151
45.869344  146
45.878934  148
45.883199  152
45.893187  144
45.897013  143
45.911286  152
45.921769  149
45.937095  149
45.973826  157
45.986741  155
45.995711  148
45.997344  153
46.001129  142
46.009154  137
46.030719  144
46.039608  146
46.048038  143
46.055354  143
46.096203  141
46.100348  140
46.104573  135
46.110591  132
46.113263  138
46.122220  126
46.130330  118
46.134834  122
46.138060  117
46.142125  125
46.145391  121
46.162635  113
46.164967  117
46.171504  113
46.174695  116
46.189982  114
46.237969  117
46.244506  121
46.246858  117
46.271633  131
46.278490  115
46.295851  117
46.352973  137
46.387337  138
46.396486  140
46.442933  138
46.458880  129
46.507561  129
46.514158  128
46.526454  126
46.529780  124
46.532272  128
46.550850  121
46.555215  119
46.556788  121
46.620940  114
46.643942  131
46.660063  129
46.666880  120
46.677543  129
46.728653  134
46.769253  123
46.801826  126
46.812808  133
46.854943  136
46.873076  129
46.876922  159
46.887864  138
46.891490  163
46.897627  125
46.923237  151
46.932481  160
46.955204  119
46.957476  143
46.964333  143
46.966146  127
46.978666  132
46.995626  149
47.001884  158
47.004116  156
47.022818  148
47.046277  147
47.048909  149
47.067382  134
47.071727  146
47.078084  124
47.089106  126
47.093291  144
47.094924  139
47.098989  135
47.118928  140
47.127978  146
47.136888  138
47.150682  139
47.163516  142
47.202421  147
47.214010  145
47.250467  148
47.252600  145
47.270839  148
47.306405  127
47.317307  151
47.354378  137
47.364480  144
47.388498  150
47.434039  153
47.502793  169
47.507038  161
47.540757  159
47.542630  156
47.554291  149
47.570038  140
47.581894  138
47.586079  157
47.594374  143
47.596267  145
47.625712  152
47.637114  147
47.643671  167
47.658819  160
47.665097  156
47.671994  161
47.716936  162
47.721441  166
47.725686  174
47.765990  156
47.781517  158
47.785882  157
47.796235  155
47.807377  158
47.818139  172
47.873485  170
47.885434  157
47.896970  182
47.912797  167
47.952054  174
47.954227  168
47.965348  173
47.969813  167
47.978183  173
47.980176  171
48.000128  192
48.029712  188
48.043985  175
48.047771  188
48.057259  196
48.078269  163
48.080462  196
48.093476  159
48.108463  199
48.113307  177
48.123949  180
48.126601  169
48.137463  149
48.143865  204
48.152795  186
48.177646  170
48.181591  168
48.216844  194
48.256927  172
48.258500  196
48.271974  195
48.273947  210
48.309565  197
48.311837  173
48.317795  181
48.326532  203
48.332734  199
48.340150  182
48.353725  186
48.366100  188
48.370385  203
48.394960  198
48.399234  198
48.405991  192
48.411454  198
48.417879  158
48.424136  198
48.443710  194
48.446042  197
48.457969  195
48.463113  185
48.492013  194
48.495164  191
48.496917  193
48.504353  189
48.510116  191
48.518945  190
48.521617  180
48.523330  188
48.525662  191
48.531060  185
48.550951  196
48.591539  196
48.596942  196
48.627241  201
48.637408  201
48.643905  198
48.650303  199
48.656960  200
48.673685  203
48.680401  183
48.702751  204
48.711021  197
48.712994  189
48.731411  190
48.800849  200
48.803141  198
48.812190  196
48.836091  192
48.838603  187
48.852137  188
48.880782  189
48.904982  188
48.930464  201
48.935248  198
48.947149  186
48.953007  187
48.955978  189
48.984944  192
48.989768  188
49.028916  192
49.034559  194
49.044477  197
49.050834  193
49.056881  190
49.064477  189
49.075168  187
49.076841  191
49.108992  192
49.116947  193
49.156030  195
49.162647  193
49.164340  191
49.175461  181
49.182837  185
49.190493  184
49.193484  184
49.200955  179
49.202528  175
49.208306  173
49.214883  178
49.230109  181
49.240751  181
49.252947  181
49.312856  191
49.323977  188
49.360328  189
49.367085  185
49.370910  180
49.372783  181
49.381952  176
49.412986  181
49.414679  178
49.416412  184
49.422694  180
49.425166  182
49.438644  167
49.440357  170
49.449211  170
49.455153  166
49.457805  164
49.478436  171
49.485932  177
49.489817  175
49.493902  169
49.495535  168
49.497168  168
49.504428  176
49.532774  174
49.539691  173
49.544495  168
49.549659  169
49.553225  166
49.554898  163
49.556531  162
49.559023  158
49.570724  162
49.572317  160
49.582405  158
49.588662  156
49.608899  164
49.612724  147
49.625324  156
49.636740  152
49.676974  158
49.687996  159
49.695307  153
49.706848  160
49.713305  164
49.715078  164
49.722349  160
49.724721  157
49.729740  160
49.731413  156
49.739508  145
49.741121  144
49.744352  151
49.746764  145
49.749356  145
49.754360  132
49.772298  128
49.776463  124
49.782590  124
49.797230  121
49.807932  113
49.809685  108
49.813839  108
49.815692  108
49.824941  105
49.829845  113
49.870491  121
49.872204  120
49.879300  112
49.889583  113
49.892295  115
49.894288  113
49.898933  112
49.901405  106
49.903617  106
49.905530  101
49.914140  104
49.919424  106
49.929847  112
49.938716  108
49.970343  107
49.977700  113
49.987982  109
49.991967  94
50.001975  91
50.013991  90
50.035800  95
50.051566  86
50.055651  95
50.067872  96
50.075492  92
50.106717  81
50.125074  75
50.131591  68
50.138208  70
50.140321  69
50.145425  68
50.156907  65
50.161971  71
50.178305  74
50.180498  63
50.183050  62
50.186895  59
50.207155  55
50.222241  62
50.224773  62
50.229737  58
50.250332  49
50.264724  59
50.283197  55
50.287442  50
50.296651  64
50.300377  52
50.304982  56
50.322801  61
50.330976  60
50.335521  60
50.344550  68
50.361090  52
50.365415  54
50.372272  56
50.379723  54
50.384448  48
50.398997  44
50.408713  42
50.417483  35
50.421448  27
50.429239  27
50.437729  24
50.440421  23
50.453517  21
50.466972  22
50.493375  27
50.495208  20
50.496781  22
50.505910  20
50.522495  26
50.542888  26
50.552137  25
50.566290  21
50.581242  20
50.583395  19
50.589793  17
50.613877  18
50.627266  20
50.631331  19
50.638762  11
50.646558  13
50.664565  15
50.684357  30
50.688382  24
50.690475  25
50.694787  27
50.725729  21
50.730114  14
50.750675  11
50.772441  6
50.791920  15
50.806807  5
50.828191  6
50.845732  17
50.850197  16
50.865964  14
50.869570  9
50.882764  13
50.897013  19
50.908195  20
50.989488  26
51.031624  16
51.045258  20
51.074381  24
51.078906  26
51.127314  35
51.160979  43
51.206863  26
51.217485  27
51.226314  10
51.297081  21
51.321337  31
51.323310  28
51.329334  21
51.348368  15
51.354705  33
51.391018  35
51.409357  26
51.426137  25
51.437718  33
51.455299  33
51.474970  31
51.484825  38
51.486658  35
51.509660  36
51.523235  37
51.533304  35
51.537909  33
51.587562  27
51.593819  36
51.600676  25
51.617256  29
51.660668  37
51.668858  35
51.677567  45
51.705389  36
51.730946  41
51.739943  47
51.751292  47
51.767239  46
51.778661  50
51.790625  48
51.801527  33
51.809977  45
51.819026  42
51.827776  49
51.829988  47
51.836386  35
51.848801  40
51.888259  27
51.899062  41
51.916955  55
51.935668  47
51.937281  43
52.011285  52
52.015710  60
52.026832  29
52.030857  48
52.038828  55
52.051723  69
52.055049  45
52.066450  37
52.078944  48
52.091860  46
52.093433  48
52.106587  42
52.128870  50
52.137001  66
52.139173  47
52.145891  59
52.168835  71
52.171534  76
52.189274  56
52.198224  84
52.216491  73
52.220456  43
52.235143  63
52.236896  65
52.249382  54
52.257473  79
52.265184  84
52.276515  57
52.287916  60
52.305396  80
52.318510  67
52.327247  67
52.333724  92
52.335357  42
52.354687  92
52.369675  67
52.377131  71
52.402668  73
52.418594  72
52.425180  85
52.447344  93
52.456174  89
52.473274  49
52.477739  80
52.481504  67
52.489934  102
52.498743  80
52.513031  77
52.523853  84
52.527019  86
52.530425  87
52.533636  82
52.541946  86
52.543699  54
52.547804  66
52.552169  80
52.571581  105
52.582244  83
52.588721  77
52.633670  106
52.660526  115
52.672502  76
52.677007  78
52.688923  92
52.690696  95
52.694701  78
52.705787  98
52.712864  93
52.717070  102
52.720975  94
52.738414  99
52.744112  106
52.747478  104
52.768745  104
52.790850  115
52.797507  111
52.828081  119
52.834279  102
52.840317  101
52.882060  116
52.898581  109
52.904519  81
52.923318  110
52.938111  126
52.940783  118
52.951305  137
52.953637  113
52.964399  103
52.971323  106
52.990756  110
53.014614  114
53.022844  108
53.031234  106
53.038191  101
53.044289  106
53.078214  129
53.080526  153
53.082758  108
53.095972  133
53.102969  154
53.142580  159
53.147325  114
53.161239  121
53.163252  161
53.172622  135
53.176987  110
53.191535  127
53.224542  139
53.226734  115
53.230700  111
53.245667  116
53.247720  157
53.254617  138
53.258962  124
53.263487  154
53.267892  111
53.272197  127
53.278035  134
53.306197  127
53.310429  153
53.314395  178
53.320133  168
53.327936  127
53.352588  136
53.366061  160
53.370845  137
53.377722  165
53.385433  151
53.391970  160
53.415767  167
53.430900  116
53.441083  170
53.450772  155
53.456450  177
53.460835  172
53.477416  177
53.479608  180
53.485646  149
53.487219  140
53.494075  183
53.496128  160
53.499973  143
53.502525  182
53.517612  164
53.524908  109
53.539137  182
53.565906  166
53.568598  147
53.600267  156
53.602899  181
53.607767  158
53.610219  175
53.631963  188
53.651374  190
53.663434  181
53.686699  175
53.711733  206
53.720203  170
53.724348  161
53.739668  184
53.766058  185
53.772695  187
53.777694  159
53.798085  152
53.817658  185
53.827941  180
53.840944  175
53.846667  184
53.856710  188
53.867893  202
53.871938  181
53.889492  205
53.915241  181
53.927857  195
53.932362  204
53.943804  205
53.964514  184
53.985819  190
53.992057  203
54.018893  203
54.042590  177
54.046895  211
54.049247  188
54.053052  211
54.054745  220
54.062955  193
54.069253  202
54.084939  185
54.100506  201
54.102159  187
54.124162  200
54.158521  198
54.163405  206
54.168824  215
54.172789  214
54.202503  207
54.204276  217
54.258329  224
54.260941  218
54.268517  220
54.277055  204
54.279208  224
54.285226  216
54.291423  195
54.298914  200
54.306924  208
54.342509  218
54.362580  233
54.373922  222
54.377188  224
54.388669  218
54.393813  208
54.407721  227
54.416591  210
54.426494  221
54.432931  229
54.440327  204
54.446425  207
54.494438  215
54.496011  208
54.508232  226
54.513476  225
54.535200  221
54.565578  206
54.567331  236
54.589854  226
54.609205  212
54.611058  221
54.624132  230
54.633775  233
54.635428  229
54.641625  226
54.652846  216
54.666920  226
54.696801  227
54.712216  227
54.721405  220
54.739871  218
54.742123  228
54.757677  230
54.766886  218
54.815957  233
54.820122  228
54.830210  238
54.832123  230
54.836128  230
54.843364  234
54.847370  220
54.848963  229
54.855980  230
54.883695  221
54.928702  233
54.933686  227
54.943235  236
54.963860  230
54.986249  236
55.003508  238
55.006754  231
55.011618  242
55.033187  230
55.049280  246
55.079379  237
55.089721  238
55.108177  241
55.124663  242
55.153584  253
55.165779  246
55.168091  247
55.183243  248
55.205326  249
55.210710  247
55.213142  253
55.217487  233
55.234092  243
55.236264  231
55.252889  233
55.264271  245
55.271207  242
55.289546  237
55.293591  253
55.302281  234
55.308758  241
55.328989  242
55.330722  240
55.334487  237
55.352230  236
55.354402  246
55.359626  232
55.367496  234
55.390444  235
55.397241  242
55.400467  241
55.403099  243
55.415603  248
55.419968  245
55.422680  234
55.429177  239
55.430990  227
55.449123  226
55.485819  238
55.491302  241
55.496585  235
55.500031  237
55.514258  236
55.520480  235
55.524405  235
55.526278  233
55.532543  238
55.541357  236
55.564498  246
55.581102  245
55.582995  238
55.625981  250
55.635984  250
55.677163  236
55.681248  236
55.730964  231
55.733196  224
55.756572  235
55.769386  236
55.778635  234
55.782820  234
55.787764  233
55.813210  241
55.831695  244
55.840924  239
55.852745  239
55.862514  238
55.873677  245
55.879455  235
55.898692  233
55.912087  237
55.919303  230
55.923148  230
55.924761  238
55.943019  231
55.990677  235
55.995741  237
55.997973  235
56.020142  227
56.032258  228
56.063390  233
56.088885  235
56.097775  234
56.104372  237
56.106844  237
56.116512  238
56.118804  237
56.138129  242
56.152757  239
56.162605  232
56.169582  232
56.176279  234
56.177972  231
56.184948  231
56.187500  230
56.194277  225
56.198402  226
56.220330  225
56.222463  219
56.243408  221
56.246060  207
56.266498  215
56.268591  214
56.279183  214
56.281495  213
56.287742  213
56.292017  211
56.315238  202
56.317590  213
56.325645  213
56.341232  203
56.345637  203
56.349722  202
56.352793  198
56.361131  197
56.376678  199
56.383715  198
56.387680  198
56.390192  189
56.406178  195
56.410423  193
56.442096  179
56.444528  188
56.451385  186
56.453997  177
56.492976  179
56.501086  173
56.503538  166
56.506170  172
56.511514  167
56.515739  167
56.528933  166
56.541748  166
56.544420  162
56.557414  161
56.559267  161
56.561839  160
56.564131  156
56.581611  154
56.584223  152
56.586795  148
56.588608  146
56.593013  150
56.597138  149
56.602442  154
56.606607  153
56.615863  148
56.631310  153
56.645998  149
56.662607  152
56.679586  150
56.690867  156
56.699298  177
56.712333  153
56.768744  165
56.778887  153
56.787976  154
56.791981  156
56.798058  141
56.801364  143
56.802997  141
56.808500  143
56.811052  142
56.813204  135
56.815357  139
56.819062  141
56.830304  144
56.831877  139
56.838514  140
56.847104  134
56.855834  132
56.860359  127
56.871101  139
56.879651  136
56.882083  131
56.909745  133
56.932195  124
56.950373  127
56.954938  130
56.960121  126
56.964846  121
56.966659  126
56.972836  120
56.987824  118
57.017253  123
57.018846  123
57.029421  121
57.033846  127
57.047401  121
57.053919  118
57.058464  124
57.060816  119
57.062429  124
57.068167  116
57.069740  111
57.080008  114
57.088778  113
57.102292  113
57.131977  113
57.138494  115
57.156332  107
57.162230  101
57.168648  96
57.190452  97
57.201928  88
57.209424  92
57.210997  88
57.214203  73
57.215816  80
57.226842  80
57.230033  72
57.234238  78
57.238503  83
57.246874  77
57.255604  80
57.259509  75
57.269412  74
57.298254  83
57.309217  80
57.351063  75
57.373821  77
57.379699  79
57.384863  76
57.386516  70
57.494893  81
57.502224  79
57.539384  80
57.565657  81
57.631023  89
57.681525  89
57.690654  79
57.707523  82
57.727715  88
57.749519  100
57.828747  83
57.835145  75
57.850772  108
57.855896  104
57.860920  105
57.897093  94
57.911774  99
57.927301  109
57.931666  79
57.950359  80
57.961965  107
57.977751  109
57.990645  121
58.070813  103
58.075618  110
58.092898  126
58.098501  101
58.116961  90
58.118814  107
58.125192  112
58.131649  84
58.138966  109
58.140919  83
58.144864  124
58.147496  99
58.149069  106
58.160882  120
58.175043  116
58.180941  80
58.220455  119
58.248831  110
58.280144  78
58.299644  106
58.301757  122
58.318264  134
58.320396  109
58.345766  112
58.383112  108
58.396266  120
58.398378  124
58.407248  114
58.417851  105
58.419604  123
58.456037  83
58.466620  124
58.482347  116
58.497196  157
58.498809  110
58.505686  108
58.536404  119
58.553144  87
58.562953  137
58.591365  155
58.593198  126
58.616141  128
58.623277  139
58.629794  139
58.638584  146
58.652178  127
58.656523  136
58.658635  160
58.669297  125
58.678706  156
58.688529  118
58.713720  146
58.737263  155
58.752005  135
58.766458  121
58.785691  115
58.803754  152
58.808478  135
58.826137  163
58.832415  169
58.834328  146
58.850354  133
58.859103  154
58.912681  155
58.922624  147
58.931534  168
58.940384  143
58.944589  145
58.949465  122
58.951158  144
58.984644  164
59.001824  137
59.014979  177
59.026422  127
59.053066  169
59.057491  155
59.066621  161
59.084020  160
59.085593  161
59.095876  161
59.106518  154
59.114709  181
59.132709  149
59.136775  162
59.148643  168
59.155180  183
59.159265  161
59.164549  163
59.167081  155
59.194254  177
59.200033  178
59.202585  169
59.215639  165
59.251611  183
59.267698  179
59.301306  166
59.310056  151
59.333341  146
59.347590  163
59.356140  184
59.366623  174
59.374299  187
59.379817  179
59.386429  199
59.401660  175
59.403433  181
59.410411  205
59.471344  187
59.473257  184
59.480668  187
59.494028  175
59.500945  184
59.505270  187
59.520765  163
59.522418  182
59.536526  194
59.558849  197
59.560422  159
59.574496  156
59.584699  218
59.605290  184
59.609915  211
59.618764  201
59.628427  180
59.637436  202
59.658814  204
59.664912  211
59.685069  208
59.686662  188
59.695751  202
59.697384  201
59.706294  214
59.710100  196
59.716578  200
59.726007  212
59.728339  181
59.733431  196
59.742041  211
59.744673  189
59.753103  203
59.762932  210
59.810580  210
59.820108  200
59.836581  199
59.875125  176
59.891350  199
59.896434  192
59.904170  202
59.905903  202
59.914797  203
59.916770  196
59.926488  203
59.938983  196
59.949350  188
59.970914  194
