# t(s) QueuingDelay(ms)
10.349992  2
10.369153  3
10.450925  3
10.468805  1
10.542799  2
10.548937  0
10.551609  0
10.554001  4
10.570276  1
10.580729  1
10.593328  6
10.600464  2
10.627071  8
10.674138  8
10.701780  2
10.704412  5
10.719071  2
10.721743  12
10.740281  10
10.752041  15
10.769082  13
10.774066  15
10.776578  30
10.787161  13
10.801749  28
10.816717  21
10.823774  83
10.851876  77
10.875314  95
10.876887  90
10.885566  65
10.911503  92
10.923084  101
10.952919  108
10.963382  109
10.976357  129
11.004212  146
11.024579  174
11.026871  110
11.033688  150
11.035301  132
11.064996  214
11.069760  197
11.080622  228
11.104000  221
11.118527  154
11.137210  156
11.141615  185
11.145760  255
11.158735  258
11.164613  267
11.182900  321
11.194202  271
11.214619  215
11.229247  288
11.234251  177
11.244494  292
11.251111  283
11.255436  183
11.285272  314
11.300020  337
11.309548  324
11.315965  334
11.317818  290
11.324016  447
11.334300  352
11.344872  339
11.347803  345
11.364863  455
11.369387  377
11.378117  376
11.381694  465
11.389325  369
11.404811  384
11.417146  375
11.422330  386
11.426215  469
11.441123  410
11.443176  401
11.451886  404
11.476742  426
11.486965  431
11.493422  417
11.498901  436
11.509803  354
11.519846  526
11.522498  421
11.543523  439
11.562916  441
11.584140  123
11.594543  453
11.609536  500
11.611968  467
11.614580  149
11.636345  376
11.640450  474
11.658110  390
11.660303  569
11.672265  453
11.681614  500
11.683187  591
11.691517  489
11.700587  502
11.704492  502
11.721092  669
11.728556  432
11.748289  664
11.755911  624
11.760675  527
11.768486  449
11.792350  509
11.798308  462
11.804606  639
11.818240  535
11.830936  616
11.835301  508
11.844870  596
11.855233  527
11.874425  636
11.880483  552
11.896370  529
11.901849  568
11.921881  510
11.928738  600
11.930571  162
11.943926  570
11.955148  673
11.959513  537
11.963478  600
11.972468  680
11.976853  600
11.992060  606
12.000511  604
12.015818  578
12.024128  617
12.035330  610
12.059688  732
12.066206  637
12.078032  617
12.092361  673
12.103323  687
12.118890  610
12.127140  697
12.129033  741
12.141568  712
12.153983  639
12.161334  594
12.165219  716
12.177479  168
12.181884  684
12.184196  623
12.209447  185
12.225939  297
12.240627  678
12.262001  680
12.266276  308
12.291580  309
12.293513  687
12.307007  718
12.330945  610
12.334611  712
12.345693  728
12.351671  648
12.382798  729
12.400698  619
12.420090  646
12.442009  635
12.485989  684
12.504082  655
12.514685  647
12.567830  753
12.634318  680
12.645061  662
12.680259  856
12.715281  876
12.734633  687
12.777262  877
12.781448  720
12.799846  732
12.827559  683
12.849023  738
12.859466  732
12.876876  698
12.906998  697
12.919153  898
12.936473  316
13.003688  903
13.037268  725
13.071508  690
13.080198  961
13.103584  747
13.107489  849
13.132400  319
13.186726  333
13.193263  694
13.231157  382
13.275760  413
13.281558  929
13.292780  731
13.299097  791
13.321935  913
13.355262  706
13.388970  931
13.402344  733
13.407883  708
13.447986  816
13.492669  850
13.532206  860
13.610227  845
13.638930  959
13.652185  1120
13.700309  1185
13.715367  1147
13.811606  428
13.824119  425
13.836102  741
13.878367  737
13.886777  421
13.889409  731
13.907973  404
13.911918  729
13.927186  397
13.929818  707
13.955995  391
13.983529  698
13.988094  377
14.000060  349
14.035684  560
14.083191  560
14.181913  519
14.198746  508
14.203631  509
14.213080  515
14.267030  204
14.360563  207
14.443201  216
14.460232  224
14.471162  536
14.475328  525
14.481605  534
14.489440  533
14.495738  224
14.515270  227
14.573086  10
14.609899  247
14.612551  21
14.626985  250
14.666404  39
14.704714  82
14.715158  580
14.736364  108
14.746906  112
14.782866  146
14.808462  162
14.824549  588
14.933245  266
14.935418  521
14.955400  163
15.010480  522
15.037957  690
15.069465  284
15.075243  2
15.083034  36
15.092762  528
15.096607  537
15.115192  291
15.150235  396
15.174966  466
15.190520  481
15.196858  490
15.225700  193
15.238156  501
15.282964  792
15.296246  501
15.319144  530
15.330645  551
15.332438  542
15.358308  39
15.404145  61
15.409883  546
15.437170  558
15.453192  586
15.474736  599
15.486098  209
15.515494  583
15.551628  274
15.559104  220
15.610038  287
15.668720  312
15.734187  366
15.803931  715
15.836059  554
15.840823  756
15.848794  367
15.861756  55
15.927033  77
15.934995  4
16.008251  101
16.068012  172
16.133487  589
16.188961  598
16.238567  609
16.266230  612
16.294829  663
16.298635  687
16.314382  694
16.352537  118
16.371170  277
16.486072  687
16.508057  400
16.546229  312
16.555338  406
16.582620  461
16.585232  122
16.615042  469
16.628437  421
16.643345  537
16.719445  576
16.771834  475
16.824734  768
16.867845  870
16.870017  190
16.882522  481
16.907437  207
16.926713  482
17.015951  252
17.072199  289
17.110636  290
17.209996  89
17.310609  159
17.315173  795
17.383132  164
17.414287  818
17.420964  426
17.452349  941
17.494414  473
17.586826  676
17.608430  441
17.614408  475
17.638274  675
17.651814  446
17.694475  479
17.763229  449
17.770306  452
17.785856  479
17.790840  478
17.838052  167
17.859177  988
17.878917  290
17.885275  476
17.912786  480
17.922598  481
17.940177  92
17.951523  473
17.977002  173
17.991814  93
18.001997  94
18.006821  123
18.008574  114
18.022427  289
18.025318  180
18.035985  303
18.064589  295
18.071425  292
18.082107  290
18.097665  311
18.107393  288
18.109905  285
18.191975  69
18.198752  66
18.217169  127
18.243551  229
18.256485  108
18.266652  107
18.304630  100
18.320970  100
18.345236  913
18.352233  912
18.361070  383
18.370626  900
18.374991  361
18.377543  893
18.381928  358
18.384100  357
18.386632  346
18.391744  345
18.394176  373
18.396888  340
18.399380  338
18.401832  337
18.403525  367
18.413772  874
18.418577  333
18.426093  366
18.428505  364
18.433389  873
18.439067  364
18.444310  360
18.449314  327
18.451786  359
18.454098  358
18.460755  357
18.462348  326
18.470568  551
18.475552  324
18.484761  354
18.487792  321
18.494269  353
18.502149  352
18.514326  543
18.516678  318
18.522795  313
18.524448  537
18.526700  311
18.539683  335
18.549591  333
18.554095  333
18.580152  301
18.583818  299
18.589736  295
18.628012  297
18.630524  323
18.632776  321
18.635687  318
18.648322  305
18.672716  0
18.691113  812
18.710410  114
18.714615  114
18.716328  304
18.750479  113
18.757655  113
18.762799  0
18.788407  115
18.826018  1
18.830402  6
18.840410  100
18.862173  97
18.863966  118
18.868140  97
18.871786  94
18.893865  603
18.906492  113
18.921698  96
18.932125  96
19.034367  7
19.062651  2
19.072527  6
19.100955  10
19.105699  11
19.113215  12
19.128881  17
19.131373  14
19.200377  18
19.208312  837
19.221866  300
19.229422  833
19.231475  299
19.236439  297
19.249833  295
19.251606  294
19.253179  294
19.258043  292
19.261773  831
19.263406  287
19.273488  822
19.287813  280
19.292058  272
19.298475  265
19.308922  264
19.321397  263
19.334617  260
19.348450  491
19.394809  256
19.402045  255
19.417236  251
19.426192  247
19.427825  244
19.430457  244
19.432170  275
19.464185  0
19.485278  774
19.503520  0
19.507625  80
19.513782  74
19.540318  72
19.544663  70
19.548628  0
19.570244  86
19.575028  84
19.603294  45
19.605726  67
19.613482  65
19.625291  45
19.652486  42
19.664067  62
19.679414  40
19.805216  0
19.818650  13
19.826660  611
19.874118  7
19.885768  1
19.890153  1
19.903767  2
19.962016  728
19.970026  727
19.974391  717
19.980916  717
19.989506  708
19.994854  703
20.001211  0
20.010210  329
20.050331  62
20.052164  93
20.075055  0
20.091145  580
20.104139  0
20.150546  0
20.220931  2
20.243634  5
20.246026  5
20.252903  539
20.367610  8
20.378052  12
20.399342  23
20.412737  6
20.415229  568
20.445718  2
20.449563  2
20.471686  5
20.491418  576
20.503214  16
20.510111  18
20.523566  25
20.573207  586
20.603401  596
20.625446  280
20.640054  27
20.742291  22
20.747849  33
20.759365  74
20.773782  0
20.792743  1
20.801892  10
20.804264  70
20.811840  70
20.915687  40
20.928982  45
20.947855  43
20.963581  22
21.021792  14
21.028249  57
21.035067  30
21.036700  62
21.057845  39
21.077044  47
21.082802  47
21.135950  61
21.165333  70
21.193674  87
21.206349  91
21.228973  111
21.245913  587
21.256090  592
21.259536  120
21.261129  66
21.272611  600
21.287039  642
21.289531  126
21.315235  602
21.347409  139
21.652520  105
21.676264  149
21.696340  173
21.708380  177
21.736347  189
21.752692  198
21.787534  206
21.799356  229
21.817889  609
21.822454  242
21.824826  54
21.844979  250
21.873722  64
21.882532  139
21.889429  263
21.903098  274
21.905790  155
21.921617  142
21.928035  289
21.933793  226
21.945835  220
21.958589  244
21.964407  241
21.974650  272
22.025785  154
22.041351  288
22.042944  289
22.056303  292
22.082276  314
22.104698  321
22.111235  322
22.133842  646
22.139205  650
22.145642  299
22.148833  323
22.187057  583
22.188670  338
22.201569  677
22.208026  337
22.215442  306
22.220726  329
22.228681  311
22.246319  328
22.251223  656
22.253316  581
22.260153  853
22.264698  682
22.313461  349
22.400490  123
22.471387  167
22.488491  185
22.495488  171
22.518837  779
22.540165  623
22.576015  256
22.606912  624
22.622643  336
22.646252  340
22.663940  410
22.701187  414
22.711095  417
22.715779  271
22.727539  422
22.731644  174
22.733797  368
22.739315  431
22.781338  700
22.792919  433
22.808524  438
22.833655  438
22.839777  268
22.848826  435
22.852751  24
22.859328  359
22.896344  380
22.923985  373
22.933094  437
22.938278  372
22.940650  417
22.951763  412
22.976743  460
23.022212  428
23.037503  436
23.042267  479
23.077473  455
23.085149  434
23.092425  607
23.094478  431
23.099242  431
23.104026  428
23.108778  428
23.131575  440
23.141907  942
23.147091  396
23.149603  374
23.154127  370
23.155840  349
23.158272  369
23.169737  367
23.171330  391
23.173123  892
23.175715  873
23.191274  896
23.206907  715
23.239734  82
23.245277  838
23.256818  206
23.337814  275
23.359750  172
23.382013  848
23.399217  182
23.412312  834
23.433117  260
23.434810  259
23.439234  256
23.441806  256
23.474811  257
23.485133  259
23.487365  258
23.492129  254
23.507335  250
23.520674  249
23.522866  226
23.525338  247
23.527870  245
23.529982  463
23.539564  225
23.553558  198
23.566064  743
23.582724  157
23.593171  706
23.603914  128
23.606126  126
23.608778  89
23.611490  81
23.614062  81
23.616634  615
23.618607  58
23.626271  0
23.649334  485
23.655872  0
23.660876  0
23.669805  0
23.672377  168
23.674709  484
23.677081  475
23.678050  476
23.684268  472
23.702505  474
23.733752  0
23.768515  457
23.835350  0
23.862859  0
23.871149  439
23.905779  43
23.934621  350
23.957727  343
23.998921  324
24.019140  13
24.021572  331
24.053404  330
24.096627  395
24.119673  332
24.175835  340
24.228148  335
24.342375  15
24.366792  15
24.374843  324
24.406549  328
24.434990  345
24.467275  16
24.469967  0
24.486391  4
24.637203  7
24.641128  344
24.670523  2
24.672456  12
24.744233  340
24.794664  342
24.874256  176
24.885598  342
24.892295  19
24.909514  20
24.916271  22
24.917944  32
24.922069  29
24.930959  9
24.933511  14
25.009149  344
25.032987  5
25.046935  19
25.081196  25
25.109478  14
25.151869  20
25.153622  345
25.181388  0
25.194747  345
25.206308  346
25.208201  35
25.217790  352
25.231808  378
25.294145  36
25.314754  0
25.324350  30
25.337904  373
25.376069  23
25.383085  41
25.427484  354
25.446043  361
25.472633  25
25.476758  367
25.481084  30
25.490633  80
25.495278  364
25.517203  35
25.552921  47
25.568253  54
25.589292  62
25.609063  91
25.619306  15
25.626642  395
25.633100  87
25.639118  62
25.641171  1
25.648009  356
25.655725  401
25.674778  371
25.685701  402
25.691519  426
25.697397  422
25.741863  81
25.744195  7
25.755776  55
25.769449  374
25.788622  91
25.795518  424
25.828586  91
25.833111  87
25.868396  406
25.902281  91
25.911031  427
25.932916  92
25.942046  434
25.946391  93
25.966442  427
25.970987  87
26.006004  99
26.028646  102
26.056173  104
26.064044  105
26.081363  112
26.112976  48
26.124338  435
26.137374  434
26.154320  94
26.158725  440
26.183341  446
26.214788  101
26.228641  10
26.237950  437
26.251544  97
26.257981  56
26.279211  100
26.315886  102
26.324555  125
26.332565  119
26.379123  436
26.394290  106
26.403339  437
26.419193  102
26.441342  471
26.457409  128
26.458982  130
26.468765  445
26.479347  110
26.489056  18
26.502351  132
26.503984  452
26.516899  472
26.523915  133
26.532991  124
26.542080  138
26.555554  126
26.564683  91
26.575900  451
26.600656  133
26.604901  63
26.635020  112
26.641857  460
26.648454  117
26.657484  457
26.674184  154
26.688218  463
26.689791  132
26.705279  488
26.765550  83
26.773385  160
26.792756  110
26.831050  141
26.850725  169
26.852398  478
26.875781  104
26.879527  172
26.883912  126
26.912711  470
26.926391  483
26.951301  157
26.970708  128
26.980756  154
26.987014  473
26.995045  529
27.004294  169
27.008939  187
27.019762  21
27.032778  505
27.035410  156
27.043261  50
27.064986  188
27.097058  162
27.126713  170
27.169392  198
27.183266  120
27.199107  145
27.203911  494
27.220171  492
27.235948  162
27.258332  205
27.280978  536
27.291561  547
27.305350  528
27.319004  126
27.345062  186
27.352298  120
27.357481  187
27.387224  192
27.398605  158
27.405022  194
27.425986  536
27.430311  193
27.435015  500
27.438401  536
27.466694  224
27.508618  546
27.582620  195
27.610261  223
27.628480  580
27.630473  199
27.634558  206
27.649305  539
27.664013  65
27.697577  245
27.701762  559
27.706467  188
27.714118  263
27.724580  216
27.750275  234
27.781709  231
27.794204  240
27.800781  273
27.806779  171
27.810624  549
27.818639  206
27.829840  558
27.840942  563
27.859355  561
27.870897  109
27.883592  266
27.889410  563
27.901765  599
27.917239  596
27.934419  252
27.964381  238
28.007842  201
28.054826  569
28.058152  564
28.078562  211
28.089645  601
28.095843  273
28.112137  232
28.122520  575
28.161257  588
28.181589  242
28.195582  595
28.197415  249
28.221930  256
28.271828  256
28.306551  111
28.330807  258
28.344441  269
28.385762  276
28.421219  275
28.442730  276
28.457736  248
28.474196  182
28.480494  590
28.509829  598
28.511622  180
28.529604  278
28.535961  599
28.552846  615
28.567761  610
28.626056  285
28.652325  280
28.664433  261
28.681649  203
28.724244  615
28.725817  224
28.742243  238
28.824863  289
28.853105  598
28.861855  261
28.874817  267
28.883647  615
28.889945  249
28.894989  290
28.922037  274
28.930846  293
28.955841  625
28.967801  295
28.974698  184
28.996789  296
29.006672  639
29.010118  299
29.017553  285
29.038265  294
29.068499  302
29.081074  299
29.085419  228
29.087552  294
29.089864  270
29.102994  289
29.108992  274
29.118101  618
29.141979  619
29.144012  621
29.152002  613
29.158220  185
29.188121  295
29.203755  275
29.263273  302
29.287658  288
29.296048  278
29.310755  253
29.330390  596
29.341152  594
29.343305  594
29.368694  269
29.373285  243
29.399203  264
29.434142  605
29.452408  291
29.469068  594
29.478137  256
29.482961  262
29.491011  256
29.497308  592
29.499600  245
29.506417  248
29.530681  248
29.534866  250
29.548112  587
29.561446  586
29.568198  256
29.576872  158
29.587654  587
29.619409  592
29.681879  266
29.699871  263
29.730191  591
29.736828  589
29.740314  262
29.745078  261
29.757333  580
29.779103  583
29.811109  237
29.824790  582
29.854674  256
29.892411  258
29.909964  232
29.917914  236
29.924431  573
29.934020  570
29.939024  576
29.962473  247
29.966438  155
29.974688  244
29.993540  568
30.000466  211
30.033341  248
30.055393  217
30.064050  575
30.077268  223
30.078696  562
30.089917  216
30.118157  217
30.138225  558
30.142310  224
30.159254  133
30.174095  208
30.183298  545
30.184971  203
30.192307  210
30.213733  226
30.226747  209
30.239347  211
30.268350  214
30.275086  217
30.287266  190
30.289199  531
30.298559  211
30.320857  112
30.339335  539
30.356918  206
30.387436  527
30.398497  209
30.436788  197
30.457209  172
30.462912  201
30.464845  179
30.471602  525
30.480931  526
30.483124  191
30.504214  195
30.509318  166
30.511950  190
30.522737  163
30.532305  523
30.593655  182
30.605016  169
30.613166  158
30.637143  167
30.652690  497
30.662200  168
30.679464  79
30.701568  157
30.707852  165
30.726685  180
30.742810  165
30.758736  172
30.779720  170
30.782831  171
30.786157  169
30.792334  170
30.803216  150
30.822341  492
30.822950  490
30.830546  69
30.848239  158
30.853523  496
30.855696  489
30.870129  159
30.903544  172
30.921363  170
30.937248  154
30.944085  132
30.951521  122
30.957459  467
30.968341  467
30.988712  137
30.994275  111
31.007788  458
31.060665  113
31.069015  112
31.075088  111
31.079373  101
31.106956  109
31.119171  108
31.120964  443
31.127941  113
31.143688  21
31.156023  94
31.161047  102
31.188042  96
31.216663  85
31.218815  85
31.238468  70
31.240061  84
31.259893  0
31.282757  80
31.285449  406
31.293859  418
31.304721  82
31.354669  100
31.367783  83
31.378725  78
31.385103  68
31.434669  66
31.446625  414
31.512838  68
31.546213  78
31.547986  76
31.549659  409
31.560621  76
31.577836  401
31.583738  66
31.611201  74
31.635298  68
31.647160  43
31.653098  39
31.681320  47
31.697050  58
31.701135  390
31.702908  392
31.717441  61
31.744385  398
31.776893  84
31.845881  69
31.860096  48
31.862269  396
31.957381  61
31.964138  63
32.006909  61
32.087516  49
32.108329  0
32.119971  8
32.143945  396
32.163884  70
32.240689  55
32.279225  397
32.310301  416
32.345914  69
32.355802  77
32.378186  74
32.380279  67
32.421691  78
32.443367  15
32.473644  90
32.486004  94
32.494714  70
32.499159  94
32.547733  70
32.566293  23
32.592442  88
32.601951  97
32.624777  107
32.656056  401
32.721510  76
32.743888  83
32.767825  78
32.795507  41
32.810775  446
32.836291  105
32.854588  108
32.865371  89
32.867483  109
32.891021  127
32.894767  424
32.924487  50
32.941887  92
32.949119  77
32.957749  113
32.968752  134
32.989072  404
33.010978  90
33.026026  417
33.039180  116
33.058210  413
33.062675  54
33.070525  61
33.111873  426
33.114105  454
33.127899  417
33.132104  108
33.174620  91
33.192934  116
33.201763  119
33.221835  120
33.242366  126
33.260599  108
33.267337  56
33.275787  71
33.299891  477
33.330552  130
33.351023  447
33.357921  140
33.366990  458
33.375481  126
33.401790  460
33.408067  149
33.422082  142
33.423915  143
33.432545  155
33.436530  81
33.462165  117
33.470416  405
33.487935  143
33.501050  162
33.521263  131
33.536490  435
33.538323  126
33.555650  135
33.585385  84
33.611501  155
33.620650  471
33.641915  470
33.673876  433
33.703731  100
33.714375  161
33.735420  133
33.737772  142
33.744489  461
33.774422  480
33.781359  144
33.788116  108
33.794573  102
33.800951  79
33.831206  486
33.833518  496
33.845314  472
33.888548  138
33.903585  151
33.928995  167
33.943189  164
33.949686  160
33.960368  107
33.966746  150
33.983531  152
33.987736  458
33.999637  120
34.006954  165
34.032209  159
34.051069  143
34.055254  471
34.061372  486
34.065957  143
34.083697  101
34.117635  494
34.125510  153
34.134779  179
34.177134  149
34.222025  173
34.252212  488
34.275075  164
34.286237  494
34.292754  162
34.299072  137
34.313825  106
34.392077  496
34.455940  164
34.461241  155
34.510153  496
34.525959  138
34.567556  143
34.577819  144
34.616054  102
34.640454  155
34.795862  165
34.805829  495
34.814359  164
34.834969  150
34.876594  488
34.918254  142
34.934794  178
34.944737  488
34.960647  157
34.967803  94
34.985542  158
35.001009  156
35.004250  149
35.006582  477
35.014238  147
35.042891  139
35.057219  124
35.066528  471
35.080121  473
35.093595  88
35.104356  87
35.108381  84
35.129183  162
35.140528  143
35.142281  479
35.169327  485
35.195085  144
35.208799  130
35.230792  147
35.292726  156
35.296192  154
35.301890  479
35.329657  125
35.339384  139
35.374713  473
35.404161  137
35.422739  155
35.424951  122
35.431788  470
35.433396  469
35.442385  67
35.445037  67
35.468579  119
35.479268  117
35.508157  117
35.510409  106
35.523504  101
35.532514  446
35.536299  99
35.544849  441
35.561859  61
35.582072  60
35.596764  134
35.607291  106
35.630448  445
35.632081  431
35.644884  89
35.651382  69
35.656706  80
35.657994  79
35.671049  37
35.674390  382
35.687984  44
35.705104  39
35.709409  0
35.715047  12
35.717439  11
35.721844  24
35.760134  357
35.781319  17
35.785524  360
35.791662  2
35.800152  348
35.828734  13
35.838857  2
35.860283  5
35.862475  0
35.885067  0
35.889112  337
35.899375  329
35.942198  0
35.962468  316
35.965699  308
35.982959  0
35.988402  0
36.005482  311
36.021409  0
36.031612  0
36.088680  301
36.107853  0
36.127644  306
36.168429  0
36.322533  318
36.358865  4
36.468702  13
36.503123  1
36.535451  2
36.549325  16
36.572630  20
36.587657  21
36.592262  308
36.600573  3
36.668908  310
36.732318  22
36.742481  28
36.758407  19
36.782031  5
36.816211  318
36.859446  35
36.866463  14
36.868276  56
36.924107  12
36.935509  29
36.964061  15
36.974724  57
36.996648  56
36.998381  71
37.000493  337
37.063823  37
37.065436  10
37.081123  347
37.093519  362
37.135463  319
37.139628  72
37.152563  78
37.159068  7
37.178221  18
37.180054  67
37.181627  25
37.194591  0
37.200169  61
37.224964  33
37.230283  385
37.284974  83
37.287126  17
37.295896  330
37.299822  66
37.308631  323
37.312996  360
37.323638  6
37.343149  16
37.344782  69
37.361643  85
37.363276  65
37.390425  83
37.394830  86
37.410641  10
37.430580  96
37.435025  85
37.439130  388
37.440783  85
37.483058  39
37.492147  73
37.498904  80
37.521308  351
37.532930  388
37.549450  32
37.571735  359
37.586149  386
37.594359  47
37.604482  84
37.608427  98
37.619688  80
37.632803  56
37.638841  90
37.661004  90
37.689420  408
37.724793  108
37.731190  78
37.735315  112
37.739540  96
37.750606  369
37.760274  408
37.814453  101
37.823063  97
37.842136  98
37.846801  116
37.891228  118
37.893341  103
37.938369  95
37.948632  97
37.963819  103
37.973248  391
37.988895  411
37.990668  77
38.008187  407
38.018810  90
38.023415  346
38.051097  108
38.053290  128
38.059155  417
38.063600  130
38.067705  81
38.077768  124
38.079481  87
38.090783  100
38.102165  100
38.110675  111
38.112867  114
38.116873  125
38.171383  437
38.206463  100
38.212940  138
38.225395  416
38.230179  413
38.232112  105
38.245674  390
38.249540  426
38.284186  122
38.298314  126
38.330041  105
38.334267  140
38.369228  143
38.374826  150
38.382022  127
38.388347  151
38.402874  143
38.407259  442
38.442342  127
38.446587  114
38.477799  132
38.495932  443
38.506835  451
38.508448  449
38.514766  132
38.519311  417
38.547458  421
38.562866  160
38.565578  441
38.571136  161
38.573288  103
38.584564  147
38.593015  151
38.599592  133
38.606469  137
38.612687  144
38.660316  125
38.692008  472
38.715725  146
38.720589  169
38.727186  451
38.732434  149
38.748180  182
38.759182  457
38.765380  140
38.771118  468
38.791589  156
38.804784  145
38.813494  180
38.820012  145
38.844184  158
38.863081  175
38.906970  187
38.910582  163
38.916700  191
38.919212  170
38.925450  172
38.930235  477
38.941936  465
38.947815  140
38.967228  168
38.971753  448
39.013918  174
39.031657  478
39.047997  488
39.050090  484
39.056148  461
39.061926  152
39.068763  164
39.081239  449
39.092661  169
39.098599  484
39.116439  192
39.120544  199
39.122716  193
39.124469  177
39.133359  173
39.135052  192
39.146174  182
39.163160  192
39.198079  481
39.239659  493
39.253567  180
39.278046  499
39.282151  197
39.286336  475
39.287909  181
39.301103  500
39.311746  185
39.355895  190
39.364585  200
39.369429  190
39.381351  189
39.410847  223
39.425475  197
39.474217  223
39.480514  192
39.484619  200
39.489643  180
39.506503  504
39.545274  190
39.570411  205
39.572543  186
39.576209  206
39.589623  508
39.602678  501
39.609235  507
39.612346  522
39.618504  183
39.627094  218
39.652109  512
39.653802  209
39.660999  216
39.665504  191
39.675607  513
39.680431  194
39.684336  220
39.690973  206
39.715774  217
39.736804  211
39.747056  517
39.784156  519
39.801420  217
39.805305  514
39.811663  514
39.833913  205
39.835486  535
39.841923  223
39.848261  217
39.859503  521
39.872977  524
39.881846  216
39.917108  219
39.934128  220
39.947302  216
39.998865  216
40.036184  231
40.051091  232
40.056135  529
40.081909  524
40.128594  232
40.171322  535
40.181305  533
40.201640  218
40.206404  203
40.228053  230
40.229806  538
40.233017  242
40.245771  549
40.259329  232
40.272490  223
40.291966  232
40.374718  219
40.382488  546
40.397639  224
40.399412  230
40.404855  540
40.425126  535
40.435995  209
40.446757  227
40.462168  226
40.464959  236
40.499801  234
40.515666  227
40.525809  232
40.529754  234
40.544721  537
40.546294  233
40.560626  232
40.563258  232
40.602175  230
40.609081  236
40.610714  231
40.631338  530
40.632971  532
40.677380  219
40.685522  224
40.690047  223
40.696684  225
40.733959  540
40.737520  537
40.749501  211
40.764709  211
40.773059  524
40.775631  519
40.778203  206
40.780875  213
40.794023  207
40.798727  205
40.800640  209
40.807057  208
40.848916  213
40.861576  518
40.919465  212
40.921278  520
40.923870  520
40.941372  206
40.951935  203
40.959251  517
40.962412  505
40.964664  197
40.971661  193
40.985414  194
40.990018  190
41.003292  186
41.018959  191
41.051759  199
41.079105  195
41.119864  191
41.125989  192
41.129140  189
41.188920  175
41.214388  473
41.233581  166
41.245383  163
41.259376  160
41.268121  473
41.272286  161
41.274738  168
41.297722  149
41.346654  122
41.361861  120
41.366046  425
41.367859  110
41.380020  104
41.384045  106
41.400292  103
41.402584  418
41.404457  103
41.418131  106
41.419784  106
41.422276  99
41.433478  98
41.444760  100
41.482680  99
41.501933  96
41.510802  99
41.533980  88
41.535753  90
41.540857  91
41.566147  84
41.578803  85
41.617088  377
41.634336  74
41.638341  75
41.640833  72
41.645038  72
41.647875  70
41.660551  67
41.671613  72
41.686860  70
41.691804  60
41.743431  53
41.747856  362
41.750867  48
41.759524  46
41.763649  46
41.767734  45
41.783480  51
41.786132  60
41.794861  62
41.807196  61
41.811541  55
41.819851  58
41.831560  50
41.837518  43
41.844475  42
41.858903  47
41.878575  51
41.914534  53
41.922269  54
41.988677  347
42.003404  40
42.009422  36
42.029015  36
42.040217  37
42.054625  40
42.056278  43
42.103560  43
42.114562  42
42.121220  51
42.123233  357
42.171625  59
42.244271  43
42.425152  56
42.429217  42
42.443634  38
42.468709  61
42.534914  45
42.540572  39
42.549222  45
42.555160  66
42.577882  50
42.585853  75
42.587926  60
42.600941  64
42.630777  74
42.658059  72
42.663577  41
42.667542  51
42.689567  62
42.693952  71
42.823330  45
42.830981  67
42.887033  71
42.889553  73
42.905159  74
42.915542  67
42.981551  86
42.994425  85
42.998610  91
43.023446  80
43.031536  87
43.035461  54
43.043631  73
43.072414  91
43.081484  77
43.090114  80
43.099064  99
43.100757  81
43.102830  86
43.127445  91
43.142812  69
43.186107  78
43.212217  101
43.261756  104
43.269547  86
43.280629  95
43.284754  108
43.301674  105
43.303826  98
43.312196  109
43.320114  113
43.331216  101
43.344391  89
43.348736  113
43.415697  87
43.446152  104
43.460569  71
43.462242  115
43.466787  111
43.469419  123
43.491564  117
43.496728  101
43.500713  118
43.504838  75
43.506791  95
43.518073  107
43.534133  117
43.547367  124
43.562035  120
43.566300  106
43.577463  125
43.588665  125
43.593170  90
43.597575  104
43.610290  109
43.630860  112
43.643535  86
43.663988  109
43.673078  108
43.693090  124
43.706719  120
43.718080  129
43.750288  137
43.766620  116
43.777762  131
43.803792  137
43.808257  134
43.835387  131
43.837260  114
43.858705  137
43.880889  119
43.909682  132
43.944987  134
43.957782  135
43.975709  144
43.991036  146
43.993228  120
43.999207  138
44.003872  144
44.007917  141
44.018448  131
44.026918  137
44.028831  136
44.039614  139
44.046211  141
44.070033  155
44.075831  140
44.083807  137
44.092657  159
44.105372  160
44.111030  123
44.115974  151
44.126576  158
44.135546  152
44.148482  142
44.189226  153
44.195288  163
44.199094  391
44.213202  161
44.230927  162
44.234932  154
44.273236  174
44.278994  148
44.301791  153
44.311794  181
44.316918  164
44.331072  181
44.348352  140
44.349965  157
44.357161  177
44.377756  183
44.396688  155
44.435917  176
44.439243  152
44.454651  174
44.459216  149
44.471631  174
44.477729  186
44.480201  171
44.500121  188
44.511363  187
44.519593  192
44.536114  173
44.555407  174
44.559532  161
44.567642  185
44.577805  179
44.597017  186
44.608120  159
44.610053  182
44.636702  187
44.639653  191
44.643339  176
44.668689  196
44.676489  191
44.732708  176
44.735320  190
44.744290  109
44.746083  193
44.751741  196
44.758938  178
44.770001  203
44.775085  198
44.810292  194
44.816809  201
44.845923  204
44.856853  191
44.866769  190
44.913514  186
44.915766  193
44.960241  195
44.975329  142
45.022903  183
45.039508  192
45.042080  194
45.044073  202
45.056967  224
45.080490  206
45.085234  196
45.090478  218
45.110470  197
45.113581  187
45.120298  195
45.124643  208
45.131880  200
45.146633  219
45.158409  198
45.188216  187
45.192181  219
45.199538  199
45.215364  200
45.220748  196
45.252360  212
45.270018  213
45.277694  213
45.279946  202
45.282298  209
45.292081  214
45.293734  177
45.309660  215
45.319049  213
45.358545  217
45.369327  212
45.388982  212
45.395359  216
45.399903  191
45.406880  208
45.416588  215
45.418920  200
45.431155  203
45.434581  197
45.444037  206
45.451648  199
45.470110  202
45.473720  201
45.481855  209
45.552741  207
45.554993  197
45.603420  199
45.604748  198
45.610032  198
45.618956  196
45.625133  195
45.630851  199
45.637528  200
45.639301  191
45.651016  193
45.654282  187
45.669901  196
45.693318  180
45.703226  187
45.704819  185
45.709463  181
45.715066  189
45.780620  183
45.785679  176
45.792225  187
45.795436  187
45.808345  192
45.811276  178
45.815840  189
45.825963  188
45.835271  191
45.868196  187
45.879364  179
45.898800  184
45.903085  181
45.911499  181
45.923480  179
45.925113  177
45.947106  176
45.958048  175
45.963746  174
45.969139  173
45.973698  170
45.976290  168
45.996081  161
46.009375  165
46.042892  164
46.045244  156
46.075423  147
46.092734  155
46.100424  143
46.107101  151
46.113758  142
46.126762  144
46.172667  139
46.176741  141
46.180456  139
46.198207  148
46.246731  139
46.248344  130
46.253962  130
46.255615  130
46.268493  119
46.271899  134
46.295401  134
46.297074  132
46.303411  130
46.370034  140
46.384191  134
46.406215  125
46.415804  121
46.445680  112
46.459868  121
46.486516  117
46.492375  113
46.523547  109
46.544344  109
46.568840  112
46.615128  112
46.620212  108
46.682277  109
46.687002  106
46.693880  114
46.696052  112
46.710569  103
46.712342  117
46.719159  117
46.728249  106
46.730362  116
46.734168  112
46.796596  99
46.822245  90
46.860752  71
46.870082  87
46.899997  83
46.904522  80
46.922401  63
46.930571  63
46.936369  59
46.940234  57
46.946991  70
46.951176  55
46.960285  58
46.989117  54
46.995574  50
46.999679  53
47.001692  48
47.023899  57
47.040279  45
47.078178  67
47.080171  58
47.087068  69
47.093625  67
47.102454  62
47.121947  64
47.185787  63
47.294664  66
47.316682  62
47.357380  61
47.467617  58
47.474175  57
47.476228  63
47.505983  63
47.542481  73
47.668070  48
47.678258  53
47.679931  69
47.711265  66
47.742992  62
47.754014  70
47.765715  72
47.767848  77
47.776997  77
47.796230  61
47.840626  67
47.914070  67
47.918535  57
47.927759  77
47.946360  89
47.953976  73
47.966971  95
47.981899  81
48.021365  69
48.072165  78
48.106445  78
48.115255  81
48.151208  84
48.158164  86
48.182182  85
48.199142  92
48.207991  87
48.216261  90
48.225330  89
48.231248  105
48.238245  73
48.246222  99
48.252919  87
48.287128  68
48.296238  70
48.307261  74
48.320057  85
48.364817  95
48.393726  86
48.395699  82
48.400184  93
48.412079  100
48.423421  118
48.434263  126
48.447638  148
48.490711  88
48.499500  83
48.516949  88
48.536387  100
48.591061  93
48.598842  95
48.607471  132
48.631987  111
48.637765  112
48.644722  103
48.668141  115
48.679283  121
48.692258  149
48.705552  116
48.717118  148
48.727226  155
48.729279  92
48.731032  136
48.744326  151
48.751857  120
48.775573  94
48.783584  98
48.801963  98
48.804016  131
48.817598  138
48.851118  110
48.866805  145
48.873542  111
48.880099  88
48.881812  95
48.883445  139
48.887749  141
48.908442  141
48.910594  155
48.916652  159
48.920597  156
48.956104  170
48.971691  124
48.992896  97
49.011315  105
49.015500  134
49.021398  136
49.023251  98
49.036505  135
49.044416  136
49.050613  126
49.099565  139
49.118062  170
49.144347  155
49.158979  159
49.194685  156
49.206961  159
49.219397  136
49.226054  161
49.237435  169
49.245211  179
49.252148  161
49.262092  173
49.291068  152
49.293261  155
49.356994  163
49.383745  158
49.398892  153
49.410713  150
49.414399  158
49.421890  173
49.428052  184
49.430764  166
49.451409  179
49.465111  187
49.473980  193
49.522826  183
49.524679  183
49.555112  175
49.597183  164
49.617634  167
49.633421  181
49.645058  172
49.699744  179
49.712060  178
49.717958  182
49.759034  179
49.760827  191
49.769536  179
49.784823  180
49.788768  205
49.797478  209
49.799171  186
49.821520  189
49.839845  183
49.870018  181
49.924669  186
49.931985  186
49.940215  181
49.948885  188
49.952890  207
49.957155  184
49.968737  193
49.975455  205
50.020177  220
50.046966  180
50.082065  212
50.093207  183
50.112560  185
50.143174  194
50.173546  209
50.181504  197
50.186508  216
50.193405  200
50.217368  217
50.244337  209
50.262085  207
50.264777  200
50.267109  207
50.273127  193
50.293399  198
50.310159  211
50.328098  210
50.334535  212
50.336308  204
50.366960  187
50.370865  201
50.393110  211
50.395103  205
50.454921  210
50.500914  205
50.516612  208
50.529847  216
50.602081  214
50.621837  182
50.666579  215
50.771816  230
50.799962  226
50.824462  202
50.838994  200
50.849956  215
50.897933  211
50.919401  211
50.922802  214
50.951989  214
51.000621  217
51.045391  208
51.052787  208
51.061677  209
51.069133  214
51.070806  206
51.077343  219
51.100527  219
51.132095  214
51.151022  210
51.162064  214
51.191063  213
51.193735  213
51.205770  206
51.212027  210
51.235336  216
51.278726  210
51.301882  201
51.326281  200
51.334511  188
51.339295  195
51.364739  215
51.369503  186
51.373708  191
51.386482  181
51.389563  179
51.393628  170
51.421052  167
51.439358  171
51.445316  175
51.448417  164
51.489377  162
51.506191  156
51.530927  144
51.535132  150
51.541270  152
51.550759  149
51.555184  154
51.575149  145
51.584198  140
51.593027  130
51.608992  127
51.617826  124
51.628832  124
51.645576  122
51.653906  118
51.656358  115
51.669387  109
51.698616  94
51.721723  96
51.751583  85
51.769230  76
51.776666  75
51.781650  79
51.801182  75
51.814736  77
51.826517  71
51.879374  46
51.892629  30
51.908435  32
51.911796  33
51.913549  24
51.943863  33
51.961242  22
51.977169  22
51.992736  21
51.997804  12
52.018789  25
52.047811  23
52.068382  21
52.094468  16
52.101485  8
52.103478  6
52.115563  7
52.121131  13
52.144954  9
52.160186  19
52.164731  16
52.208459  4
52.219181  0
52.232096  2
52.258385  0
52.266795  0
52.282256  0
52.296184  0
52.317241  0
52.319334  0
52.336953  0
52.389224  0
52.425886  1
52.429932  0
52.438962  4
52.440935  0
52.463894  0
52.490170  0
52.659606  0
52.785874  0
52.811662  4
52.827161  1
52.889142  5
52.906782  9
52.908975  4
52.932020  5
52.978483  12
53.015196  13
53.047562  20
53.099259  3
53.164685  40
53.178240  5
53.207142  22
53.288456  24
53.294374  24
53.302564  57
53.305810  37
53.335018  1
53.348552  1
53.352877  36
53.361148  39
53.382732  45
53.384345  7
53.387536  10
53.421296  57
53.429866  55
53.470669  4
53.488309  14
53.505629  34
53.524752  3
53.531210  5
53.535715  32
53.556700  38
53.582450  63
53.625208  10
53.634137  35
53.683045  20
53.696040  63
53.704671  77
53.711168  64
53.725842  87
53.728094  94
53.753065  28
53.762734  51
53.768873  25
53.778502  61
53.786912  58
53.795961  64
53.808377  57
53.818609  40
53.826919  71
53.832777  39
53.835009  47
53.840648  76
53.853207  91
53.869228  95
53.926730  39
53.942617  73
53.966625  34
53.968698  106
53.979980  68
53.981993  39
53.995428  77
54.012467  109
54.029687  82
54.040230  106
54.061654  45
54.063507  93
54.068391  61
54.105983  66
54.124936  70
54.138238  93
54.146029  93
54.150094  100
54.151927  80
54.162610  115
54.169567  122
54.175665  120
54.208448  62
54.213312  96
54.220783  110
54.235384  98
54.243835  114
54.275513  85
54.278185  89
54.280537  43
54.287074  109
54.294331  109
54.305634  120
54.309739  120
54.324907  121
54.341193  97
54.382509  115
54.410356  116
54.429669  120
54.434054  96
54.443523  107
54.454765  107
54.458131  109
54.466562  128
54.479165  125
54.486856  121
54.493433  107
54.540348  123
54.606583  117
54.620581  124
54.627298  124
54.630524  126
54.638973  131
54.649665  146
54.651358  146
54.665650  156
54.686335  98
54.696851  114
54.700417  122
54.706335  125
54.719828  121
54.724253  129
54.739739  132
54.742291  122
54.764595  59
54.778963  125
54.801048  156
54.814522  120
54.833875  122
54.889979  132
54.929076  157
54.938046  112
54.939979  127
54.946856  129
54.948669  125
54.963936  137
54.987619  139
54.989532  161
54.999735  106
55.004240  144
55.015522  130
55.023472  130
55.055859  135
55.127865  163
55.141843  157
55.145768  130
55.151526  136
55.155072  156
55.166134  157
55.168207  174
55.197402  210
55.208743  158
55.217433  160
55.246673  186
55.256876  179
55.263353  144
55.270884  159
55.280593  158
55.282666  179
55.291296  120
55.299706  160
55.303951  191
55.311961  190
55.321230  202
55.338597  164
55.351033  163
55.380648  186
55.395296  155
55.409211  180
55.418815  160
55.446917  192
55.450802  171
55.452815  185
55.460033  182
55.479854  191
55.515611  194
55.532072  187
55.539269  185
55.589077  193
55.652918  193
55.674724  199
55.679448  176
55.690031  192
55.696448  198
55.713508  198
55.721288  156
55.738174  195
55.750769  189
55.763305  193
55.780524  193
55.782617  201
55.818643  199
55.820336  184
55.831078  196
55.846384  210
55.855553  201
55.890593  195
55.939065  188
55.974481  198
55.992079  190
55.993692  182
56.026040  194
56.030385  191
56.049157  201
56.068890  201
56.090302  201
56.196924  206
56.211232  198
56.227553  211
56.231678  215
56.243526  215
56.245379  221
56.251976  195
56.263458  211
56.276240  226
56.292861  203
56.301890  215
56.306315  216
56.319031  209
56.346843  223
56.365477  210
56.369422  211
56.371734  198
56.393338  212
56.406926  232
56.415341  231
56.425684  232
56.438899  210
56.447349  223
56.468049  211
56.510285  206
56.563430  210
56.568154  219
56.593444  211
56.602993  203
56.604586  238
56.614969  215
56.620947  218
56.633731  224
56.648463  228
56.659545  224
56.734756  235
56.758612  229
56.763157  232
56.770933  231
56.791011  226
56.800200  222
56.802892  227
56.812321  232
56.824856  218
56.831253  217
56.839408  225
56.856734  218
56.870367  232
56.882203  219
56.888501  207
56.903713  228
56.907878  219
56.912183  209
56.944254  227
56.979837  220
56.990280  222
56.999309  216
57.017467  221
57.051705  215
57.054057  216
57.078733  215
57.104357  212
57.111134  215
57.113686  216
57.122735  214
57.126960  212
57.142386  207
57.147649  212
57.156139  209
57.165727  217
57.179141  213
57.184294  209
57.191131  211
57.221698  204
57.257459  204
57.272201  202
57.304527  201
57.309491  194
57.312183  185
57.316408  187
57.328368  198
57.335145  197
57.350351  198
57.357602  195
57.372453  193
57.377424  195
57.388972  211
57.396307  188
57.398519  187
57.402005  191
57.422287  192
57.425278  189
57.434442  190
57.456891  187
57.475653  181
57.482425  177
57.487409  173
57.489017  173
57.508213  171
57.516135  170
57.539537  167
57.547519  167
57.588676  158
57.595213  164
57.597106  160
57.608227  162
57.631701  166
57.637359  171
57.639052  173
57.665494  166
57.668066  153
57.697945  157
57.745355  154
57.748821  150
57.773136  149
57.778075  139
57.790422  140
57.796420  144
57.817560  146
57.821206  142
57.828502  137
57.835019  133
57.839424  133
57.848900  132
57.854271  133
57.857746  138
57.870745  129
57.881779  138
57.886264  137
57.887977  142
57.890090  137
57.915480  138
57.960561  133
57.973595  135
57.991993  120
58.022431  109
58.026636  103
58.034970  109
58.038625  109
58.064929  105
58.089764  100
58.094029  99
58.118645  98
58.172302  108
58.175903  107
58.204485  111
58.217900  113
58.250539  109
58.254524  105
58.266824  108
58.269296  114
58.279659  111
58.297308  93
58.301493  87
58.308170  91
58.328461  94
58.367844  86
58.393443  80
58.423383  83
58.436957  85
58.440822  78
58.445087  76
58.446800  83
58.451125  65
58.453437  70
58.462046  68
58.479305  67
58.483570  66
58.508306  68
58.547537  62
58.554254  61
58.587615  61
58.594152  61
58.601723  53
58.610892  61
58.619202  62
58.632058  64
58.640448  63
58.649777  60
58.663312  62
58.673235  61
58.675088  56
58.689222  59
58.713559  64
58.749676  61
58.772698  55
58.802574  57
58.810405  54
58.832816  58
58.836482  62
58.843179  62
58.918976  52
58.931731  56
58.966602  55
58.981050  46
58.987308  54
59.024597  59
59.076229  64
59.079735  59
59.196090  57
59.207283  59
59.214520  63
59.223469  64
59.404894  70
59.415978  64
59.465612  63
59.468244  62
59.483698  63
59.489936  67
59.492288  81
59.503450  90
59.545148  67
59.593402  55
59.616700  64
59.627463  77
59.635693  64
59.645996  75
59.664689  97
59.677224  97
59.698948  70
59.705705  95
59.747706  66
59.762674  64
59.795428  84
59.802245  87
59.820798  99
59.827954  59
59.831860  98
59.841608  97
59.877389  89
59.895428  96
59.901466  91
59.911214  72
59.913107  99
59.919005  97
59.923250  100
59.935725  105
59.965489  82
