# t(s) W_ledbat(bytes)
10.041879  65535
10.165957  65535
10.272749  65535
10.518552  65535
10.571071  65529
10.581514  65517
10.583327  65499
10.589924  65462
10.605159  65444
10.617474  65407
10.619826  65389
10.621979  65352
10.636676  65334
10.640661  65297
10.643333  65279
10.660148  65242
10.665571  65224
10.676061  65534
10.684331  65187
10.686843  65169
10.705557  65533
10.708049  65528
10.710361  65132
10.713073  65114
10.714906  65525
10.717079  65077
10.721304  65059
10.723676  65022
10.725289  65518
10.730093  65004
10.732106  65528
10.734738  64967
10.736311  65515
10.744848  65508
10.747440  65526
10.749193  64949
10.751106  65521
10.753338  65519
10.755411  65494
10.757224  64912
10.761369  65465
10.763961  64894
10.765674  65514
10.768046  64857
10.770758  65451
10.772791  64839
10.776248  65502
10.778061  65478
10.780453  65406
10.786590  65466
10.791055  65421
10.793707  65384
10.795660  64802
10.797812  64784
10.799545  65339
10.802217  65315
10.804350  65399
10.806083  64747
10.808635  65267
10.811207  65243
10.812920  65354
10.815172  64729
10.817285  65177
10.819997  65144
10.821570  65316
10.823743  65240
10.826295  65202
10.828408  65126
10.830700  64692
10.832952  65078
10.834665  64674
10.837217  65088
10.838810  65043
10.840643  64637
10.842755  65012
10.844388  64972
10.846201  64619
10.849232  64937
10.851427  64862
10.854301  64825
10.856074  64573
10.858486  64750
10.860638  64713
10.862311  64974
10.864324  64638
10.866576  64898
10.868968  64860
10.871001  64550
10.873134  64601
10.874727  64784
10.877439  64504
10.879891  64746
10.886069  64522
10.888281  64450
10.889934  64483
10.891767  64650
10.894359  64602
10.896032  64404
10.898424  64342
10.900117  64288
10.902429  64506
10.905081  64458
10.909147  64357
10.911639  64307
10.913372  64206
10.916024  64150
10.918097  64151
10.920309  64083
10.922082  63946
10.923855  64037
10.926367  63981
10.928959  63869
10.931112  63849
10.933404  63715
10.935736  63638
10.937369  63478
10.939661  63783
10.941394  63650
10.943866  63398
10.945439  63237
10.947831  63154
10.949724  63584
10.951797  63452
10.953989  62986
10.956281  63386
10.958454  62902
10.960167  64365
10.962320  63254
10.964892  63188
10.966645  63056
10.969317  64286
10.971549  62734
10.973821  62990
10.975634  62650
10.977587  62481
10.979979  62858
10.982271  62397
10.984164  64247
10.986197  62792
10.988130  62228
10.992015  62144
10.993808  61974
10.998672  64168
11.003516  62659
11.005628  64129
11.007581  62593
11.009734  64050
11.014366  61889
11.016419  62460
11.018771  61719
11.023663  62393
11.025296  62259
11.027948  64007
11.029861  63920
11.032513  63877
11.034326  61634
11.035979  61463
11.038191  61378
11.039944  61206
11.042056  63754
11.043709  65525
11.045582  63693
11.047215  61120
11.050550  62192
11.052443  65505
11.055534  65495
11.057187  63570
11.059759  60948
11.062051  62056
11.064683  60859
11.066316  61988
11.068489  63502
11.070402  60681
11.073034  60592
11.074827  61851
11.077259  63365
11.079591  63296
11.081464  60414
11.083576  60325
11.085349  60146
11.087581  65453
11.089354  63148
11.090947  60057
11.093479  63074
11.096091  65432
11.098164  61778
11.100097  61631
11.102389  65390
11.105844  59877
11.107597  62925
11.110648  61557
11.112800  59787
11.114833  62849
11.116626  65346
11.118679  59606
11.120871  61399
11.122824  59516
11.127196  59335
11.128849  61320
11.131541  61161
11.133853  59244
11.135866  62696
11.138018  61078
11.140131  62620
11.142184  59062
11.144456  65257
11.149388  58971
11.151441  62452
11.153833  62368
11.155586  60912
11.158078  58787
11.160450  65213
11.162403  65112
11.164935  62199
11.167267  62112
11.169260  65062
11.171053  61938
11.173225  61851
11.175158  60829
11.176911  58695
11.178824  64961
11.181376  60656
11.183628  60569
11.185241  60395
11.186854  61670
11.189945  64903
11.191858  64787
11.194350  61579
11.196163  61397
11.198615  64729
11.200668  61302
11.202821  61111
11.205513  58510
11.207665  61016
11.209698  60307
11.211651  58409
11.213844  60825
11.216256  58207
11.218968  60130
11.221180  60729
11.223193  58106
11.224946  60042
11.226739  60537
11.229211  59862
11.231663  60441
11.233596  59772
11.235389  59591
11.238200  59490
11.240173  60248
11.242565  59287
11.250625  60151
11.252258  59957
11.254071  59185
11.256942  58972
11.258855  58865
11.263599  59860
11.265732  58651
11.269788  59665
11.272140  59566
11.274313  58544
11.276026  59366
11.278598  58329
11.280890  58221
11.284656  59266
11.286309  57900
11.288881  59060
11.291892  57797
11.296437  58957
11.298470  57590
11.305087  64607
11.309332  58750
11.314416  58644
11.316369  58431
11.318541  64546
11.320194  58324
11.321927  58104
11.324099  64424
11.326671  57994
11.328664  57486
11.330817  57277
11.333249  58004
11.335481  57773
11.337913  57172
11.342038  57896
11.345744  57659
11.347577  57678
11.354614  57429
11.357066  57564
11.358839  57335
11.361231  57314
11.365017  57220
11.371035  57070
11.373487  56930
11.377672  56809
11.381957  56948
11.384150  56702
11.386842  56565
11.390887  56425
11.394812  56144
11.396505  56003
11.398138  55696
11.400490  56987
11.402143  56870
11.403916  56636
11.405569  55542
11.407202  56505
11.408795  56243
11.414428  56583
11.416541  56344
11.419253  56112
11.421026  55233
11.423618  56224
11.425371  55836
11.428023  55698
11.430076  55070
11.431729  55420
11.434381  55272
11.436194  54743
11.438866  54579
11.440459  54975
11.442991  54249
11.445403  54826
11.447216  54083
11.449149  64362
11.451022  54527
11.453354  53750
11.455746  64238
11.457958  54377
11.459951  55983
11.462143  54075
11.466118  55862
11.469473  64176
11.471586  55620
11.473599  53919
11.476670  53606
11.479222  64037
11.481674  53449
11.483567  53129
11.485999  55498
11.487632  52968
11.489365  63968
11.491478  63828
11.494130  55254
11.496642  55132
11.498275  54886
11.500907  52645
11.503219  54763
11.504892  52480
11.506805  52149
11.509437  54516
11.511829  51982
11.513402  54385
11.515375  51636
11.518027  53583
11.519800  54123
11.523872  53991
11.525545  53247
11.527897  63752
11.529910  51462
11.532003  53078
11.533936  52737
11.536208  63599
11.538360  52566
11.540413  53721
11.542665  51112
11.544897  53586
11.547090  52221
11.549322  52048
11.551355  63522
11.553268  50936
11.555081  53314
11.557233  50583
11.558906  50405
11.560579  51700
11.562751  51525
11.564664  53178
11.567515  50039
11.570187  49855
11.572060  51128
11.574432  52904
11.578088  52767
11.580021  49485
11.582253  49299
11.584046  50928
11.585839  50527
11.588291  48925
11.590743  50320
11.592536  49904
11.594788  49694
11.597400  49268
11.600112  49054
11.602165  48737
11.604058  63343
11.606310  52489
11.608263  63254
11.610735  48336
11.613107  48134
11.615040  52350
11.616693  63075
11.618865  52070
11.621537  47728
11.623869  47523
11.625622  47112
11.628334  46905
11.630167  62980
11.631800  46497
11.634512  62788
11.636644  48623
11.639216  51925
11.641369  51633
11.643941  51487
11.645694  62692
11.647467  48398
11.649500  47945
11.652172  47717
11.654005  46292
11.656018  47249
11.658290  47013
11.660463  45879
11.662675  46538
11.664408  45671
11.667100  45252
11.669332  45041
11.670965  46298
11.672758  44616
11.675430  45815
11.678102  44402
11.679835  51189
11.682067  45571
11.683700  43971
11.685333  62500
11.688324  45051
11.690956  43754
11.693049  43317
11.695501  62404
11.697074  44788
11.698647  43096
11.700320  62211
11.702632  51040
11.704745  44259
11.707337  50740
11.709509  42651
11.711482  50577
11.714014  62100
11.716147  50249
11.718739  42426
11.720572  50084
11.722525  61878
11.725237  41974
11.727789  41746
11.729462  49740
11.731954  49567
11.734007  49219
11.736179  61767
11.738312  41287
11.741004  49039
11.742717  41055
11.744410  40595
11.746962  43991
11.748975  61536
11.751087  48677
11.752700  40363
11.754693  61420
11.757245  61188
11.759417  43450
11.762069  48495
11.764162  43177
11.765975  48115
11.768187  61067
11.770140  47924
11.772093  42622
11.774625  47540
11.777257  39895
11.779869  60824
11.782061  39659
11.785338  42341
11.787051  41775
11.789223  41482
11.791136  47344
11.792789  39183
11.795401  38942
11.797374  46951
11.799726  40891
11.802398  60703
11.804111  46753
11.806304  38457
11.808896  46350
11.811308  46147
11.813201  45739
11.815493  45529
11.817186  40592
11.818979  39954
11.821171  39630
11.822824  45106
11.824397  38976
11.827528  38212
11.829321  44893
11.831394  44450
11.833706  38639
11.835819  37718
11.838231  37959
11.840363  44226
11.842496  37613
11.844309  43776
11.846641  37468
11.848634  36964
11.851286  43546
11.853279  43082
11.855771  36900
11.858143  36709
11.859956  42848
11.861749  42377
11.864081  36166
11.866573  35891
11.868486  42139
11.870059  35335
11.872331  36537
11.874104  35803
11.876596  35423
11.878789  35053
11.880702  41660
11.883014  41416
11.885007  34655
11.887499  40925
11.890151  40677
11.892084  40172
11.894396  34484
11.896928  34263
11.898921  39917
11.901054  39403
11.903426  34195
11.904999  33464
11.907391  33055
11.909384  39143
11.911337  33576
11.913689  38619
11.915322  38353
11.916975  32227
11.921190  31795
11.924161  33261
11.925754  30919
11.928186  60451
11.929999  32625
11.933190  37813
11.935802  30469
11.937775  29531
11.940247  60325
11.942180  32293
11.944213  37540
11.946206  29048
11.948299  60072
11.951011  28065
11.953623  31622
11.956255  36989
11.958467  27550
11.960560  31280
11.962153  59938
11.963966  36708
11.965899  36142
11.969073  30578
11.971448  35855
11.973101  35269
11.976416  30219
11.979587  34972
11.981480  59670
11.983852  29492
11.986444  34372
11.991189  26501
11.995901  59536
12.000166  34065
12.004032  25956
12.009950  24836
12.012522  24251
12.014495  33445
12.016927  23052
12.019219  29106
12.021352  28324
12.023604  33129
12.025437  27922
12.027010  22415
12.028943  32461
12.031235  32120
12.033288  31431
12.037163  21105
12.039635  20409
12.041268  27073
12.043920  18957
12.047071  26635
12.049264  18176
12.051457  25745
12.053749  16546
12.056141  31076
12.058334  25277
12.062100  30358
12.064412  24324
12.073301  29991
12.075054  23829
12.076827  29229
12.079319  28838
12.083964  28045
12.090282  15666
12.094407  27630
12.098633  13807
12.100905  12753
12.105030  26787
12.107622  10469
12.111947  26353
12.116392  9078
12.121249  5869
12.131631  59262
12.133464  59124
12.135636  58848
12.137709  25484
12.141494  25035
12.143966  3388
12.145639  2920
12.147332  22818
12.149604  22290
12.159632  58693
12.161825  24120
12.164157  21209
12.166629  58382
12.171274  58226
12.173247  20633
12.175180  23645
12.177213  22676
12.183797  19449
12.188142  22171
12.189795  57901
12.191947  18821
12.193760  21138
12.196092  57738
12.197765  17510
12.200297  57410
12.202849  20596
12.204922  19484
12.207494  16805
12.209287  18896
12.211160  17684
12.213652  15336
12.215944  14467
12.217617  17037
12.219350  57231
12.221523  12623
12.223815  15692
12.226527  56872
12.228639  11567
12.230772  9177
12.232884  56691
12.235037  14962
12.239702  7671
12.243548  13431
12.248312  12578
12.249905  4067
12.256342  10662
12.259014  9532
12.260847  7004
12.263159  2920
12.264792  5278
12.269177  2920
12.291862  56325
12.294094  56141
12.307029  55772
12.309361  55586
12.315519  55211
12.324409  55023
12.384320  54645
12.386612  54455
12.396842  54073
12.406772  53881
12.435572  53495
12.444329  53301
12.446222  65535
12.456784  52910
12.478689  52713
12.480322  52317
12.507964  52118
12.511990  51718
12.518267  51517
12.544661  51112
12.556143  50908
12.565313  50498
12.579088  50292
12.611915  49816
12.618372  65535
12.620624  49576
12.627342  49093
12.646495  48866
12.648488  48410
12.673125  48180
12.679462  47717
12.686059  47484
12.689625  47014
12.691837  46780
12.695903  46310
12.700767  46073
12.856947  45595
12.859119  45354
12.872888  44869
12.915708  44624
12.919754  44131
12.926877  43882
12.930383  43381
12.934947  43128
12.940925  42618
12.950668  42360
12.952821  41840
12.958065  41577
12.961751  41048
13.012028  40775
13.015833  65535
13.020518  40225
13.027235  39946
13.039811  39384
13.046608  39099
13.051013  38525
13.055558  38234
13.065781  37647
13.072138  37349
13.084194  36748
13.100820  36443
13.110204  35827
13.125930  35514
13.137886  34882
13.140121  34558
13.151565  33903
13.155870  33569
13.162428  32894
13.166553  32550
13.168706  31854
13.179868  31500
13.194815  30784
13.197087  30418
13.198960  65535
13.215311  29676
13.228705  29296
13.230858  28526
13.240721  28131
13.246939  27329
13.254076  26916
13.270477  26078
13.277656  25646
13.289080  24766
13.333286  24312
13.345047  23387
13.348438  22907
13.350631  21926
13.352823  21414
13.354836  65535
13.357508  20364
13.364565  19812
13.366438  18677
13.374668  18075
13.384682  16831
13.402202  16163
13.421255  14772
13.423407  14011
13.425480  12406
13.427952  11500
13.429805  9545
13.432237  8356
13.434110  5639
13.438015  3626
13.453452  65535
13.480262  2920
14.166735  65530
14.180069  65528
14.188379  65523
14.206118  65525
14.217394  65530
14.224736  65532
14.267852  65535
14.339085  65503
14.342196  65487
14.344768  65455
14.353964  65439
14.358609  65407
14.361201  65535
14.388795  65391
14.392980  65357
14.398044  65340
14.401990  65306
14.406435  65289
14.408128  65255
14.410500  65238
14.429717  65535
14.457199  65511
14.461284  65534
14.465809  65499
14.469954  65475
14.480696  65535
14.483288  65458
14.485241  65424
14.487493  65407
14.495249  65373
14.499034  65535
14.506291  65356
14.512329  65322
14.537625  65526
14.542833  65522
14.551283  65513
14.560120  65493
14.566997  65453
14.571462  65433
14.639990  65296
14.641883  65244
14.648440  65218
14.652246  65164
14.655657  65137
14.659323  65083
14.677422  65056
14.683819  65375
14.688903  65346
14.690956  65288
14.693608  65002
14.697753  64975
14.737517  65254
14.739550  65185
14.747007  65151
14.751112  65082
14.760755  65048
14.864369  65523
14.866901  65517
14.872779  65505
14.878936  65525
14.881029  65496
14.898350  65478
14.901381  65469
14.909751  65451
14.916548  65442
14.920873  65504
14.923465  65494
14.926831  65446
14.931616  65422
14.939846  65374
14.941978  65350
14.943591  65302
14.945204  65278
14.948435  65230
14.950887  64944
14.952820  65206
14.954773  64881
14.957145  64850
14.959238  64787
14.961610  65158
14.963403  65134
14.968227  65082
14.970799  64756
14.982001  65056
14.984074  64693
14.987148  65004
14.997183  64661
14.999635  64977
15.001228  64923
15.002881  64896
15.009518  64842
15.022692  64597
15.027896  64565
15.030069  64815
15.032202  65014
15.040633  64501
15.067021  64945
15.069453  65219
15.073438  65180
15.077124  64911
15.083362  65161
15.087427  65122
15.103134  65103
15.107100  65044
15.111445  65015
15.116090  65424
15.123986  65415
15.125919  64956
15.131197  64925
15.132990  65397
15.144671  64863
15.153762  64832
15.160620  64770
15.170908  64739
15.172501  64464
15.176027  64641
15.181594  64390
15.186593  64592
15.196621  64353
15.198574  64494
15.205851  64443
15.207624  64341
15.211629  64290
15.227396  64188
15.236056  64137
15.237909  64035
15.242394  64787
15.246279  63984
15.251024  63881
15.253556  64731
15.259214  63830
15.263020  63727
15.265452  63663
15.269617  63535
15.272069  63471
15.310247  64265
15.320929  64221
15.331493  64133
15.338629  64089
15.340422  64001
15.343054  63957
15.345167  63869
15.347579  64877
15.349312  64808
15.351904  63824
15.358322  64774
15.360215  63733
15.362707  63688
15.365953  63597
15.372630  64701
15.377354  64665
15.379227  64592
15.381779  64556
15.394335  64483
15.396827  63552
15.400953  64436
15.409963  64341
15.450308  64294
15.452261  63342
15.464716  63278
15.478744  63446
15.484631  63393
15.491308  63287
15.493920  63227
15.507015  63107
15.509387  63047
15.541796  62919
15.548533  64169
15.559644  64107
15.564309  63982
15.566741  62855
15.568834  62726
15.573179  62662
15.575112  62533
15.577544  63919
15.579677  63793
15.584209  63730
15.586102  63604
15.590746  63540
15.592339  63412
15.597183  63348
15.621280  63210
15.623952  63141
15.634195  65388
15.644108  65370
15.659755  63003
15.663800  65361
15.691901  65343
15.694213  65334
15.698698  65316
15.703242  64703
15.706428  65307
15.708161  64647
15.711876  65289
15.713469  64619
15.725198  65280
15.727151  64563
15.733588  65262
15.736739  65245
15.738912  65211
15.743397  64535
15.747623  64478
15.750315  65194
15.754240  65116
15.755853  65077
15.767854  64450
15.769527  62469
15.771700  64999
15.776304  62340
15.781148  64393
15.783680  64958
15.785793  64875
15.794462  64353
15.796195  64833
15.800121  64273
15.804066  65535
15.806638  64740
15.813315  64693
15.815048  64233
15.818994  64128
15.823898  64599
15.825571  64075
15.828143  64552
15.834541  63969
15.837013  63916
15.838886  62274
15.841019  64458
15.847876  62141
15.852680  62075
15.867769  61937
15.876439  63810
15.888819  63745
15.893085  61868
15.894738  63615
15.899382  61730
15.902094  61661
15.903967  61522
15.906659  63550
15.908832  63419
15.913237  63354
15.919435  61444
15.927366  63223
15.936720  63158
15.949215  63027
15.956092  62961
15.957705  62829
15.963882  62763
15.967308  62631
15.972272  61288
15.974984  63214
15.978530  61210
15.980683  63085
15.991006  63020
15.999296  62887
16.013429  62821
16.016955  62688
16.042144  65526
16.046369  65522
16.052518  65513
16.057023  65509
16.058736  62621
16.060429  65500
16.069698  62487
16.072350  65496
16.074263  62420
16.080062  65487
16.087872  62286
16.092896  62219
16.094509  62084
16.101865  62017
16.123799  61841
16.128943  61753
16.135975  61576
16.138427  61488
16.140180  61310
16.145524  65483
16.147257  61221
16.149010  61043
16.151682  60950
16.155688  65474
16.158240  65470
16.160393  60763
16.168883  60670
16.183811  60481
16.185664  60386
16.189254  60196
16.196691  60097
16.207854  62933
16.213592  59898
16.220729  62793
16.222941  59799
16.225054  62723
16.226787  59586
16.231412  62583
16.233984  59479
16.235597  59265
16.242773  62513
16.253656  59153
16.257841  61128
16.262147  58929
16.268432  60964
16.273296  58817
16.281527  58590
16.284239  62372
16.286511  60882
16.291096  62302
16.295142  62161
16.297474  58476
16.316687  60717
16.319199  62084
16.326410  60635
16.328003  61930
16.332967  61853
16.337132  60470
16.338765  58247
16.344331  60387
16.353008  60221
16.357293  60138
16.359446  59971
16.383724  59888
16.398272  59720
16.404989  59631
16.406602  58134
16.408255  57908
16.414632  59453
16.419117  59364
16.421030  57795
16.429140  59164
16.431013  59064
16.441795  58863
16.453560  58763
16.458344  58561
16.464784  58438
16.468130  58192
16.474510  58069
16.498566  57821
16.503273  57697
16.507458  57448
16.509990  65532
16.518163  57323
16.524641  65526
16.529325  65523
16.541635  65517
16.543228  65514
16.549031  57072
16.554742  61755
16.556755  61558
16.563433  56946
16.585560  61460
16.587233  61262
16.600575  61163
16.610808  60964
16.615593  60865
16.621671  60665
16.636538  60565
16.649932  57681
16.653538  60364
16.656010  57453
16.681754  64409
16.689925  62565
16.698295  62432
16.700867  64311
16.705551  64262
16.707284  62366
16.713222  60264
16.715095  62233
16.719907  64164
16.722619  62167
16.726065  62034
16.728397  64115
16.730430  60062
16.734646  59961
16.736759  59756
16.739391  59653
16.741324  64017
16.742897  61967
16.747801  59447
16.750493  59344
16.752845  61833
16.762014  63968
16.763807  63869
16.765460  59136
16.767153  61766
16.771917  61632
16.777240  56820
16.780946  61565
16.782719  56567
16.789436  61430
16.805744  63820
16.809090  61351
16.810823  63716
16.812995  56440
16.814648  63664
16.816281  61192
16.820386  63560
16.823477  56185
16.828301  61112
16.830074  63508
16.831947  56057
16.835833  60915
16.838225  63404
16.839958  60816
16.844163  63352
16.847908  63248
16.852373  55800
16.854505  60618
16.870239  63196
16.873485  60519
16.875378  63029
16.877530  60320
16.885860  62946
16.890405  62779
16.894350  60220
16.898815  65528
16.901487  60020
16.905692  62695
16.907445  55671
16.911591  65525
16.913544  55413
16.924685  65518
16.927357  65515
16.935375  65437
16.939161  62527
16.943253  59920
16.947638  62443
16.949691  59654
16.954583  65508
16.956815  65371
16.959427  65338
16.963752  59521
16.965485  59388
16.967957  62274
16.977725  59254
16.980197  62190
16.981810  55278
16.984382  65502
16.986015  59120
16.988227  55142
16.990240  65496
16.995184  55006
17.009576  65272
17.011788  65239
17.019084  62021
17.020937  65489
17.033057  65482
17.039299  61902
17.041791  61663
17.050980  61544
17.052613  65206
17.060308  65162
17.065332  65118
17.067684  61304
17.070216  61184
17.079413  60943
17.084497  65074
17.092013  60822
17.093666  65030
17.095838  58986
17.098530  60579
17.100722  58851
17.104068  58716
17.106420  60457
17.108253  64986
17.113596  58581
17.115888  64942
17.118320  57339
17.120712  58445
17.130621  64898
17.134606  58309
17.137737  64854
17.140029  57224
17.145967  58152
17.147540  64810
17.149912  57994
17.152624  57836
17.156274  64766
17.157847  64722
17.159500  57677
17.163325  64678
17.167470  57109
17.171755  56994
17.174746  57518
17.176339  57359
17.178252  64608
17.181383  64538
17.186147  64468
17.198706  57185
17.201058  56879
17.203170  57011
17.207854  56836
17.210486  56764
17.212938  56648
17.215310  56532
17.217562  54870
17.227900  59028
17.232625  54733
17.246644  54596
17.257271  56416
17.259763  54459
17.261895  56300
17.271763  56172
17.273656  54321
17.281951  54183
17.286415  65509
17.290860  56043
17.293412  58811
17.295804  55890
17.298236  65456
17.300828  55737
17.305952  55573
17.308963  65430
17.310676  55408
17.316614  55243
17.319785  65499
17.321438  65494
17.323910  54045
17.326382  65484
17.337116  65404
17.339648  53906
17.343973  65378
17.346365  58702
17.351469  65352
17.354161  55077
17.356653  54911
17.359365  53767
17.370766  58583
17.372459  65479
17.381648  65469
17.386092  53628
17.392789  65464
17.394442  54744
17.401738  58463
17.404050  65454
17.406502  65449
17.408255  54577
17.410787  54409
17.415551  58343
17.419796  54240
17.425040  53486
17.427432  54071
17.430678  58211
17.432890  65326
17.434563  53343
17.439691  58079
17.445234  53200
17.452485  53896
17.456270  53057
17.458722  65300
17.464780  65274
17.467292  52913
17.469944  52769
17.476206  53720
17.480571  65248
17.488452  65222
17.491064  53543
17.494155  65422
17.501112  65196
17.502685  65409
17.505796  65382
17.513452  52624
17.515884  65369
17.518416  65170
17.523220  53366
17.527225  52479
17.536653  65342
17.541058  65325
17.546162  52334
17.552739  52188
17.563307  52042
17.579412  57947
17.589984  57814
17.596321  51895
17.600326  57681
17.615956  57548
17.649605  65291
17.651757  53188
17.653510  53010
17.660766  52831
17.670394  52651
17.677071  52471
17.693917  52290
17.709603  60363
17.723675  60175
17.746343  57413
17.748715  57278
17.755871  65262
17.758563  56721
17.773075  57143
17.782983  65233
17.784556  56606
17.789959  65204
17.802459  56490
17.804811  56374
17.809875  57007
17.817239  60082
17.825908  59989
17.827661  56871
17.834606  51746
17.838112  56258
17.840504  59895
17.842517  56735
17.845947  51597
17.848639  59801
17.850971  51448
17.852624  51298
17.854477  56142
17.859341  59707
17.861533  56025
17.871740  56598
17.874891  59613
17.880718  51148
17.882711  56461
17.888933  59519
17.890646  56324
17.896209  50997
17.898781  59425
17.902816  56186
17.906741  65145
17.909413  50846
17.912065  59331
17.915910  56048
17.918502  59236
17.920395  50694
17.926936  65120
17.928649  55910
17.948153  50542
17.954850  59141
17.956743  55908
17.962306  65095
17.966551  59046
17.976563  65070
17.981216  58951
17.982849  58856
17.986040  55791
17.988951  50389
17.991623  55674
17.993995  58761
18.000592  55556
18.002165  65045
18.006909  55438
18.011933  55320
18.014605  65020
18.017855  50236
18.021940  58665
18.024212  58569
18.026384  58473
18.028037  58377
18.030429  55202
18.032621  58281
18.036107  58185
18.038958  55083
18.042444  58088
18.059987  54964
18.062299  54845
18.068137  54726
18.071348  64395
18.076632  54606
18.079204  55771
18.082155  54486
18.084028  55632
18.086540  57991
18.088992  54366
18.091484  64322
18.104771  64249
18.112014  54246
18.114426  64176
18.117018  57894
18.120189  57797
18.124414  27123
18.124414  26881
18.127984  57700
18.129757  26636
18.131570  55493
18.139206  55353
18.143650  55213
18.145303  55073
18.146896  57603
18.148469  57506
18.153137  57408
18.157542  57310
18.167470  64103
18.176539  26387
18.178212  64030
18.188479  52137
18.195080  51984
18.197772  26136
18.199445  51830
18.205727  51676
18.208219  25883
18.212823  25627
18.217907  25368
18.220259  51526
18.222831  51376
18.224704  25688
18.224704  25386
18.226896  50083
18.229228  49930
18.237143  49776
18.241867  49622
18.248603  49467
18.256219  49312
18.264409  25083
18.267021  24656
18.267021  24345
18.281912  24776
18.283505  24030
18.294411  24468
18.298416  54934
18.300588  24156
18.302401  54795
18.305432  23711
18.307045  64995
18.309717  54655
18.311310  23840
18.316867  57212
18.320018  23519
18.322690  64970
18.324363  57114
18.326735  57016
18.331519  23193
18.333851  65174
18.336303  23388
18.338196  65144
18.340468  65114
18.346590  65084
18.349182  23059
18.351634  65054
18.354046  65024
18.356338  54515
18.361601  22861
18.363793  22524
18.366505  22728
18.377571  54375
18.388482  64995
18.392667  64966
18.396417  22392
18.403154  22182
18.409511  27187
18.409511  26905
18.418780  21835
18.429027  21482
18.432912  22051
18.435064  21123
18.439349  26619
18.441122  64945
18.444353  21704
18.449956  65530
18.453666  26330
18.457132  21352
18.471277  20994
18.473889  64919
18.476301  64893
18.480386  20627
18.484591  20251
18.488856  20758
18.494459  64867
18.498624  64841
18.501296  20387
18.503089  64937
18.505721  64908
18.508193  64879
18.509946  65492
18.512318  64850
18.514710  64821
18.518975  64792
18.524278  19869
18.526830  64763
18.529901  64815
18.531494  64734
18.535044  19483
18.541621  64706
18.548338  64678
18.549931  64650
18.558805  19092
18.570146  18693
18.587101  26037
18.597189  25741
18.606145  18285
18.608857  32746
18.608857  32670
18.611109  25442
18.628533  25139
18.631145  32596
18.654343  32522
18.659367  20009
18.661639  19623
18.666743  19231
18.679203  18831
18.684567  65526
18.692043  65506
18.694695  32753
18.694695  32712
18.701991  18423
18.736783  32670
18.749410  32628
18.753755  24833
18.757485  24523
18.764921  64622
18.766754  64594
18.784765  24209
18.791801  64566
18.793674  25107
18.797679  64538
18.802224  32448
18.808466  24846
18.811617  23895
18.816002  56920
18.817755  56824
18.828281  56728
18.830953  23577
18.833605  17876
18.836117  24590
18.840801  56632
18.843413  23256
18.846085  17458
18.848757  28316
18.848757  28123
18.850989  17030
18.853521  16591
18.856153  24331
18.863629  27928
18.867914  24069
18.882206  22930
18.885117  27732
18.887609  16138
18.890181  22600
18.894945  22265
18.899809  27534
18.902281  15672
18.903854  27332
18.906306  21922
18.910411  64791
18.913123  15192
18.915934  27128
18.920758  21573
18.922671  26923
18.924384  14693
18.929108  21223
18.933912  32767
18.933912  32827
18.938796  32887
18.940669  64767
18.947965  14183
18.950417  32947
18.952809  23805
18.956040  26718
18.959726  33007
18.962757  64744
18.967122  26512
18.974118  64722
18.977349  26308
18.979022  26103
18.980735  23540
18.983007  13662
18.986138  23272
18.987911  25897
18.993749  23002
18.998340  64701
19.003304  22729
19.007469  22452
19.010700  64680
19.013252  13121
19.017197  25689
19.018870  25480
19.020443  25270
19.023654  25058
19.026086  22172
19.028059  24844
19.033682  24628
19.036234  21886
19.040079  24410
19.053453  21599
19.055985  21308
19.068364  21013
19.070916  63961
19.075980  20714
19.077593  20869
19.080085  20410
19.081798  20510
19.083431  24189
19.085963  20098
19.088555  63892
19.095611  63825
19.101569  19789
19.103961  63759
19.108375  23970
19.110108  23750
19.114752  9894
19.114752  9266
19.116665  23529
19.118897  8596
19.122028  20152
19.129763  19787
19.134008  19416
19.135721  23306
19.139291  19038
19.144882  23081
19.150146  22853
19.151999  22623
19.160209  63693
19.169842  7873
19.172314  63627
19.182082  18021
19.186886  17612
19.189318  7084
19.190911  17194
19.197496  16765
19.199768  6207
19.209228  5199
19.214292  3996
19.217263  16325
19.219056  12561
19.220649  15874
19.222342  15408
19.236683  11976
19.249183  11362
19.255804  10715
19.260723  10007
19.272025  14923
19.273618  5003
19.273618  3487
19.288239  14419
19.291645  2920
19.300234  13898
19.305098  18652
19.307710  13346
19.310282  18258
19.313608  64659
19.316120  17852
19.319351  12771
19.321703  22385
19.323396  12174
19.325808  64638
19.328500  22145
19.330792  21902
19.336515  11548
19.339047  32269
19.339047  32211
19.345129  32153
19.351695  32095
19.353588  32037
19.359610  31978
19.361383  17423
19.366314  31919
19.373917  10888
19.385402  16983
19.388617  32374
19.390330  32300
19.394096  31861
19.398001  31802
19.405117  10191
19.413951  16533
19.418915  9449
19.424038  8662
19.433826  7803
19.436278  16081
19.437911  64616
19.444208  32233
19.446660  15620
19.472567  64594
19.481835  6853
19.484267  64575
19.485880  64556
19.489071  5789
19.491343  31755
19.493935  31708
19.496287  32171
19.498779  31661
19.503371  31614
19.505903  31567
19.508295  31519
19.514812  31472
19.517084  64537
19.518957  31425
19.529604  31378
19.534947  31332
19.537639  31286
19.574059  15155
19.579198  14683
19.583523  32116
19.586374  14204
19.602643  13710
19.604296  32063
19.626723  32010
19.630928  4588
19.633620  3073
19.636012  32609
19.637765  2920
19.640696  32590
19.643148  32571
19.653755  31813
19.653755  31680
19.658539  32552
19.663463  32534
19.665715  32516
19.695542  32505
19.701980  32498
19.706904  13231
19.708557  12738
19.715114  31264
19.717985  31242
19.734214  12229
19.740791  31221
19.743103  2920
19.746334  31200
19.754157  31971
19.761353  11699
19.765298  21701
19.768704  21498
19.771196  21299
19.780097  11145
19.787533  21098
19.789685  10569
19.806517  10549
19.806517  10143
19.808629  33071
19.811221  33134
19.813054  9720
19.814647  33197
19.818652  33260
19.824574  33323
19.827066  33386
19.831071  9961
19.833563  9270
19.839765  9316
19.844629  8627
19.848654  8796
19.852719  8297
19.855930  7878
19.861653  64530
19.866537  7768
19.869229  7057
19.871921  7200
19.879277  6141
19.883232  33448
19.885804  16724
19.885804  16849
19.888895  16973
19.891327  64523
19.901095  17095
19.905100  6587
19.907931  17218
19.909804  64517
19.913969  5923
19.915542  64514
19.917754  5210
19.922139  4399
19.932182  3438
19.937940  64511
19.944897  64510
19.948862  2920
20.002500  5167
20.007444  4010
20.030306  2920
20.171540  64533
20.179282  64557
20.196740  31240
20.199432  31282
20.204676  31325
20.206609  31368
20.208961  31413
20.214404  31459
20.220442  32010
20.223673  32048
20.227363  31515
20.234100  31571
20.259759  64589
20.264743  32094
20.271864  64621
20.277507  64653
20.283537  64685
20.285210  31637
20.287622  31703
20.289774  32158
20.292865  31769
20.294538  31835
20.297769  31901
20.300161  31967
20.304925  32033
20.307397  64717
20.309689  32098
20.316485  32163
20.319731  32228
20.321604  32293
20.361377  16079
20.361377  16210
20.373352  16340
20.394621  16469
20.398506  32563
20.401557  32627
20.403709  32691
20.410326  31701
20.414171  32755
20.421167  32819
20.427349  16409
20.427349  16537
20.450751  16664
20.460746  16790
20.470714  32358
20.474344  32423
20.490804  32488
20.496027  32553
20.500132  16597
20.525517  2934
20.531147  3042
20.534258  17340
20.535851  17461
20.538043  3146
20.539616  17582
20.545239  17702
20.546852  17821
20.550158  32358
20.550158  32423
20.551751  17939
20.555876  3260
20.563731  3422
20.565604  3588
20.571985  3788
20.573578  4000
20.578502  18056
20.581553  9028
20.581553  9262
20.586217  9490
20.590302  9712
20.592714  4280
20.595386  9929
20.600789  4541
20.603461  4792
20.609144  5030
20.613489  5277
20.618533  5557
20.620845  5823
20.622598  6077
20.624770  6214
20.644784  3441
20.652754  3593
20.680835  3644
20.700646  16276
20.700646  16405
20.703018  16533
20.705730  16788
20.708082  16913
20.711273  17162
20.713745  17285
20.716277  16724
20.718609  16850
20.721161  17529
20.726325  17649
20.734745  3644
20.747089  16975
20.756018  17888
20.758410  18006
20.760762  17099
20.762515  18240
20.765526  18355
20.767758  18585
20.770090  18698
20.775877  18924
20.781680  19035
20.783493  19257
20.788637  19366
20.790730  19584
20.819420  17222
20.835265  17344
20.841163  2920
20.841163  3593
20.861757  17465
20.868954  16915
20.871426  17039
20.873938  17163
20.877943  15850
20.877943  15983
20.884600  17286
20.893915  17408
20.898000  8704
20.898000  8946
20.923975  9182
20.926447  9412
20.929673  19691
20.932524  19905
20.936949  20011
20.938782  20222
20.941294  17586
20.944685  3107
20.944685  3787
20.947077  10141
20.950969  10349
20.953181  10553
20.958285  10753
20.960797  10949
20.962949  32488
20.967254  11142
20.984938  11331
20.987070  11517
20.993696  11700
20.998600  11880
21.000293  12057
21.029286  4055
21.033830  2920
21.033830  3644
21.049871  4181
21.055174  4686
21.076942  4224
21.078575  2920
21.078575  3644
21.089242  17706
21.091794  17825
21.093507  2920
21.093507  3644
21.099210  17943
21.106107  18060
21.108499  20326
21.110991  20534
21.112564  20636
21.115355  20840
21.118067  20941
21.119880  21142
21.122172  21241
21.124544  21440
21.127096  21538
21.128829  21734
21.142902  9030
21.142902  9264
21.155941  9492
21.165936  9714
21.173192  9636
21.177177  9855
21.179649  10069
21.186306  16115
21.188518  8057
21.188518  8319
21.192923  8573
21.195635  10278
21.197967  8819
21.210902  10483
21.213414  5241
21.213414  5640
21.229446  6011
21.238715  6359
21.245112  21831
21.246725  22024
21.249317  9931
21.251969  22119
21.253902  4345
21.256194  22310
21.258906  12232
21.261218  12404
21.263890  12574
21.268414  12742
21.271006  12907
21.273418  16244
21.273418  16374
21.279622  13070
21.298906  13231
21.301458  6615
21.301458  6934
21.306422  7232
21.311326  7518
21.315990  7793
21.341464  4224
21.367772  2920
21.367772  3644
21.403533  4224
21.406145  2920
21.406145  3644
21.410829  4224
21.417706  10143
21.424190  4224
21.435125  10351
21.443535  22404
21.448826  22592
21.451777  2920
21.451777  3644
21.454409  22685
21.456342  10549
21.458514  10703
21.463199  22871
21.465771  22963
21.467784  23147
21.472149  23220
21.475915  23365
21.480680  23431
21.482873  10831
21.490349  23564
21.508906  10957
21.515423  11082
21.521301  6688
21.526644  7000
21.528217  7280
21.546300  7445
21.560254  9058
21.561987  7604
21.564179  9524
21.566691  3802
21.566691  4113
21.572015  9745
21.578792  10178
21.582777  4390
21.599117  4910
21.600990  10385
21.612351  10792
21.614783  23624
21.628818  11205
21.630950  23743
21.637687  4224
21.641572  23800
21.644164  23915
21.645857  8058
21.648369  8315
21.650801  8556
21.656025  8615
21.659236  8187
21.659236  8445
21.661528  8673
21.669104  8695
21.671416  8729
21.685229  8787
21.690452  4393
21.690452  4508
21.692105  4625
21.696130  4862
21.701473  4975
21.726588  2920
21.726588  3644
21.729020  4224
21.759997  2920
21.759997  3644
21.765221  4224
21.767793  4724
21.788185  2920
21.788185  3644
21.794562  4224
21.799626  4724
21.804470  11308
21.810188  2920
21.810188  3644
21.826393  11410
21.836029  23968
21.837622  24075
21.840254  11458
21.841867  24114
21.844159  24192
21.845872  11496
21.848184  24222
21.853755  24283
21.856347  24313
21.858260  5748
21.858260  5854
21.860712  24373
21.865317  24403
21.869642  24463
21.872054  24493
21.881418  5969
21.885763  6216
21.893673  5133
21.913348  5561
21.915640  5732
21.917553  10987
21.923331  11371
21.930427  11458
21.932580  5975
21.935192  11550
21.943162  6059
21.985370  6226
22.009846  6335
22.014510  24551
22.016083  24580
22.025012  2920
22.025012  3644
22.032149  24638
22.039285  24667
22.040958  5085
22.042871  5301
22.044534  5310
22.048919  4347
22.048919  4833
22.058727  5270
22.080316  5401
22.085399  5483
22.087492  5644
22.092156  5722
22.096061  5877
22.120166  2920
22.120166  3644
22.122778  4224
22.155941  4724
22.166915  2920
22.166915  3644
22.169786  4224
22.206262  2920
22.206262  3644
22.208714  4224
22.214077  4439
22.216010  4643
22.230830  4838
22.232423  6451
22.235594  2920
22.235594  3644
22.240598  4224
22.243569  4724
22.256752  6680
22.267060  24696
22.268713  6755
22.270306  6630
22.272598  24754
22.275110  24778
22.276683  24827
22.278935  6583
22.280648  24848
22.284633  24890
22.287165  24879
22.291071  24856
22.293383  24847
22.295456  24829
22.307117  6487
22.312121  6439
22.317205  5952
22.346256  6307
22.348089  6467
22.362856  11595
22.367421  11686
22.369953  6545
22.375511  6700
22.382448  11731
22.386554  6775
22.390859  11821
22.393571  11768
22.404473  11661
22.452238  6893
22.454630  6951
22.494702  24820
22.496375  24802
22.503666  4224
22.509464  5224
22.514967  5628
22.517239  24793
22.521963  5823
22.523716  24775
22.525429  5902
22.527841  6026
22.530313  6173
22.539123  2920
22.539123  3644
22.572566  6224
22.575258  6325
22.577770  6309
22.581287  6276
22.582880  6024
22.585871  5498
22.602691  2920
22.602691  3086
22.658825  2920
22.658825  3644
22.664922  4224
22.666775  4724
22.672418  5171
22.677322  5579
22.693368  2920
22.693368  3202
22.703176  6390
22.725719  3287
22.735388  3370
22.755069  24766
22.757681  5171
22.762405  5988
22.765791  6341
22.768103  7007
22.781964  6291
22.784276  6241
22.792287  6126
22.800003  24652
22.801616  24595
22.810386  6068
22.812199  24472
22.814751  24410
22.818916  5950
22.820589  24234
22.825353  24146
22.828519  23968
22.838914  23868
22.850415  23667
22.855799  23558
22.857912  5634
22.862824  4967
22.871940  23338
22.909822  6866
22.916200  6694
22.929754  11596
22.945421  6593
22.947574  6388
22.967725  11531
22.976494  11465
23.000552  6183
23.041630  5760
23.044162  11333
23.063634  23227
23.072105  23004
23.096461  5659
23.098274  4470
23.102040  5206
23.107518  5077
23.110210  22881
23.112223  22634
23.116867  4589
23.118979  4239
23.121072  2920
23.121072  3108
23.176947  3481
23.182211  3020
23.191460  2920
23.216391  3188
23.227273  3386
23.234051  3479
23.236204  3661
23.247724  3747
23.249437  3916
23.251889  3996
23.254062  4154
23.260799  4230
23.265224  4379
23.267496  4032
23.271721  2958
23.273634  2920
23.291432  5236
23.295797  2920
23.295797  3108
23.297929  3284
23.347546  2920
23.347546  3014
23.355841  3105
23.364511  3193
23.366643  3279
23.382329  4753
23.384062  4060
23.391158  7145
23.393750  2920
23.395343  7180
23.440687  3917
23.443359  2920
23.459445  22497
23.463370  22221
23.470127  22075
23.473833  21781
23.480850  21613
23.482483  21273
23.485155  21031
23.492611  20541
23.513006  20290
23.517830  19782
23.529172  19522
23.531045  18994
23.585699  4659
23.590164  3362
23.614914  11046
23.616647  2920
23.641437  10457
23.649807  10142
23.751022  9592
23.755088  8429
23.779624  18723
23.786522  18172
23.813512  3144
23.822862  2920
23.829519  17887
23.834204  17308
23.844966  3257
23.849551  3542
23.852143  3673
23.855609  3926
23.862406  4044
23.866311  4274
23.868643  4382
23.875101  3620
23.879526  2920
24.054820  2920
24.054820  2999
24.064748  3076
24.067180  3151
24.071984  3224
24.076988  3296
24.093814  3366
24.173905  6936
24.175538  6431
24.179583  5692
24.239800  4021
24.273182  17009
24.281532  16400
24.286377  16022
24.288430  15247
24.290862  14826
24.292835  13960
24.301865  13362
24.304058  12113
24.333078  11424
24.335350  9963
24.346879  9125
24.355648  7295
24.358260  6151
24.447494  7745
24.503538  7000
24.698985  6104
24.711959  4605
24.724674  2920
24.781157  4790
24.784763  2920
25.034268  2920
25.225154  2920
29.580890  2941
29.582903  2984
29.591100  3057
29.595245  3005
29.597258  3047
29.602102  3319
29.654743  3006
29.658049  3062
29.667677  3035
29.713724  3267
29.715976  3422
29.717889  3158
29.722713  3599
29.728955  3289
29.733540  3386
29.735113  3997
29.743782  3267
29.746254  3901
29.749580  4171
29.754244  3274
29.756876  3906
29.769328  4192
29.771241  4726
29.782821  3491
29.786167  4447
29.794417  4822
29.807526  3407
29.809678  4027
29.817054  3892
29.819726  4435
29.843882  4439
29.845595  3354
29.849341  4110
29.868762  4299
29.878185  4089
29.886200  4368
29.890245  4820
29.895129  4890
29.902505  5123
29.904598  5052
29.911555  5495
29.938644  4282
29.940317  4815
29.942769  5052
29.949966  5537
29.952358  5758
29.958736  3796
29.964801  4631
29.978761  4673
29.980694  4963
29.982647  5125
29.990023  4691
29.994308  5168
30.025987  5698
30.028160  6091
30.035056  2920
30.035056  3289
30.064913  4418
30.080760  5568
30.085764  5773
30.092242  5331
30.096387  5727
30.103144  5911
30.103983  3332
30.105576  3698
30.109541  3989
30.111394  6183
30.117379  6381
30.119791  5384
30.128461  5592
30.130074  5939
30.134339  5414
30.138764  5620
30.140337  6018
30.149159  6204
30.151092  6565
30.165425  5168
30.167518  5814
30.179179  6274
30.187469  6408
30.192114  6268
30.198232  6436
30.216924  4992
30.219516  6049
30.223861  5246
30.236517  5729
30.241801  6671
30.264653  6168
30.270024  6353
30.289142  6775
30.290975  6705
30.296179  6980
30.298811  6872
30.300704  7198
30.302916  7079
30.323293  7168
30.338720  6573
30.358598  6946
30.362983  7122
30.367328  7466
30.379129  4973
30.382655  5610
30.392731  5892
30.399628  6596
30.405166  6910
30.406739  6153
30.413236  6256
30.414849  6101
30.437736  7244
30.446625  3616
30.449197  7261
30.460999  4212
30.468635  4467
30.507806  7324
30.511571  7572
30.521993  7017
30.523986  7227
30.526478  4259
30.532376  7565
30.534189  7760
30.545131  6357
30.549596  6719
30.553122  6556
30.555534  7021
30.562031  6524
30.564104  7105
30.566017  7271
30.570961  7352
30.575326  7513
30.585474  6648
30.587706  6899
30.589799  7383
30.613261  7253
30.620592  7320
30.627289  7504
30.646362  6460
30.651546  5950
30.653279  6376
30.659696  6518
30.661529  6796
30.677942  7227
30.704930  7639
30.709335  7771
30.717285  7134
30.727168  7809
30.729640  7884
30.734663  7087
30.736915  7839
30.739147  7748
30.747744  4512
30.750715  7792
30.752728  4989
30.758311  7022
30.795283  7776
30.798514  7768
30.802779  7714
30.814340  7687
30.816572  7632
30.818345  6161
30.827394  6675
30.834530  7471
30.839729  6421
30.841981  7353
30.847799  7293
30.857786  6346
30.872019  6956
30.875405  6823
30.887705  4708
30.892669  5166
30.949551  7675
30.953636  7527
30.960113  7160
30.966650  7093
30.978638  7569
30.981170  7441
30.985854  6267
30.987927  6092
30.990619  7485
30.994485  7429
31.015502  7390
31.017135  7310
31.021819  7270
31.025864  7189
31.034070  7148
31.037536  7523
31.040168  7798
31.042360  7825
31.048219  7879
31.054916  6912
31.074388  6755
31.076221  6618
31.083178  6548
31.102331  6909
31.104683  6815
31.114187  6002
31.118132  6623
31.126322  5819
31.128674  5725
31.130347  6926
31.134432  7182
31.137898  7141
31.140989  7059
31.154336  6477
31.156529  5198
31.186993  7452
31.193437  7299
31.207509  6285
31.223175  5150
31.229519  7221
31.234663  7063
31.243956  5862
31.248221  6980
31.253205  6811
31.260780  6725
31.264666  5085
31.267078  5052
31.272106  5599
31.317818  7370
31.322103  7227
31.325314  7154
31.329639  7007
31.342940  6905
31.346926  6697
31.354582  6963
31.356455  7066
31.362298  7116
31.364471  5629
31.368836  6521
31.370789  6314
31.378145  5532
31.411532  5301
31.419842  4907
31.421475  5166
31.423088  5101
31.478938  6512
31.486274  6071
31.499995  6207
31.505733  5990
31.524310  6344
31.531446  5598
31.539361  5307
31.541094  4367
31.543426  7060
31.545559  6881
31.565690  6756
31.569695  6500
31.573560  6367
31.577426  6095
31.582530  7905
31.584523  7958
31.586635  7892
31.588348  7759
31.601043  4003
31.614266  3370
31.636194  5743
31.643171  5228
31.658518  4735
31.660211  3646
31.671413  3772
31.677491  7018
31.679344  2920
31.681496  6934
31.687953  6892
31.692638  6481
31.695913  6263
31.708968  2920
31.730000  5758
31.734125  5098
31.775333  5624
31.783628  4688
31.787754  3796
31.792558  3150
31.794331  7102
31.800289  2920
31.804454  4948
31.811091  4735
31.815835  4624
31.867678  5176
31.874863  4262
31.876656  3687
31.890704  2920
31.899558  6918
31.904622  5068
31.907853  6824
31.913951  5002
31.918955  2920
31.960329  4711
31.967924  4092
32.007589  3856
32.082907  5128
32.084480  4040
32.105045  6230
32.111542  3350
32.114014  2920
32.125516  7691
32.154689  7554
32.157780  7485
32.184643  6858
32.198636  6516
32.230145  6037
32.232757  5568
32.238535  5060
32.242520  3941
32.374313  3314
32.376086  2920
32.467765  3207
32.476894  5861
32.478647  5075
32.504109  3524
32.505702  2920
32.661458  4613
32.663071  3596
32.667995  2944
32.707122  6156
32.709574  5394
32.742190  4952
32.743963  3988
32.796063  2920
32.959837  3326
33.029420  2920
33.256971  2920
40.868724  3079
40.870377  3381
40.887212  3137
40.889924  3238
40.915441  3021
40.917913  3069
40.938986  3165
40.941298  3211
41.088570  3518
41.091856  3335
41.100785  2999
41.107127  3154
41.109379  3525
41.113464  2927
41.115357  3614
41.117490  2941
41.119882  2948
41.121675  3227
41.125960  3371
41.131718  2962
41.139221  2969
41.142627  3439
41.144919  3574
41.250358  3257
41.252071  3347
41.257649  3391
41.274035  2983
41.280433  2990
41.294048  3650
41.301464  3904
41.303916  3627
41.306109  3731
41.310494  3789
41.312646  3872
41.323489  2920
41.341729  3478
41.343442  3520
41.362161  3568
41.366890  3591
41.533201  3747
41.540417  3942
41.551440  3780
41.553093  4049
41.554866  3796
41.561443  4101
41.566487  4204
41.595687  3544
41.597660  3668
41.601785  3403
41.703018  3413
41.713500  3345
41.735284  4023
41.749692  4254
41.756549  3261
41.758302  4229
41.767012  4293
41.770878  4278
41.773310  2963
41.777915  4371
41.794795  3206
41.797227  3134
41.812115  2920
41.975604  4199
42.016786  2920
42.022504  4038
42.025695  3955
42.029760  3742
42.035123  3630
42.222861  4409
42.227166  4485
42.248114  3421
42.249827  2977
42.256524  4410
42.262562  4257
42.544508  2920
42.748040  4089
42.752325  3738
42.783659  3501
42.785652  2994
42.794482  2920
45.120805  3028
45.122638  3237
45.128805  3334
45.130378  3524
45.167133  2956
45.169425  3027
45.178974  2941
45.187124  2927
45.189516  2941
45.192228  2962
45.194500  2948
45.198945  2962
45.202990  2969
45.209954  3061
45.212027  3130
45.223133  3064
45.224826  3339
45.227438  2983
45.229890  3028
45.235034  3237
45.246355  3497
45.248488  3799
45.251040  3028
45.256224  2920
45.256224  2977
45.269977  3033
45.276894  2963
45.290543  2977
45.323689  2956
45.329947  3027
45.332339  2970
45.336424  3292
45.338317  3600
45.342701  3740
45.346627  4011
45.349319  4137
45.351012  4382
45.366978  3769
45.371243  4228
45.379458  3104
45.388527  3043
45.395125  4049
45.397078  4518
45.410192  3498
45.411825  3981
45.431136  3367
45.444809  3086
45.446482  3401
45.448055  3543
45.450587  3817
45.453279  3944
45.465754  3397
45.467886  3177
45.470039  3583
45.471832  3576
45.474284  3937
45.475877  3328
45.478489  3753
45.480482  4090
45.487543  3137
45.494599  3541
45.503688  3215
45.505401  3570
45.507533  4488
45.509146  4977
45.513011  5206
45.515705  5644
45.519111  5846
45.548192  4574
45.550165  4943
45.558795  3574
45.569697  3999
45.574042  3557
45.578207  3124
45.585164  3394
45.587496  3776
45.589669  3518
45.591282  3758
45.593654  4742
45.595667  5114
45.597460  5444
45.607009  5178
45.609401  5378
45.613227  3887
45.615300  4137
45.617972  4219
45.619925  3086
45.621818  4669
45.624490  5810
45.626662  3401
45.628295  6010
45.632927  3874
45.635379  4108
45.637152  4550
45.639524  3720
45.641457  4060
45.648214  4749
45.660969  4245
45.666947  4543
45.711136  3735
45.713309  4051
45.717434  5599
45.719107  5901
45.727422  6044
45.731188  6323
45.733520  6456
45.738045  6717
45.742250  6842
45.754646  6041
45.760205  6418
45.762597  3287
45.766023  3634
45.779504  6396
45.781856  6577
45.791885  6930
45.794517  4872
45.796670  5262
45.816571  4189
45.820636  4552
45.839788  4067
45.841641  4264
45.856193  4098
45.858386  4682
45.860159  4407
45.862731  4952
45.865323  4550
45.866996  4828
45.869328  5054
45.873354  5254
45.878398  5350
45.882503  4216
45.886548  4516
45.895018  4197
45.898129  6595
45.899722  6941
45.904147  7105
45.906040  4479
45.908592  7426
45.940393  7089
45.944542  7208
45.957597  4719
45.964102  5041
45.966774  3983
45.968667  5191
45.972413  4375
45.983015  4254
45.984928  4482
45.987620  4590
45.989593  7430
45.991885  4801
45.994417  4902
45.996530  7538
46.002149  7097
46.003842  5100
46.010666  5195
46.014112  5442
46.016045  7424
46.018617  5791
46.020989  3543
46.023042  7580
46.024655  3817
46.026947  4940
46.028740  5308
46.031372  3944
46.033005  7886
46.035417  5479
46.037250  5810
46.039642  4656
46.041835  5966
46.043468  4928
46.048672  5056
46.050685  4353
46.057043  4527
46.063800  5539
46.071021  5630
46.116742  4611
46.118375  7745
46.120967  7845
46.122880  4867
46.125432  7576
46.130711  8001
46.144005  8077
46.150103  8218
46.152215  8287
46.158873  7843
46.161045  7972
46.168636  3791
46.170349  4092
46.180038  4231
46.182051  8017
46.194093  4553
46.199771  8275
46.202003  8369
46.203956  8555
46.206648  5955
46.208321  6274
46.232726  5337
46.242162  5622
46.253503  4592
46.255995  4720
46.259980  6107
46.274409  4959
46.276042  5214
46.278634  5708
46.284297  5863
46.286609  5295
46.288282  5935
46.290974  6077
46.292607  5454
46.297152  5531
46.304328  5139
46.308454  5303
46.328804  8226
46.330437  4988
46.333089  8349
46.335002  8541
46.337574  8635
46.348037  5225
46.372258  8338
46.382042  8439
46.400326  5727
46.406624  4724
46.408417  5933
46.419119  5276
46.421252  5436
46.423504  5055
46.425137  8489
46.427649  8588
46.429821  5209
46.431394  5513
46.433127  5666
46.435319  5740
46.439045  5887
46.441417  8636
46.445922  6425
46.447635  4067
46.449708  8797
46.452220  6293
46.454452  6721
46.456564  6862
46.458157  6383
46.460130  4306
46.462542  8866
46.464295  9004
46.466567  6535
46.468180  5382
46.470872  6609
46.477510  5539
46.479982  4755
46.484127  4826
46.488432  6115
46.493117  6191
46.541885  8605
46.545791  5305
46.547504  5464
46.550715  8639
46.553387  5541
46.555280  8627
46.559405  8603
46.576985  8591
46.578878  8567
46.581470  8728
46.585456  6022
46.590081  8912
46.592673  4365
46.597098  4626
46.599390  9002
46.624466  9053
46.626139  9151
46.628831  7077
46.631083  7181
46.632696  9164
46.634309  9191
46.636741  5823
46.639373  9204
46.662831  4418
46.667076  6672
46.671301  6029
46.673713  6032
46.684196  5577
46.685909  4783
46.688022  4695
46.699532  6171
46.703698  5607
46.710156  5757
46.717252  6130
46.721617  6110
46.723510  5993
46.725982  5934
46.732240  5813
46.734632  5746
46.739257  5509
46.743382  5475
46.751992  5724
46.768239  9067
46.773503  9099
46.778068  9164
46.781873  9196
46.803538  5563
46.805171  8555
46.807104  5608
46.812268  8531
46.831320  4749
46.839718  8517
46.846555  8488
46.854465  5286
46.858350  6004
46.860023  5990
46.861876  5962
46.876467  5758
46.878959  5626
46.881471  5325
46.883044  5344
46.887815  8469
46.889888  8430
46.892080  5559
46.893653  5423
46.896045  5353
46.899911  9217
46.901764  5211
46.903936  5138
46.906029  9244
46.913485  6666
46.915138  6654
46.919430  7231
46.921243  7330
46.923615  4470
46.925748  4574
46.928460  9257
46.930433  6642
46.932406  4624
46.938804  9284
46.941056  6617
46.943288  5352
46.948532  5289
46.951164  5162
46.955769  4650
46.957442  4560
46.959714  4514
46.966371  5741
46.971076  5688
46.972669  5594
47.015793  9228
47.024024  5556
47.025817  8345
47.027970  5450
47.030682  8173
47.037459  8075
47.042443  7877
47.050253  7765
47.055118  9215
47.064487  9209
47.066600  7537
47.071444  4784
47.081488  4854
47.101467  4888
47.116997  9288
47.119669  7350
47.121502  7390
47.124174  5254
47.130112  9297
47.142100  9254
47.155155  9168
47.159779  6605
47.161352  6580
47.164423  5948
47.166256  5920
47.173892  6568
47.175825  4430
47.179351  4259
47.195716  5625
47.201535  5498
47.203807  5504
47.205720  5320
47.212177  5221
47.215982  5019
47.219548  4746
47.221720  4167
47.227203  5072
47.231987  4889
47.236472  5375
47.238565  5124
47.242610  5396
47.253492  9182
47.259650  9169
47.265368  9040
47.269673  8975
47.288885  5036
47.291257  4843
47.295083  7389
47.299588  7086
47.317526  7410
47.321711  4945
47.324957  9092
47.332533  6928
47.334366  6605
47.348634  5863
47.350287  5748
47.352879  5612
47.354792  4542
47.361277  5334
47.367415  4518
47.381563  5065
47.383456  4673
47.389961  4285
47.391694  6436
47.393347  6088
47.395879  3753
47.397572  3449
47.399345  8841
47.401777  2920
47.405123  8712
47.412478  6440
47.416983  7199
47.419375  6178
47.421168  4300
47.423380  7091
47.426092  6871
47.428085  4173
47.433309  8450
47.435421  6031
47.437114  8315
47.438907  5730
47.441419  4794
47.443232  4600
47.451642  4339
47.453455  3784
47.455867  4135
47.457620  3880
47.473826  3772
47.482704  2920
47.489502  8910
47.523768  4551
47.525801  5866
47.527994  3929
47.530126  3569
47.531699  5405
47.534291  4837
47.541068  5143
47.543121  4593
47.557729  8683
47.561494  8567
47.563926  4239
47.570284  8331
47.571877  3471
47.578334  4479
47.580886  4461
47.587923  4016
47.590075  4286
47.616988  6693
47.619440  6327
47.629248  8041
47.631001  3880
47.632594  7900
47.650913  7569
47.656257  7396
47.658010  3521
47.659723  5469
47.661336  5029
47.663509  4921
47.667734  4382
47.675210  4865
47.676843  2920
47.681067  4318
47.713374  3951
47.717559  3149
47.751691  3343
47.755896  2920
47.758188  2920
47.770244  8205
47.778394  7948
47.790734  7773
47.793366  7414
47.806240  3143
47.808053  2920
47.812258  3003
47.814810  3971
47.818796  2920
47.838407  3580
47.858658  4011
47.868682  3200
47.875746  2920
47.888701  4608
47.894819  2920
47.914059  7214
47.915872  6839
47.919817  6642
47.929980  6134
47.932053  3939
47.934765  3548
47.936678  5735
47.941223  3406
47.942976  5485
47.945029  2920
47.950133  4961
47.954878  6235
47.957090  2920
47.958763  6018
47.986766  7226
48.088581  3508
48.090734  6758
48.093246  6508
48.094979  2920
48.101735  5982
48.107593  5696
48.138567  4672
48.146477  4057
48.157529  5569
48.160101  5327
48.186669  4669
48.196497  4294
48.321435  5396
48.326120  4762
48.346311  4341
48.347944  3416
48.422235  3851
48.471650  2920
48.493614  3609
48.495607  2920
48.638881  2920
50.176886  3028
50.178579  3014
50.181291  3196
50.186235  3237
50.195334  3334
50.215185  3057
50.216958  3319
50.221582  3446
50.223954  3691
50.239906  3064
50.241979  3339
50.316921  3487
50.319014  4020
50.324018  4251
50.356091  4718
50.358423  4928
50.362528  3187
50.366613  3677
50.383246  3253
50.385718  3050
50.404690  2977
50.411567  3623
50.425220  2956
50.428966  3027
50.435084  3411
50.439369  4092
50.445367  3610
50.450211  3932
50.452903  2948
50.455575  3119
50.458027  2992
50.460060  3133
50.462552  4011
50.464385  4601
50.466777  4299
50.474353  4881
50.476026  5409
50.478638  3329
50.481549  3397
50.483702  4218
50.488566  4548
50.492132  5161
50.494644  3055
50.496397  3262
50.550847  3445
50.561089  5258
50.564080  5877
50.568524  3822
50.570157  4673
50.572269  3794
50.582032  3375
50.586996  3826
50.590342  4024
50.595306  5682
50.601970  6202
50.604302  6440
50.606395  6899
50.631850  3557
50.638248  3404
50.642373  3677
50.646358  3837
50.648890  4145
50.656386  3129
50.658239  3520
50.660531  3694
50.689726  3144
50.691359  3560
50.693831  6171
50.695504  6732
50.697916  3750
50.704534  4110
50.723386  4096
50.725439  7005
50.727632  7530
50.739034  4890
50.740667  5222
50.745012  5845
50.756093  2920
50.756093  3528
50.758545  4150
50.763509  5084
50.772779  4187
50.791361  4608
50.793014  5525
50.798298  5907
50.802223  6622
50.807235  6941
50.810441  4109
50.814806  4364
50.816879  4780
50.819511  4474
50.821104  4276
50.823017  4750
50.825649  7168
50.827782  7687
50.830094  7929
50.831727  4726
50.833720  5504
50.836312  5838
50.840277  8398
50.842449  8619
50.845995  5541
50.856965  6250
50.859397  5191
50.861490  6564
50.867435  5948
50.873078  7163
50.876424  7437
50.899727  4290
50.932042  3593
50.934015  7774
50.935808  8247
50.942705  8470
50.946871  5840
50.950996  6169
50.960779  4963
50.962672  5371
50.971302  9050
50.972915  9255
50.975167  9657
50.979272  9849
50.991447  6468
51.003762  6282
51.006933  6914
51.009525  7201
51.011178  3985
51.012931  7752
51.016062  8008
51.017755  4526
51.022659  4764
51.056584  4713
51.061069  4905
51.063182  8914
51.065494  9125
51.071772  5275
51.076636  5447
51.080861  5780
51.095988  9537
51.098220  9734
51.105038  10120
51.109263  6134
51.111036  6685
51.116603  6937
51.126012  7424
51.128244  4608
51.130077  5498
51.139134  5870
51.140867  4476
51.142600  6568
51.153042  4743
51.158366  5251
51.167316  5480
51.176206  5559
51.179952  7245
51.187229  7828
51.189701  8098
51.193987  8620
51.198711  8504
51.201043  8737
51.202936  5924
51.205468  6095
51.207481  10031
51.209094  10389
51.213638  6752
51.218043  10551
51.222129  10871
51.233874  7701
51.236805  8211
51.241889  4990
51.243482  9191
51.246014  9407
51.255837  8450
51.257670  8915
51.313180  10305
51.315373  10670
51.323803  6480
51.325796  7073
51.328228  7344
51.337891  6330
51.340203  6443
51.352322  6666
51.354934  11026
51.359059  11332
51.361451  11464
51.363224  11725
51.377497  7296
51.379789  7548
51.397510  9829
51.399702  8865
51.401635  10031
51.403768  6880
51.405421  10363
51.407933  10524
51.409906  5379
51.412418  5827
51.414351  5559
51.442274  6098
51.443967  10846
51.445920  6701
51.457141  11192
51.459673  6975
51.463299  7502
51.467124  9121
51.469556  7738
51.475494  8196
51.486696  11358
51.490222  11685
51.494587  11827
51.499871  7651
51.501784  12109
51.503956  8093
51.518563  8301
51.520556  8708
51.523068  8902
51.524981  7476
51.527473  4140
51.529446  5089
51.532038  7750
51.534570  8213
51.536782  8431
51.548251  7605
51.551997  6480
51.558974  6773
51.574002  11853
51.576055  9213
51.578527  9380
51.580460  9704
51.587851  9860
51.592105  10841
51.595691  6770
51.597624  6976
51.600775  12084
51.602688  12197
51.606003  10995
51.608196  12422
51.610688  7791
51.615412  12529
51.618084  12741
51.632077  5669
51.639181  5885
51.645199  9487
51.647751  9663
51.649924  5949
51.655602  11241
51.662579  9986
51.669196  10142
51.673501  11361
51.727626  12241
51.730058  12503
51.739347  8060
51.749555  7218
51.751128  4778
51.753001  8275
51.754854  5344
51.759259  7686
51.767961  7906
51.770134  8333
51.772526  12837
51.776372  13028
51.778704  13122
51.780277  13308
51.793066  7003
51.801820  8181
51.817091  11591
51.819683  11704
51.821436  11924
51.825501  12032
51.828113  6009
51.860081  8366
51.861774  8699
51.875628  12616
51.879613  12840
51.881526  8854
51.888183  9159
51.894680  9304
51.898446  9590
51.914320  12950
51.916133  13168
51.921057  13238
51.922870  9087
51.925681  9449
51.935624  13378
51.943004  9585
51.945017  9854
51.947289  13447
51.949841  8593
51.951434  8688
51.954026  8912
51.956338  5475
51.962436  6193
51.964009  9066
51.966661  9369
51.972528  9515
51.979585  7371
51.981837  7545
51.999357  10014
52.002723  10318
52.004955  8351
52.007008  10465
52.009121  10755
52.011353  10896
52.022336  12183
52.024508  12257
52.026421  8490
52.028274  8798
52.031445  12405
52.033837  13396
52.035870  13572
52.040914  13628
52.044959  13739
52.046792  13791
52.049264  13895
52.058801  6012
52.072135  10277
52.074168  10544
52.078613  5984
52.080366  10674
52.082219  12471
52.086484  12603
52.095803  10876
52.097696  10975
52.160385  9978
52.164610  13506
52.170628  13624
52.173120  9659
52.179857  8836
52.186474  5597
52.190459  9127
52.192212  6080
52.194764  7715
52.201468  8049
52.203840  8901
52.205913  9105
52.216624  9197
52.220879  9380
52.223451  13926
52.225823  13989
52.227736  14020
52.230128  14083
52.236905  11035
52.247068  8485
52.262175  8749
52.267199  12668
52.270905  8877
52.272818  12798
52.274990  12844
52.279535  12936
52.301508  5882
52.303181  5674
52.314922  9671
52.317035  9832
52.319687  9911
52.331230  11073
52.340040  13681
52.344365  10056
52.346977  13795
52.348650  10127
52.355207  10264
52.361884  10331
52.372347  13851
52.374200  13963
52.386600  10041
52.392679  10167
52.400619  13996
52.403251  10223
52.410741  14062
52.413967  9231
52.415920  9726
52.420165  10334
52.428308  9860
52.432832  6510
52.434685  7114
52.437117  9917
52.441082  10032
52.445547  8122
52.447620  9437
52.449912  9537
52.454437  8267
52.474562  11103
52.477054  11240
52.484565  11298
52.489808  11414
52.494932  12981
52.501095  13072
52.505230  5566
52.507602  9438
52.510014  13080
52.511867  14114
52.513540  14176
52.516112  9554
52.523568  13096
52.526060  5346
52.530732  9611
52.532485  14178
52.537289  14183
52.539801  14185
52.541634  14190
52.547991  14192
52.554588  5086
52.558254  11128
52.560027  4538
52.562139  11238
52.567103  13099
52.573181  13105
52.577985  11281
52.584483  11367
52.656651  10074
52.670484  8333
52.676702  9616
52.678455  9774
52.680767  6323
52.682360  6791
52.687025  8424
52.689197  8943
52.691290  9659
52.698566  9683
52.700239  11432
52.702951  8469
52.704764  9722
52.707096  14109
52.710602  14068
52.712854  9741
52.714547  13969
52.716939  13920
52.748133  9070
52.755350  9132
52.757503  13078
52.759476  13024
52.764300  12987
52.768465  12913
52.771616  4394
52.786784  11356
52.791009  4226
52.802824  10327
52.807069  10319
52.830395  10311
52.832368  10295
52.835060  14035
52.839904  14022
52.841877  10285
52.843770  10265
52.853180  10360
52.855213  10413
52.862869  10064
52.866215  13938
52.868607  13896
52.880862  10397
52.882855  10365
52.894076  13814
52.898581  13773
52.900534  10349
52.902507  10317
52.907081  10006
52.909513  9977
52.915231  9918
52.918462  7330
52.921573  11408
52.923306  11360
52.926417  7751
52.928190  7950
52.930402  9872
52.932075  9812
52.934048  9889
52.936560  9778
52.941065  8440
52.942858  8380
52.966455  9148
52.974765  11331
52.991365  11272
52.993797  4051
52.996888  11224
52.998981  13870
53.000554  13770
53.002826  11127
53.005218  9689
53.007131  9585
53.011316  12871
53.017913  12786
53.020525  12737
53.022178  3869
53.024071  11306
53.028576  11206
53.030688  13720
53.032701  12638
53.034314  13619
53.037165  13565
53.039298  13456
53.043783  3487
53.056383  3227
53.058176  10195
53.059789  11156
53.061682  2920
53.066846  11054
53.071151  12588
53.078463  12488
53.083906  12438
53.086598  10991
53.089318  10865
53.145525  9881
53.157293  13732
53.159446  13649
53.163451  13608
53.177224  9770
53.181049  9714
53.186173  6921
53.188146  8302
53.189759  8145
53.191971  7177
53.194383  9522
53.196536  9394
53.199128  8065
53.202934  7300
53.212387  9329
53.216892  9198
53.219364  13398
53.221057  13282
53.223229  13212
53.224982  13072
53.255336  9075
53.262373  8926
53.266478  12296
53.268830  12224
53.279872  12079
53.282284  12006
53.309087  10125
53.311260  9984
53.313852  9913
53.338723  9764
53.341175  9689
53.342868  13525
53.347732  13483
53.349545  9493
53.352117  9393
53.356422  10256
53.359608  9731
53.361561  10133
53.368398  13399
53.372363  13357
53.386256  10071
53.388828  9946
53.408806  13212
53.410978  13139
53.413051  11078
53.415144  9883
53.416777  7984
53.418950  9636
53.422742  9755
53.424954  9588
53.426847  9123
53.433525  9447
53.435637  12996
53.437450  9376
53.439423  10933
53.441635  10860
53.443768  8059
53.445801  8274
53.448113  9658
53.449766  9169
53.451339  9545
53.452972  7810
53.461034  9063
53.462727  9488
53.466772  7721
53.479307  8848
53.480960  8691
53.500637  10794
53.510586  10674
53.516464  10579
53.520310  12801
53.522882  10368
53.525274  8901
53.530897  12702
53.535322  8787
53.537355  8557
53.541840  10260
53.546365  11931
53.548018  11779
53.553456  10634
53.556028  12503
53.557801  10553
53.559374  11686
53.563858  12402
53.566330  11498
53.568642  12164
53.570914  12043
53.572487  11798
53.601634  10369
53.620241  10276
53.622294  11396
53.626180  11189
53.628772  10038
53.633177  9916
53.643440  13065
53.671397  8269
53.708481  12917
53.711033  12842
53.715038  8584
53.722275  9406
53.725481  9240
53.732118  7593
53.734111  7360
53.737817  7332
53.740169  7480
53.742401  8427
53.744893  8162
53.751690  11671
53.755435  11414
53.758127  8010
53.760020  11279
53.764065  11006
53.766677  7699
53.794058  9281
53.797963  8314
53.799656  11053
53.802348  8175
53.806313  10778
53.812391  10637
53.817694  10351
53.834228  9035
53.839192  8909
53.869236  8653
53.871548  8522
53.875913  12652
53.885522  8170
53.888134  9645
53.901677  12524
53.905622  12395
53.918546  9149
53.924943  9409
53.927315  9288
53.938976  7382
53.940769  7171
53.944435  12264
53.946567  12132
53.950073  8935
53.952345  9145
53.954158  9000
53.956730  8675
53.962478  8537
53.965644  10143
53.967217  8229
53.970428  9906
53.977229  8396
53.979561  8147
53.983087  8253
53.985639  8107
53.988171  8895
53.989944  6841
54.006953  8765
54.009964  7992
54.013055  6668
54.015687  10192
54.044377  9778
54.046569  10859
54.048442  10560
54.050934  9519
54.053386  9386
54.054979  9112
54.057331  7529
54.058984  7181
54.060677  8971
54.072857  6955
54.076542  6487
54.078235  9881
54.085192  7987
54.091502  9769
54.093295  9471
54.094888  10406
54.099173  10094
54.104104  9933
54.106237  9606
54.108449  9437
54.115226  9093
54.138128  9295
54.149904  11998
54.160890  8936
54.162683  9721
54.165854  9558
54.168466  8745
54.173430  8550
54.193528  7922
54.201838  8389
54.209174  6142
54.246350  11863
54.250522  11726
54.263246  8193
54.268330  7791
54.271896  5867
54.273509  7236
54.276740  8814
54.280625  6237
54.283856  6938
54.286088  5716
54.288680  6783
54.297549  8891
54.301284  5291
54.307622  4972
54.312214  5432
54.317318  8478
54.325753  8262
54.351387  7789
54.356171  9393
54.362608  9225
54.366413  9054
54.368166  8879
54.382354  8350
54.387437  7778
54.389030  7564
54.415936  7338
54.418468  8020
54.422533  11582
54.433040  7105
54.446514  11433
54.448786  11282
54.463600  8820
54.466092  8629
54.477873  5641
54.477873  5353
54.481104  5049
54.488228  4314
54.488228  3922
54.490780  7733
54.495284  7539
54.496957  7340
54.503207  8639
54.510204  7124
54.512476  7878
54.516226  3562
54.516226  3111
54.518438  7599
54.520571  7204
54.522703  2920
54.524836  6996
54.526429  4632
54.528122  3902
54.537910  7581
54.544295  7367
54.583302  8042
54.585494  8282
54.587786  8096
54.590098  7906
54.591731  5129
54.595836  7711
54.597609  4808
54.600221  7816
54.611454  4466
54.613147  4097
54.615539  8687
54.623794  6847
54.626386  8156
54.628678  7957
54.633602  7587
54.636733  7362
54.638586  7130
54.650756  6890
54.652968  6642
54.669327  6540
54.684394  4727
54.692639  8505
54.695331  8319
54.697803  7764
54.702295  7566
54.731242  6782
54.734548  6340
54.742543  3474
54.744156  2920
54.746468  7147
54.778365  4388
54.781136  4032
54.789905  7520
54.797740  6104
54.804737  5613
54.807029  6081
54.809481  3747
54.812193  5835
54.816778  3364
54.820144  2937
54.833597  6429
54.838900  6209
54.840893  5981
54.850901  5745
54.875102  6937
54.879227  4159
54.879227  3814
54.883851  3449
54.889294  3045
54.891946  2920
54.906119  3783
54.906119  3403
54.908651  6634
54.913755  3317
54.913755  2920
54.944152  7734
54.946424  3676
54.971896  3285
54.974208  2920
54.986943  3524
54.989215  3087
54.999598  7341
55.010173  2920
55.013264  5578
55.034573  2920
55.038905  5388
55.040578  4918
55.053971  6742
55.057557  3371
55.057557  2989
55.089757  5536
55.092888  7203
55.095560  7063
55.099310  6920
55.101063  6774
55.107859  3387
55.107859  3088
55.112903  2920
55.128608  3118
55.131699  2920
55.221780  4751
55.231408  4413
55.236180  4231
55.246403  2920
55.286165  2920
55.296887  3892
55.300098  3708
55.302231  5419
55.304144  5092
55.423865  3867
55.423865  3807
55.489641  4993
55.493786  4790
55.513722  3623
55.515295  3448
55.583352  2927
55.584925  2955
55.617975  3057
55.624412  3064
55.626924  3208
55.629256  3105
55.631029  3404
55.642331  4895
55.657817  3644
55.659710  4015
55.661962  4183
55.664115  3144
55.665888  3560
55.672645  3108
55.689734  3340
55.696651  3599
55.714410  4597
55.716562  4785
55.718415  5231
55.720667  5388
55.726205  3571
55.727838  3833
55.730410  4340
55.732702  4564
55.734475  4990
55.765409  3856
55.768061  2920
55.768061  3354
55.788959  3354
55.791291  2920
55.791291  3354
55.807292  3757
55.814141  4234
55.816254  5002
55.818886  3974
55.822691  4477
55.829408  4346
55.832000  4691
55.850982  3390
55.852895  4225
55.863717  5029
55.866009  5344
55.869954  4565
55.874040  5953
55.876472  6208
55.878625  3477
55.883190  4413
55.885482  5438
55.890027  4781
55.894212  5461
55.896664  5737
55.898857  5759
55.900690  6304
55.902842  5290
55.906348  5857
55.908680  4239
55.934810  3549
55.939015  4585
55.941147  4050
55.943280  4895
55.949537  4986
55.951690  5723
55.954022  3419
55.955815  4835
55.959700  4272
55.962092  4613
55.964105  3876
55.968211  4705
55.976901  5245
55.981705  5523
55.994760  5122
55.996453  5889
56.011640  6639
56.013573  7275
56.015965  6217
56.017838  6897
56.055490  7565
56.057443  8123
56.059555  6889
56.061787  7195
56.068065  5326
56.069678  6119
56.071910  7203
56.073523  7789
56.075975  6464
56.078647  8060
56.089210  8584
56.096394  8830
56.116705  4737
56.120651  3984
56.123363  5629
56.153161  5595
56.159238  6196
56.170059  5424
56.174225  6203
56.183275  5938
56.185408  6585
56.198562  5028
56.202168  5868
56.209064  5739
56.211197  7782
56.213369  8053
56.215542  8578
56.222699  6126
56.224592  6816
56.226844  8383
56.228617  8887
56.235674  7126
56.238940  7719
56.241372  9124
56.242965  9587
56.245597  9308
56.247330  9535
56.277110  6092
56.278703  6791
56.280336  7413
56.282049  3644
56.285120  4804
56.287832  6786
56.290204  7097
56.292177  7692
56.296302  7966
56.298614  6537
56.300747  7183
56.305679  6247
56.307692  6923
56.314469  7477
56.318934  8042
56.334581  7228
56.340679  7812
56.353494  9807
56.355227  10238
56.357439  10444
56.359392  9978
56.361664  10189
56.397011  10848
56.398584  8824
56.401276  11042
56.402889  7698
56.406615  6228
56.408508  8247
56.411499  10603
56.414151  10802
56.424794  11193
56.429458  11381
56.432924  9303
56.441833  7992
56.449644  6004
56.462279  2920
56.462279  3644
56.469216  6708
56.478265  7023
56.510904  6906
56.512917  7518
56.516842  8304
56.521866  8813
56.529244  6543
56.535722  7189
56.540006  7799
56.541859  7483
56.549789  8341
56.565715  6906
56.571113  7212
56.573765  7798
56.578410  9530
56.580303  9973
56.582655  10184
56.586721  10599
56.589313  8521
56.591925  8769
56.597883  11424
56.600215  11609
56.606253  9246
56.608006  11973
56.611681  9472
56.616925  11752
56.619277  12149
56.620870  11931
56.623023  9913
56.649920  8503
56.654145  9000
56.658350  9234
56.659229  4862
56.660802  5354
56.662934  8231
56.664787  5748
56.666520  8744
56.668652  8985
56.670465  9052
56.672258  9519
56.674790  9455
56.681127  8082
56.685392  8605
56.696154  9741
56.700319  10175
56.704384  10382
56.717686  8850
56.730749  9327
56.733221  9553
56.737247  12497
56.739539  12666
56.751714  12285
56.754106  12457
56.777482  12916
56.783720  13038
56.786092  9691
56.787725  9909
56.790357  10335
56.792929  6107
56.794822  6799
56.797474  12796
56.802098  12961
56.803971  10794
56.807717  13169
56.812461  11177
56.817505  13271
56.847886  4224
56.850266  5224
56.852938  5628
56.854831  7324
56.856424  7901
56.858976  8168
56.891264  9671
56.906925  8594
56.912428  9085
56.916693  10546
56.918786  10870
56.923178  9317
56.930075  7765
56.936692  8309
56.947474  9770
56.954211  9986
56.955964  8069
56.957797  8593
56.971092  8839
56.973085  9317
56.979250  11309
56.981083  11570
56.983255  11697
56.985188  10117
56.989933  13159
56.991746  11950
56.994398  10518
57.003487  10668
57.005160  13399
57.007852  10965
57.011087  12073
57.013499  13493
57.015672  13439
57.017884  13681
57.019497  13522
57.031199  11103
57.036004  11377
57.047806  10457
57.052231  6115
57.054124  10699
57.055997  6806
57.059962  9946
57.062993  10079
57.066144  11004
57.068257  11269
57.070369  10343
57.072881  10469
57.074934  8426
57.078879  9774
57.081032  10719
57.085896  10206
57.094466  11383
57.096639  11609
57.120155  10338
57.121888  10599
57.125953  13773
57.128145  13957
57.132410  8563
57.158220  13687
57.162944  13768
57.169701  13930
57.178610  14035
57.183749  14191
57.188533  10817
57.190246  11051
57.192398  7109
57.194471  11158
57.196544  7703
57.198956  14010
57.200629  14169
57.204604  7977
57.208629  11370
57.210941  14224
57.215945  14333
57.221329  12188
57.225195  12416
57.261187  6003
57.266666  8907
57.269338  9134
57.274143  7116
57.311112  11690
57.320181  10197
57.321874  11852
57.324106  10611
57.328951  11932
57.337201  10718
57.339234  8807
57.343439  10732
57.345592  9282
57.349697  10972
57.354481  9507
57.356114  9484
57.359800  9813
57.375354  9914
57.377047  10114
57.378720  12484
57.383864  14268
57.385737  12619
57.388409  10212
57.390961  14422
57.395866  12686
57.397959  11458
57.399972  12819
57.402684  11620
57.415019  14498
57.419803  11698
57.421656  14649
57.424467  11853
57.429079  14383
57.430852  14482
57.433204  14706
57.435097  14821
57.448591  11917
57.454230  12044
57.466190  6203
57.467943  6591
57.473267  11446
57.477093  7297
57.480204  11597
57.482796  7650
57.485128  9263
57.486901  10807
57.488474  12091
57.491006  10983
57.493118  11069
57.495011  12169
57.496604  11240
57.500270  11315
57.505813  11464
57.512050  10907
57.515261  11000
57.523731  12290
57.526043  12350
57.536467  12469
57.559310  11184
57.560883  11274
57.562616  14878
57.564229  11454
57.567220  14991
57.589503  11085
57.591156  14531
57.592869  14629
57.610499  14675
57.613470  14767
57.624811  15033
57.628557  15117
57.631209  8242
57.632962  11655
57.634795  11771
57.637027  14798
57.638960  8755
57.641312  8996
57.643085  14860
57.650102  11824
57.651795  12884
57.653368  11931
57.655480  14864
57.657613  14872
57.662557  13015
57.669394  13079
57.695644  9365
57.699589  9568
57.738588  12528
57.741719  11310
57.744151  12646
57.748556  11420
57.751188  9647
57.755054  9923
57.757706  11638
57.763004  10057
57.764877  11745
57.776239  10294
57.778392  11957
57.782397  10458
57.791846  10536
57.799817  10692
57.804482  13185
57.806594  13237
57.810959  15150
57.813391  15216
57.815863  13304
57.818275  12107
57.820068  13337
57.821941  9278
57.824413  12232
57.826545  12294
57.828638  9414
57.852863  15243
57.854596  15298
57.856968  12390
57.858601  14883
57.863226  14905
57.865838  15325
57.867591  12437
57.873769  15380
57.882998  12532
57.889755  12579
57.898313  6764
57.905604  6964
57.908116  9636
57.910249  7768
57.914954  7061
57.916527  9772
57.918939  11957
57.920932  8002
57.923544  12010
57.925916  12036
57.929742  8068
57.931855  8199
57.937039  12681
57.938912  12751
57.941084  11499
57.942657  11568
57.949474  11602
57.951067  11671
57.960943  11705
57.962816  11773
57.968279  11807
57.972225  11516
57.974078  11640
57.982368  12785
57.984401  12854
57.997581  12888
58.001427  12956
58.015895  10164
58.025383  11659
58.027196  11698
58.033314  15407
58.036485  15461
58.071788  10763
58.074759  14916
58.076892  14938
58.085442  14949
58.087914  14971
58.096044  14982
58.102481  15474
58.106926  12019
58.109318  12011
58.111071  15501
58.113663  9515
58.115776  9714
58.118328  15004
58.120600  15015
58.124885  11994
58.126518  14923
58.132560  11986
58.136306  13370
58.140351  14877
58.141984  13436
58.144596  13469
58.166595  9804
58.175145  9855
58.180129  9880
58.204644  12027
58.206597  12940
58.212596  12167
58.215667  10351
58.219013  10442
58.220646  12908
58.223797  12236
58.226129  12374
58.251819  12442
58.256184  12577
58.262082  10853
58.268249  10897
58.277418  10986
58.278991  13534
58.282222  11030
58.285588  13566
58.288934  15514
58.295539  15541
58.297172  13631
58.299524  15554
58.302136  9770
58.303749  13663
58.305722  9882
58.308074  12619
58.312619  12699
58.333844  15484
58.335457  15449
58.337250  12717
58.340485  12753
58.342418  14831
58.344391  14737
58.355252  15356
58.357864  15310
58.365707  12771
58.369213  12807
58.389293  7147
58.396091  7318
58.398643  9886
58.400256  8232
58.402009  7401
58.403682  11978
58.405455  11961
58.407847  9898
58.412991  8298
58.415343  8296
58.418889  12876
58.420682  12811
58.423713  11788
58.425366  8291
58.427239  11749
58.432502  11723
58.434695  11669
58.445877  11639
58.447630  10533
58.449443  10713
58.456640  11578
58.460905  11659
58.462578  11580
58.465170  12774
58.475313  12698
58.482530  12659
58.489547  12579
58.505428  13606
58.517216  11529
58.519389  11427
58.521541  9937
58.528438  15214
58.532743  15166
58.545798  11339
58.547391  11161
58.562899  14690
58.567104  14596
58.580618  14549
58.582371  12740
58.586616  14454
58.601617  11896
58.603350  15058
58.605862  11765
58.608813  15004
58.610846  7415
58.612499  9801
58.614631  14392
58.616204  9732
58.620629  14266
58.623021  11699
58.626807  14191
58.628620  11566
58.630772  14040
58.637908  13492
58.640600  13435
58.657700  11500
58.669716  9826
58.678327  9680
58.715739  12564
58.717752  12538
58.720084  10702
58.721757  12509
58.723710  12368
58.725902  12520
58.730147  12297
58.733653  12483
58.744975  10679
58.753785  12453
58.755878  12392
58.758250  12362
58.771965  10954
58.774158  10800
58.776810  10722
58.784801  10565
58.789665  13297
58.791258  10485
58.794604  14886
58.801293  13228
58.802886  14827
58.804919  9567
58.809364  13075
58.813709  12998
58.816421  12672
58.818034  9484
58.822379  12536
58.829036  12467
58.843331  14679
58.844944  14605
58.846817  11482
58.849189  13955
58.851242  12318
58.853894  12243
58.855587  13774
58.858299  13682
58.864177  14455
58.870794  14379
58.873426  12060
58.877851  11968
58.891747  9606
58.896272  9457
58.905900  7426
58.907733  7448
58.912418  11258
58.914870  11144
58.916883  9368
58.920848  8261
58.924914  10668
58.926727  9188
58.929259  8200
58.931371  12225
58.933404  10913
58.936535  12080
58.938687  8084
58.940860  7849
58.942972  11421
58.944665  7728
58.949150  11262
58.955807  11178
58.960012  10550
58.961705  10490
58.970814  11069
58.972567  10882
58.974300  11008
58.979863  10911
58.983669  10787
58.987914  10714
58.991480  12005
58.995964  11854
59.001887  10614
59.003460  10405
59.005273  11742
59.009118  11516
59.026436  12903
59.038637  10584
59.041029  10481
59.049420  14206
59.051972  14119
59.071312  10264
59.076197  10153
59.089267  13582
59.093312  13380
59.107505  13265
59.109198  13033
59.126996  7329
59.128869  13913
59.132834  13809
59.134567  10788
59.136660  10534
59.139372  9373
59.144117  9148
59.146349  9033
59.148182  12912
59.149795  12667
59.152107  12542
59.154719  10388
59.156452  12256
59.160737  10091
59.164922  12110
59.169546  12661
59.176942  12538
59.193081  12289
59.214170  9067
59.215863  8820
59.256248  12291
59.258301  12147
59.260973  11384
59.263066  11117
59.268070  12074
59.269943  11927
59.276541  10388
59.281325  11853
59.288842  11704
59.295419  10181
59.309112  10263
59.311065  9975
59.321108  9827
59.325453  11855
59.327086  9526
59.329758  12160
59.333024  11900
59.338148  13704
59.340300  13492
59.346170  8781
59.348362  8651
59.350315  11748
59.352508  11439
59.355120  7174
59.359245  11627
59.363330  11511
59.380254  13366
59.389969  11276
59.392681  13110
59.395313  11962
59.397466  11662
59.399738  10461
59.401631  12973
59.405297  12696
59.414766  12555
59.416759  11095
59.426962  10911
59.438643  8658
59.452377  6780
59.454649  6572
59.456282  9939
59.457895  9629
59.468785  6141
59.471077  8492
59.473469  7594
59.475422  10971
59.477415  7322
59.479727  9428
59.481760  9016
59.484372  10675
59.486644  7112
59.488337  6679
59.492849  10523
59.499586  10126
59.505144  9953
59.506957  11576
59.509988  10076
59.512041  9862
59.514293  9753
59.522403  10006
59.524516  9706
59.526908  9592
59.533785  9405
59.538904  8938
59.545981  9342
59.548094  10126
59.550246  9920
59.551859  8693
59.556938  9469
59.560883  9233
59.562536  11264
59.571805  8515
59.591377  9530
59.595662  9171
59.601040  12229
59.602773  12062
59.609570  11499
59.618040  10724
59.626260  8973
59.630605  8568
59.644258  11169
59.645831  10999
59.654408  10600
59.656081  10393
59.671009  11722
59.673261  11548
59.683824  8801
59.686017  8360
59.691001  8098
59.695326  6433
59.697519  7879
59.699492  9950
59.704496  9719
59.706069  9245
59.708381  8082
59.710973  8996
59.712706  7507
59.715018  9632
59.719523  10878
59.726306  10678
59.732444  10275
59.740659  8202
59.749648  9123
59.751661  8674
59.769938  8258
59.774183  8018
59.812297  11447
59.814030  8984
59.816003  8472
59.818475  8201
59.825432  11185
59.828124  8292
59.830097  11051
59.842278  10874
59.844550  10694
59.851307  9290
59.862529  8433
59.867613  7937
59.878355  5859
59.880567  9113
59.884053  7647
59.888618  11371
59.890771  7045
59.893303  10066
59.895875  9852
59.897488  10992
59.899920  7614
59.906207  10796
59.912595  7065
59.916481  10529
59.919672  10331
59.921385  10129
59.923997  9634
59.926389  8740
59.953888  9919
59.955821  10397
59.959251  8189
59.961404  10190
59.964335  7895
59.967047  9709
59.972351  9457
59.974364  9704
59.976636  9465
59.996807  7755
