# t(s) QueuingDelay(ms)
10.160145  0
10.182942  3
10.204607  9
10.213197  1
10.215070  4
10.219825  12
10.232840  13
10.245635  5
10.250180  9
10.272072  23
10.276497  17
10.304299  26
10.336706  24
10.345995  28
10.364948  35
10.373598  48
10.381219  41
10.393814  15
10.410881  16
10.416839  23
10.437718  33
10.445929  58
10.448601  38
10.473612  38
10.494837  84
10.517449  61
10.521834  44
10.534789  46
10.540887  89
10.544952  51
10.560459  146
10.566517  68
10.601746  208
10.607804  82
10.623511  87
10.631661  89
10.638858  210
10.655120  211
10.657372  109
10.668294  228
10.674132  99
10.684834  105
10.691431  177
10.699722  107
10.708072  136
10.723319  221
10.725492  309
10.743052  138
10.744665  329
10.761145  342
10.776792  142
10.787302  230
10.802469  155
10.804841  348
10.811099  262
10.832664  157
10.857994  165
10.868197  57
10.870809  275
10.878320  291
10.893454  182
10.906060  63
10.908033  358
10.917696  382
10.920008  305
10.931835  204
10.942817  226
10.957825  302
10.963114  439
10.968912  245
10.992000  273
10.998278  435
11.024068  310
11.028413  280
11.041922  320
11.044114  282
11.048439  429
11.059421  389
11.078533  313
11.082858  383
11.089275  320
11.102390  326
11.113648  337
11.115321  329
11.135551  341
11.142609  334
11.161761  75
11.170011  341
11.182687  340
11.190757  355
11.203052  391
11.209949  399
11.216347  434
11.224067  349
11.227278  458
11.233956  375
11.244898  375
11.254842  389
11.268616  93
11.271028  391
11.289941  107
11.308785  459
11.310578  397
11.321181  420
11.325446  219
11.328138  471
11.344927  407
11.349931  424
11.361852  432
11.364324  298
11.375766  453
11.377619  413
11.389754  475
11.392266  487
11.404601  434
11.406953  479
11.410838  494
11.419148  321
11.427419  494
11.467823  482
11.473586  502
11.485892  452
11.492569  505
11.494162  487
11.512721  527
11.529227  461
11.534191  530
11.539654  531
11.567136  533
11.595180  544
11.604692  471
11.609097  539
11.621353  546
11.640126  519
11.655944  567
11.663320  556
11.677281  620
11.687130  623
11.690556  342
11.694761  554
11.745352  348
11.762313  563
11.767912  627
11.793602  587
11.806677  614
11.808530  636
11.821951  750
11.845154  644
11.853324  767
11.861355  354
11.863587  660
11.882327  770
11.887391  560
11.900626  683
11.907343  424
11.926436  424
11.948526  710
11.951018  786
11.956896  569
11.978503  809
11.989345  682
11.997416  824
11.999908  439
12.018249  584
12.030215  855
12.039265  463
12.057724  870
12.082594  866
12.091185  865
12.141191  745
12.157712  743
12.186554  730
12.234579  708
12.241136  585
12.263292  599
12.276427  903
12.283404  699
12.305078  677
12.329257  720
12.337788  689
12.342432  735
12.364797  769
12.372967  972
12.392399  776
12.405453  974
12.424906  780
12.445912  49
12.454262  781
12.474494  1031
12.493307  1050
12.505722  784
12.511980  477
12.520457  1044
12.560395  808
12.575342  805
12.612015  497
12.643743  765
12.662340  507
12.669377  1110
12.672049  119
12.689992  1116
12.717905  1095
12.720497  816
12.735284  888
12.746985  893
12.764419  822
12.804055  907
12.819742  920
12.823687  1041
12.863829  751
12.885284  944
12.923933  919
12.994155  1055
13.021262  1071
13.034266  899
13.037457  1073
13.191224  129
13.249956  189
13.261005  550
13.313858  1049
13.321948  1098
13.330498  1102
13.385182  560
13.398736  186
13.401328  581
13.416161  585
13.434672  718
13.444400  578
13.562052  118
13.566577  631
13.583497  601
13.657374  448
13.659769  579
13.702684  454
13.766036  454
13.768388  599
13.816391  458
13.824346  65
13.830124  449
13.834129  60
13.847823  59
13.853841  553
13.888338  451
13.898561  445
13.930639  67
13.938610  561
13.968055  570
13.979057  585
14.055301  453
14.106690  457
14.128663  498
14.135061  687
14.148195  75
14.268674  589
14.296375  602
14.441590  15
14.500370  516
14.566707  556
14.575317  78
14.592288  79
14.608716  709
14.621111  90
14.639724  696
14.674757  739
14.681165  604
14.682798  174
14.736910  219
14.755030  749
14.759055  611
14.890976  770
14.911412  809
14.990304  39
14.996002  851
15.044442  693
15.046355  779
15.062236  46
15.133814  267
15.156165  104
15.197609  298
15.396048  121
15.398560  29
15.409922  719
15.439882  14
15.473788  56
15.488025  145
15.496655  745
15.504825  819
15.535843  862
15.640734  313
15.670490  743
15.696006  3
15.725102  65
15.739630  451
15.752805  51
15.773570  454
15.816879  490
15.820305  88
15.860412  755
15.873454  827
15.885490  567
15.897086  50
15.902489  565
15.909905  934
15.959772  54
16.027509  123
16.063093  90
16.103150  761
16.250993  225
16.273037  491
16.281367  258
16.348195  102
16.373227  936
16.410200  153
16.433217  155
16.435849  329
16.455102  940
16.486075  964
16.641071  444
16.700473  93
16.749092  106
16.799723  834
16.808952  185
16.851107  114
16.901809  493
16.908386  133
16.933662  193
16.950781  504
16.958736  202
17.011451  192
17.033580  530
17.067678  200
17.081591  202
17.136434  17
17.164624  59
17.189124  72
17.289853  331
17.333948  782
17.371002  184
17.456149  198
17.486073  335
17.504970  251
17.560286  385
17.563776  61
17.594992  233
17.616328  291
17.689045  86
17.704691  109
17.739281  205
17.741054  128
17.747641  217
17.755915  523
17.807566  1160
17.824790  211
17.843048  217
17.862479  962
17.869415  492
17.879817  217
17.926243  301
18.055841  260
18.061551  303
18.096386  514
18.098858  240
18.146096  128
18.190921  61
18.200030  161
18.230648  59
18.257195  71
18.268303  155
18.300281  387
18.312005  168
18.313898  153
18.341568  813
18.343960  382
18.399979  464
18.406748  463
18.430584  246
18.463051  245
18.468015  41
18.487568  377
18.489461  37
18.514184  301
18.519507  379
18.522159  300
18.526664  462
18.529036  384
18.550579  383
18.552691  461
18.557156  299
18.562140  383
18.598046  989
18.603170  461
18.605422  382
18.608828  242
18.663279  244
18.671649  247
18.678066  247
18.684982  81
18.697302  80
18.700493  115
18.705237  113
18.737317  206
18.742640  116
18.746170  81
18.749281  205
18.751393  450
18.753026  204
18.758649  203
18.760861  114
18.763333  450
18.770529  114
18.772182  448
18.775293  203
18.788427  111
18.793371  202
18.802819  446
18.804792  446
18.807364  446
18.817658  201
18.822822  202
18.836149  201
18.839994  200
18.863076  447
18.868794  200
18.873878  201
18.881094  201
18.883766  447
18.892780  200
18.900735  446
18.905918  957
18.921400  290
18.968634  449
18.970946  288
18.975690  288
18.978022  447
19.010358  448
19.037824  201
19.041114  446
19.050962  280
19.053514  285
19.055986  443
19.060758  200
19.065822  195
19.068354  194
19.081236  439
19.083648  193
19.092812  193
19.095184  188
19.100982  183
19.123014  95
19.134655  180
19.138920  180
19.143664  178
19.172927  126
19.180383  141
19.182855  124
19.196768  273
19.200813  272
19.211882  132
19.244985  125
19.246638  274
19.250383  278
19.252076  133
19.254748  145
19.259292  125
19.263726  126
19.268510  123
19.286963  125
19.289635  120
19.294499  117
19.312765  818
19.315876  349
19.331042  819
19.353843  194
19.356834  411
19.364729  193
19.366722  0
19.372444  192
19.400881  3
19.408512  183
19.416813  1
19.421897  179
19.428874  0
19.444250  221
19.446442  220
19.448075  217
19.453813  204
19.455546  201
19.461843  195
19.465249  0
19.483527  120
19.489050  119
19.509384  173
19.511776  116
19.513589  164
19.538925  113
19.549154  861
19.569010  0
19.593394  52
19.612055  45
19.626887  42
19.644255  30
19.646967  27
19.649419  18
19.654123  16
19.681181  16
19.685506  12
19.691963  8
19.703563  77
19.705176  76
19.708702  72
19.738964  75
19.741136  752
19.754838  74
19.757430  72
19.792326  65
19.824086  65
19.838878  0
19.878284  0
19.886319  0
19.902591  0
19.914087  0
19.990473  0
19.994498  1
20.005959  67
20.043734  0
20.045627  143
20.106839  3
20.108432  2
20.110365  1
20.148280  0
20.154158  2
20.177529  3
20.204860  9
20.208885  8
20.211996  546
20.238456  10
20.241008  696
20.253248  11
20.266693  698
20.278733  24
20.282938  2
20.290473  22
20.306858  21
20.308751  0
20.347197  0
20.350108  0
20.354493  1
20.356945  0
20.374716  4
20.376928  0
20.417100  8
20.418713  8
20.431072  5
20.438468  2
20.443252  1
20.448416  671
20.464782  2
20.499917  2
20.510879  0
20.588223  2
20.594401  3
20.611866  2
20.617649  12
20.621574  19
20.629477  12
20.641168  3
20.647765  13
20.650217  31
20.651930  4
20.654342  22
20.656694  32
20.659765  5
20.662696  5
20.664968  17
20.668179  38
20.670631  11
20.674197  38
20.675790  24
20.678741  27
20.681173  22
20.685478  25
20.696844  26
20.714682  24
20.720072  26
20.722684  27
20.725316  32
20.768932  28
20.773716  32
20.786515  35
20.795084  4
20.798315  36
20.803159  6
20.805531  32
20.818904  30
20.820537  27
20.826375  30
20.828847  23
20.830660  22
20.832233  21
20.834545  20
20.841921  12
20.850116  0
20.860478  0
20.883672  0
20.890896  524
20.894861  523
20.919431  661
20.934538  649
20.989573  0
21.034591  550
21.051516  1
21.074204  0
21.123816  0
21.128065  0
21.175072  0
21.255530  0
21.295209  0
21.305791  0
21.382874  336
21.397028  333
21.409643  468
21.417674  464
21.533895  464
21.553790  2
21.577659  4
21.589220  5
21.605294  0
21.717209  2
21.719461  20
21.723366  20
21.831054  3
21.837391  5
21.866042  1
21.877164  8
21.887027  8
21.942058  346
21.967628  55
21.996130  479
22.006437  13
22.054075  51
22.055648  64
22.075299  62
22.176104  17
22.178776  55
22.183041  483
22.192450  52
22.267742  17
22.271667  48
22.293989  34
22.335740  42
22.345109  27
22.356771  28
22.369794  388
22.386746  28
22.423552  14
22.457803  20
22.469855  22
22.515341  52
22.542971  55
22.567426  400
22.584314  525
22.590372  128
22.592564  27
22.613215  140
22.624017  141
22.656704  5
22.720321  24
22.721894  82
22.727983  63
22.734380  25
22.811469  50
22.818206  143
22.829388  129
22.887255  41
22.897658  32
22.914682  37
22.923052  65
22.936726  107
22.938439  57
22.947640  125
22.967072  51
23.011960  114
23.021892  133
23.042697  461
23.047881  106
23.057211  149
23.059404  148
23.079335  41
23.146943  103
23.148916  31
23.173512  119
23.178256  28
23.182601  146
23.225868  468
23.237929  511
23.245106  149
23.258460  151
23.262784  526
23.273027  186
23.285881  193
23.291780  596
23.313085  150
23.321056  147
23.341721  201
23.350071  209
23.359360  234
23.361632  152
23.368448  170
23.379869  246
23.387764  177
23.412785  79
23.428691  65
23.437780  57
23.441765  100
23.450335  173
23.510353  146
23.517590  172
23.533471  173
23.543578  239
23.548362  238
23.558445  181
23.605571  127
23.617738  613
23.649449  156
23.657320  149
23.682338  154
23.687162  151
23.693759  178
23.701490  179
23.706733  205
23.711198  135
23.715623  213
23.741174  171
23.783015  608
23.785727  216
23.828088  617
23.871667  183
23.910822  59
23.937952  152
23.945288  268
23.950971  113
23.969968  252
23.974193  120
23.983022  187
23.996555  125
24.003911  132
24.008775  246
24.018416  512
24.020548  311
24.054512  609
24.074323  622
24.097904  314
24.119373  646
24.132687  337
24.143789  350
24.155465  351
24.178646  369
24.192068  248
24.208743  225
24.213827  148
24.224489  43
24.230287  374
24.238961  375
24.246257  271
24.250902  123
24.253274  194
24.255047  381
24.259871  355
24.261564  373
24.264196  151
24.269004  182
24.271636  201
24.287267  172
24.307317  196
24.313484  184
24.338838  138
24.343123  648
24.385598  242
24.413935  259
24.426335  387
24.431019  389
24.433311  389
24.437436  256
24.439608  397
24.443294  399
24.446345  234
24.450350  310
24.509794  274
24.515201  277
24.519386  737
24.533573  239
24.535366  192
24.551495  279
24.562656  260
24.565288  208
24.567860  349
24.572464  250
24.591810  251
24.599785  273
24.617743  297
24.627611  409
24.640845  265
24.643537  511
24.709455  379
24.723168  407
24.728272  416
24.740611  643
24.776232  319
24.780437  379
24.785701  388
24.787334  381
24.794071  400
24.813719  274
24.831293  360
24.842893  385
24.850478  283
24.853764  366
24.862913  357
24.868611  335
24.876087  386
24.880352  389
24.882005  388
24.887748  402
24.893331  353
24.898230  755
24.900582  362
24.902155  389
24.907418  390
24.914095  386
24.918180  403
24.919953  385
24.934265  383
24.938350  746
24.943054  661
24.951923  401
24.957865  758
24.961076  403
24.983362  427
24.990139  419
25.011528  427
25.025066  428
25.035877  795
25.058507  431
25.075646  432
25.077339  436
25.081544  438
25.086208  444
25.110028  445
25.111861  443
25.116066  440
25.117799  416
25.120111  438
25.129699  405
25.135242  438
25.137834  357
25.140945  436
25.142558  381
25.146663  434
25.160166  434
25.166324  414
25.180261  436
25.183787  415
25.187952  388
25.191977  796
25.208586  400
25.214888  405
25.233871  401
25.238695  400
25.259038  406
25.272572  859
25.282100  202
25.313771  394
25.353597  436
25.360633  422
25.364039  423
25.372014  431
25.427378  420
25.435238  404
25.447498  879
25.454594  410
25.461751  395
25.463884  393
25.472054  407
25.479317  394
25.481969  392
25.489784  385
25.494748  400
25.498933  386
25.501565  393
25.505450  383
25.510474  390
25.525528  383
25.529553  640
25.579002  374
25.584505  373
25.590048  365
25.593254  363
25.601484  337
25.605769  712
25.609035  709
25.611467  336
25.619102  329
25.645063  362
25.652100  360
25.676407  332
25.685336  312
25.689581  326
25.694165  339
25.696837  729
25.713067  329
25.722830  319
25.730170  322
25.733845  822
25.736317  351
25.739883  336
25.747399  662
25.751684  792
25.753342  656
25.762631  328
25.773358  326
25.786971  656
25.793788  324
25.798632  322
25.807202  321
25.812386  320
25.830125  319
25.835009  775
25.845612  311
25.850656  310
25.871487  310
25.895610  310
25.902746  309
25.904419  308
25.915133  300
25.920636  300
25.923168  310
25.924841  310
25.928946  310
25.931458  310
25.935028  282
25.939932  282
25.948511  311
25.953515  310
25.955248  309
25.961310  293
25.964976  300
25.975118  289
25.976851  275
25.981735  777
25.984447  776
26.003085  268
26.028100  265
26.034938  749
26.044826  264
26.072738  246
26.074371  245
26.088778  253
26.090351  251
26.093102  251
26.095574  238
26.098465  236
26.100098  243
26.110749  223
26.149063  224
26.153767  219
26.155820  215
26.162756  198
26.165308  694
26.170312  219
26.174397  218
26.176210  198
26.180954  213
26.194607  202
26.196400  202
26.202917  200
26.209618  218
26.214003  221
26.218308  211
26.237321  210
26.239693  213
26.245631  674
26.290537  207
26.315022  214
26.339857  202
26.379944  218
26.411624  195
26.458004  210
26.460376  713
26.462169  241
26.492318  568
26.507005  567
26.534115  679
26.567215  635
26.578743  166
26.581195  163
26.583108  174
26.585600  140
26.587453  132
26.591498  129
26.596582  125
26.600487  106
26.616692  112
26.634570  587
26.657971  112
26.679217  94
26.693657  114
26.701280  108
26.703812  108
26.705965  120
26.708557  118
26.712742  101
26.716987  99
26.747481  560
26.749993  81
26.765799  65
26.785595  70
26.792792  88
26.796897  73
26.800882  61
26.807959  525
26.839607  93
26.857147  60
26.862830  58
26.867534  50
26.876943  26
26.891216  23
26.906727  29
26.925891  49
26.960042  17
26.965166  56
26.971563  38
26.985798  35
26.993993  32
27.002603  514
27.009640  62
27.012672  60
27.022653  520
27.031837  382
27.066688  513
27.119669  44
27.131072  26
27.134937  36
27.139542  30
27.147952  33
27.164942  47
27.183499  536
27.209587  50
27.254671  75
27.377789  84
27.436919  86
27.461694  80
27.511993  53
27.565587  33
27.588795  63
27.649485  547
27.695361  67
27.705344  62
27.719857  64
27.736901  68
27.797995  77
27.825817  36
27.841028  57
27.857114  71
27.874542  74
27.922790  79
27.927555  58
27.966482  87
27.969134  85
27.973319  543
27.987299  88
28.031332  41
28.042034  85
28.058879  77
28.080464  88
28.089015  78
28.141528  59
28.143581  68
28.147966  45
28.158468  54
28.171662  74
28.180192  65
28.182424  558
28.189421  383
28.203075  415
28.230430  89
28.247750  56
28.313861  56
28.355371  86
28.357204  65
28.378873  74
28.383817  84
28.426147  71
28.433284  422
28.462530  85
28.469946  95
28.472338  92
28.536888  67
28.547059  75
28.548932  89
28.586841  98
28.597388  550
28.600774  91
28.674623  134
28.687128  78
28.717988  93
28.740476  106
28.750120  94
28.781054  57
28.782967  66
28.801413  69
28.807831  69
28.814348  80
28.817794  77
28.835974  565
28.837927  562
28.842092  130
28.851201  556
28.861070  427
28.877671  427
28.889726  584
28.907464  77
28.941057  108
28.950406  116
28.956824  71
28.965714  77
28.970758  81
28.974964  144
28.983573  147
28.992283  67
29.009232  576
29.016788  82
29.032315  115
29.036820  118
29.069593  81
29.071626  78
29.073719  148
29.075352  593
29.091158  119
29.111329  139
29.123249  152
29.142901  152
29.144634  105
29.149059  112
29.176101  94
29.179012  621
29.191212  103
29.199729  129
29.209697  129
29.218866  578
29.246368  144
29.250353  588
29.271111  131
29.289373  86
29.291046  452
29.300264  591
29.331243  160
29.348222  130
29.354080  155
29.376557  157
29.404092  151
29.444862  113
29.460823  77
29.466921  145
29.476369  140
29.483206  123
29.485678  96
29.500118  148
29.519431  158
29.522657  613
29.527861  158
29.538943  504
29.566952  633
29.570618  129
29.629103  131
29.660431  161
29.669308  98
29.671061  114
29.680251  154
29.684157  631
29.693087  134
29.707065  160
29.713063  163
29.723864  615
29.747669  160
29.749322  645
29.765208  143
29.774365  165
29.781622  192
29.787225  156
29.794602  169
29.807976  170
29.828706  173
29.852883  156
29.857348  651
29.876481  175
29.881065  134
29.943676  621
29.947821  162
29.980758  144
29.990721  164
30.000005  172
30.004629  637
30.008734  182
30.033089  173
30.041399  144
30.085642  177
30.093497  157
30.095070  178
30.097741  636
30.133773  139
30.139851  146
30.158944  161
30.166060  157
30.170245  165
30.174330  515
30.206916  167
30.212599  154
30.216764  168
30.228564  520
30.241698  522
30.258510  655
30.293152  178
30.295844  179
30.300648  184
30.313387  179
30.315040  158
30.319724  163
30.350722  143
30.357878  657
30.368368  170
30.381447  171
30.386211  175
30.410346  642
30.414431  149
30.416044  169
30.420788  172
30.423919  138
30.440425  160
30.442458  150
30.458424  173
30.473817  164
30.480474  185
30.492115  182
30.533334  169
30.534927  151
30.543077  170
30.549362  147
30.553987  655
30.596572  637
30.633849  526
30.684857  177
30.696338  176
30.719580  167
30.724943  157
30.763430  168
30.770701  173
30.819616  145
30.869814  171
30.895807  174
30.903183  154
30.912052  176
30.938744  535
30.950304  168
30.952277  646
31.001471  182
31.019970  176
31.029278  172
31.045224  176
31.052660  146
31.084212  185
31.101076  154
31.113663  658
31.116135  163
31.125504  164
31.127876  668
31.150883  184
31.157800  188
31.173470  187
31.176162  206
31.185012  187
31.208873  667
31.211305  667
31.218102  164
31.232463  166
31.281124  642
31.307443  185
31.316280  529
31.330512  158
31.335536  158
31.344645  159
31.348890  188
31.353969  153
31.356561  638
31.365494  186
31.368146  166
31.369344  159
31.373789  149
31.385910  162
31.391314  151
31.407633  652
31.435640  172
31.448454  167
31.473983  123
31.492329  165
31.498227  167
31.509409  149
31.519277  147
31.523742  163
31.526074  162
31.549096  152
31.553441  646
31.555134  135
31.559958  151
31.561891  628
31.587598  517
31.594455  517
31.603134  176
31.639516  155
31.664560  656
31.673090  142
31.677834  141
31.682962  138
31.697637  142
31.729273  653
31.731425  652
31.733258  651
31.751116  179
31.753109  179
31.783535  167
31.801882  174
31.809138  148
31.812864  160
31.815556  168
31.868147  135
31.877616  130
31.885052  635
31.886945  153
31.896414  151
31.907436  590
31.922982  578
31.925474  577
31.930418  116
31.933050  574
31.935402  113
31.941919  85
31.945684  84
31.955852  96
31.959718  114
31.978935  128
31.984953  96
31.995935  109
32.011781  108
32.014433  588
32.042565  110
32.077851  73
32.086991  97
32.093688  100
32.102178  79
32.109914  96
32.130420  105
32.150311  88
32.156773  75
32.158546  582
32.168775  572
32.184441  437
32.192451  94
32.208998  55
32.218892  76
32.232031  73
32.234583  70
32.244032  53
32.249870  52
32.266436  54
32.271440  47
32.299320  552
32.301432  63
32.311195  52
32.329294  33
32.331107  53
32.349798  56
32.352150  388
32.356475  32
32.359666  47
32.366623  41
32.412388  29
32.431964  47
32.434236  28
32.458372  9
32.493384  25
32.495776  527
32.524478  514
32.534701  66
32.545902  48
32.561688  48
32.569958  534
32.623550  525
32.626996  39
32.633100  45
32.645236  43
32.658630  17
32.662895  31
32.697384  517
32.701429  25
32.704754  21
32.721619  382
32.733001  46
32.738979  32
32.759139  43
32.760812  39
32.774550  43
32.790877  27
32.808001  27
32.812965  27
32.862925  42
32.875380  35
32.885148  16
32.889154  377
32.897744  512
32.900096  496
32.903922  28
32.910619  25
32.920028  50
32.950411  23
32.988663  0
33.017651  44
33.031025  503
33.036109  505
33.038082  39
33.048605  17
33.091952  36
33.115827  35
33.155949  33
33.172969  35
33.179507  32
33.209375  12
33.215513  0
33.223983  9
33.228168  506
33.258943  34
33.334298  25
33.369538  525
33.383827  51
33.420220  375
33.430088  22
33.472114  7
33.494847  30
33.512426  28
33.564398  497
33.582136  15
33.588673  491
33.591225  34
33.597942  9
33.607811  34
33.620291  24
33.627902  22
33.780277  35
33.792517  52
33.863776  10
33.866388  28
33.892061  509
33.902137  24
33.908334  12
33.919775  505
33.941211  30
33.949521  369
33.965588  500
33.967720  32
33.969793  13
33.988964  2
33.999846  483
34.057826  13
34.062870  0
34.077157  477
34.082835  475
34.097228  2
34.098801  0
34.103030  17
34.125222  9
34.135924  11
34.140968  9
34.145972  359
34.152809  0
34.154562  495
34.187336  0
34.222222  12
34.229278  12
34.278425  0
34.281831  493
34.430163  18
34.453063  23
34.463510  359
34.469253  1
34.476829  492
34.479980  6
34.489208  32
34.525274  19
34.597329  19
34.599082  17
34.610623  0
34.616346  17
34.645051  8
34.647563  7
34.651388  6
34.654399  21
34.663848  490
34.666520  490
34.689430  28
34.714879  11
34.738401  17
34.746711  0
34.753048  17
34.758986  12
34.784979  1
34.818338  11
34.844934  20
34.861483  2
34.903207  16
34.914328  4
34.947894  15
34.958541  504
34.975465  359
34.981323  0
34.984489  489
34.987700  4
35.023829  10
35.027894  5
35.052890  0
35.064032  5
35.080932  0
35.098013  4
35.105229  0
35.123108  463
35.131338  0
35.136082  0
35.140227  478
35.146812  6
35.159127  477
35.177406  6
35.179738  3
35.219220  0
35.221293  0
35.233908  0
35.276278  450
35.301220  300
35.308990  296
35.362239  417
35.376073  404
35.389706  0
35.398756  270
35.407625  0
35.411311  0
35.534958  375
35.570335  392
35.598477  0
35.703370  248
35.777231  387
35.874911  379
35.933566  358
36.122770  1
36.125082  250
36.217934  250
36.226604  1
36.264043  7
36.270201  25
36.342677  10
36.382733  18
36.388831  389
36.395308  0
36.434171  2
36.460920  16
36.488387  24
36.518247  25
36.544224  27
36.570793  28
36.618467  3
36.620300  390
36.626986  6
36.631970  9
36.654435  251
36.665531  17
36.694945  40
36.779660  26
36.787930  32
36.805597  27
36.810262  3
36.812534  11
36.814227  383
36.824490  35
36.834917  408
36.837050  26
36.843768  26
36.858142  26
36.862547  388
36.874148  262
36.878294  411
36.886464  29
36.920045  36
36.948986  42
36.962439  4
36.970195  21
36.974640  43
36.980159  29
37.000418  41
37.052826  69
37.066914  17
37.079893  412
37.113338  21
37.129202  29
37.159617  35
37.161450  36
37.163742  40
37.170299  9
37.177236  42
37.189385  81
37.216767  20
37.234906  56
37.241364  43
37.276328  52
37.289048  79
37.296844  49
37.300969  20
37.304834  405
37.309658  87
37.313823  18
37.315736  417
37.322533  443
37.325005  45
37.335887  51
37.340212  46
37.355220  57
37.361178  420
37.374332  429
37.379276  47
37.397708  50
37.399281  90
37.408071  65
37.440725  75
37.448461  45
37.456331  87
37.461135  95
37.463667  23
37.473977  71
37.475830  47
37.538265  478
37.541611  45
37.552094  87
37.565488  100
37.575851  480
37.580076  284
37.596009  28
37.597962  35
37.602347  33
37.628637  85
37.633062  77
37.645818  74
37.650163  21
37.668282  298
37.676512  94
37.678145  50
37.743733  89
37.749376  93
37.782030  79
37.795045  103
37.806670  411
37.823758  74
37.829876  96
37.835484  451
37.841388  488
37.843141  84
37.862897  76
37.865409  95
37.871906  94
37.878284  105
37.901175  430
37.907252  471
37.911557  92
37.920421  110
37.935952  92
37.946969  111
37.987450  108
38.009154  72
38.021375  91
38.030944  130
38.053226  113
38.072582  494
38.087149  135
38.108179  473
38.110252  517
38.115711  518
38.124851  511
38.127962  82
38.129895  80
38.154922  98
38.157574  108
38.161559  112
38.165924  98
38.171822  104
38.186649  343
38.194859  103
38.200837  113
38.210964  120
38.215129  114
38.262768  98
38.266653  114
38.273490  109
38.339775  117
38.342447  121
38.348924  95
38.353229  120
38.355601  476
38.357833  119
38.361898  108
38.364390  114
38.370887  115
38.373179  130
38.386992  108
38.399173  352
38.410095  128
38.424343  503
38.428168  110
38.434945  107
38.501353  119
38.549015  94
38.554359  122
38.558364  125
38.564167  109
38.569315  484
38.584467  124
38.587558  119
38.648985  114
38.659895  513
38.664679  523
38.666252  113
38.717084  359
38.722147  128
38.725298  365
38.732355  114
38.737079  124
38.748680  125
38.859121  125
38.861413  524
38.870362  129
38.875246  111
38.877059  133
38.886108  122
38.899626  121
38.905229  115
38.910652  520
38.924226  371
38.930723  116
38.937000  125
38.950039  121
38.958789  131
38.961261  120
38.970170  507
38.988189  117
39.001523  119
39.015631  123
39.031737  123
39.051808  133
39.073161  127
39.079858  131
39.095673  126
39.104267  489
39.119873  126
39.124518  129
39.129442  128
39.147819  120
39.149512  131
39.184255  523
39.190513  116
39.194438  522
39.199242  113
39.206813  118
39.225361  127
39.232138  119
39.255245  130
39.260209  127
39.271410  134
39.275695  133
39.280359  130
39.287196  119
39.332088  123
39.378733  117
39.387442  520
39.392186  127
39.398703  112
39.405000  110
39.413534  486
39.416006  115
39.422583  125
39.427307  123
39.428920  114
39.433804  125
39.437949  514
39.439682  120
39.456307  123
39.508254  510
39.534547  123
39.594527  120
39.606327  112
39.610492  125
39.614537  112
39.616410  122
39.618622  478
39.622827  496
39.631209  109
39.633661  107
39.640358  108
39.644243  356
39.655419  99
39.657300  105
39.679663  488
39.696986  84
39.702030  496
39.705396  94
39.716382  98
39.721900  95
39.734914  93
39.737526  93
39.749087  102
39.755145  344
39.756758  93
39.771250  99
39.778546  84
39.823472  88
39.864233  475
39.865806  470
39.876069  89
39.877682  331
39.882067  71
39.890797  445
39.897354  87
39.904071  80
39.911942  88
39.913855  76
39.918719  90
39.925256  87
39.944057  73
39.945790  81
39.952407  80
39.957012  86
39.959424  83
39.962056  70
39.964049  80
39.969073  76
39.976050  459
39.985420  458
40.014369  79
40.048978  80
40.080106  84
40.081719  92
40.107568  472
40.115623  467
40.117855  84
40.124472  464
40.130889  71
40.177549  67
40.182074  69
40.197102  79
40.204119  81
40.206731  79
40.224810  62
40.240696  71
40.249526  64
40.290817  85
40.301359  77
40.319353  84
40.357551  63
40.363369  437
40.367674  71
40.373217  61
40.379794  64
40.384579  62
40.388844  459
40.390577  77
40.395241  69
40.399506  317
40.414354  61
40.420372  67
40.426749  74
40.428462  74
40.430934  59
40.435059  61
40.441736  446
40.448613  444
40.485364  70
40.515586  59
40.517918  54
40.532245  53
40.533958  52
40.535991  65
40.553591  37
40.557756  439
40.564053  46
40.565686  52
40.567259  51
40.593667  40
40.611654  430
40.621956  437
40.633237  46
40.644979  49
40.648664  39
40.667657  288
40.672036  36
40.676461  44
40.692247  33
40.696432  32
40.714857  43
40.735213  50
40.748828  41
40.768380  35
40.778903  423
40.787613  17
40.798136  397
40.802821  37
40.804674  416
40.811231  31
40.815656  26
40.820061  420
40.822533  21
40.824166  29
40.833535  279
40.845751  25
40.856434  35
40.861119  24
40.874473  412
40.885156  22
40.916031  28
40.921929  35
40.924061  22
40.945025  26
40.951143  30
40.968703  29
40.975040  32
40.979904  31
40.997324  25
40.998997  29
41.005554  394
41.010119  29
41.026819  422
41.029091  427
41.030804  17
41.137054  45
41.138947  48
41.267355  21
41.272458  32
41.278276  440
41.289159  49
41.312317  28
41.323320  44
41.330357  57
41.342238  413
41.346683  60
41.353540  415
41.401374  26
41.422640  31
41.437373  55
41.461306  59
41.467883  76
41.471868  52
41.498431  57
41.502396  30
41.514851  82
41.526751  85
41.535621  285
41.538313  56
41.549455  308
41.556666  47
41.566534  43
41.574724  87
41.600858  89
41.627208  51
41.628961  62
41.714345  35
41.726381  81
41.740594  84
41.757067  47
41.768089  91
41.777279  65
41.786249  78
41.794759  62
41.802749  73
41.808847  100
41.815005  92
41.837018  72
41.841882  44
41.854177  121
41.860994  92
41.867072  70
41.877955  49
41.883993  88
41.902914  70
41.911304  63
41.919494  80
41.929342  88
41.940703  66
41.957069  77
41.961734  85
41.970065  110
41.972038  113
41.985392  114
41.989178  126
41.991550  45
42.003331  111
42.009009  81
42.020909  51
42.025374  128
42.030058  112
42.043153  50
42.045654  131
42.060197  132
42.067293  122
42.071119  63
42.072792  115
42.074685  123
42.087700  113
42.096750  105
42.102748  120
42.114738  137
42.116551  92
42.118963  94
42.120876  134
42.131698  67
42.173535  78
42.175428  118
42.181905  89
42.236189  77
42.249605  79
42.251298  110
42.262620  126
42.268098  70
42.269691  57
42.296127  129
42.304777  108
42.326941  114
42.330467  59
42.335372  130
42.338024  118
42.353828  125
42.357673  103
42.361938  133
42.366323  133
42.382017  124
42.392521  95
42.394354  121
42.399178  119
42.409801  154
42.418351  132
42.424329  139
42.427001  135
42.436769  81
42.449404  153
42.464232  129
42.473061  133
42.478005  124
42.490707  125
42.508546  113
42.522080  151
42.523993  132
42.538765  145
42.555277  132
42.559722  161
42.576912  126
42.578565  104
42.586269  120
42.603592  153
42.608656  117
42.625022  160
42.627274  128
42.638636  159
42.644833  160
42.646686  150
42.656255  117
42.664085  120
42.682763  161
42.734660  153
42.736473  136
42.738605  160
42.745002  116
42.806735  144
42.821029  157
42.825734  139
42.829859  119
42.846239  160
42.860851  162
42.867088  137
42.870319  152
42.884292  155
42.886764  152
42.890829  152
42.893002  140
42.921079  138
42.945375  132
42.952691  147
42.958429  158
42.965366  157
42.980783  157
42.998422  131
43.011942  159
43.019088  140
43.025645  141
43.028636  151
43.044382  160
43.058822  164
43.068091  153
43.077220  153
43.109335  168
43.119242  164
43.121654  168
43.126019  153
43.150413  143
43.159909  153
43.169657  159
43.171250  168
43.175275  171
43.189312  152
43.199879  176
43.205003  164
43.211880  174
43.227319  154
43.262556  160
43.267260  175
43.314195  158
43.319199  151
43.357838  169
43.373424  166
43.387457  167
43.389729  164
43.396187  157
43.400033  159
43.405137  158
43.407709  157
43.416858  152
43.434856  149
43.466827  156
43.483212  149
43.501370  161
43.511992  163
43.517330  152
43.519862  160
43.523188  159
43.536118  154
43.558790  162
43.562875  160
43.582870  153
43.586975  154
43.590565  164
43.592338  169
43.629181  156
43.638069  157
43.650389  159
43.667133  159
43.677121  151
43.679373  152
43.680272  150
43.688407  145
43.706949  155
43.713945  156
43.715758  148
43.742178  160
43.750568  154
43.752760  153
43.755811  151
43.760016  150
43.766422  158
43.769014  156
43.770652  155
43.773204  146
43.782573  150
43.787197  150
43.796206  143
43.798798  142
43.803263  147
43.809840  144
43.814444  155
43.821960  154
43.857197  141
43.858810  137
43.861222  137
43.865767  137
43.896133  126
43.908836  138
43.920158  134
43.925976  118
43.930440  121
43.936798  113
43.940863  102
43.959221  116
43.971616  104
43.978033  108
43.980106  107
43.991476  99
44.020045  109
44.021718  113
44.024030  109
44.028395  108
44.033279  109
44.039956  108
44.042648  113
44.045200  106
44.047512  115
44.058734  114
44.063366  113
44.070343  106
44.098198  108
44.105055  121
44.110418  122
44.127043  111
44.138664  104
44.145341  103
44.156882  101
44.169198  99
44.182197  103
44.184349  104
44.193658  96
44.207334  99
44.215484  101
44.220148  97
44.224340  108
44.230438  99
44.232291  92
44.238808  99
44.243573  88
44.246065  95
44.247263  94
44.248856  91
44.251488  88
44.253940  86
44.255653  75
44.270280  83
44.282280  74
44.295334  84
44.297187  83
44.299739  79
44.302490  83
44.341162  92
44.345847  87
44.351111  90
44.355575  90
44.402134  74
44.412524  83
44.415136  71
44.425244  71
44.479939  68
44.492375  72
44.497040  66
44.498673  73
44.503397  65
44.508341  64
44.510054  69
44.517131  73
44.554522  50
44.564131  58
44.570289  65
44.574994  66
44.585477  59
44.598192  55
44.618862  59
44.621134  56
44.629484  57
44.638188  54
44.658288  49
44.673314  50
44.680490  45
44.691812  39
44.710491  62
44.712124  49
44.714336  57
44.725218  50
44.768970  68
44.814251  67
44.871235  59
44.886891  57
44.953518  63
44.959376  66
44.966133  52
44.971137  55
45.009348  50
45.011501  47
45.025868  54
45.035297  47
45.044940  41
45.064722  52
45.067374  45
45.081029  49
45.100361  49
45.177606  62
45.179259  69
45.198326  70
45.225352  62
45.243810  60
45.291403  53
45.358702  77
45.376754  80
45.455866  63
45.460710  64
45.567858  62
45.607388  75
45.623215  66
45.630092  70
45.639836  53
45.653851  76
45.682902  73
45.715216  70
45.728551  64
45.734989  71
45.744765  76
45.755167  70
45.778031  78
45.799456  68
45.807966  68
45.871327  79
45.887887  81
45.902256  97
45.954734  74
45.970661  82
46.013795  82
46.022125  72
46.045723  111
46.062129  76
46.066235  51
46.076677  69
46.114741  112
46.132340  60
46.141424  83
46.147861  62
46.150014  68
46.154479  57
46.170465  62
46.176862  77
46.181007  111
46.187165  119
46.188858  85
46.193343  121
46.199340  87
46.208210  55
46.210103  71
46.217419  121
46.252279  97
46.256344  90
46.258936  88
46.276576  88
46.332546  96
46.335952  63
46.378881  83
46.408082  62
46.415059  117
46.426920  84
46.444659  105
46.466469  105
46.488787  109
46.490740  116
46.494705  93
46.521418  98
46.535132  98
46.542129  106
46.556916  108
46.577082  105
46.587505  124
46.594922  68
46.596695  73
46.598708  112
46.615708  105
46.642096  115
46.654951  117
46.674643  112
46.683612  120
46.686304  118
46.694614  110
46.708407  127
46.719294  67
46.730257  109
46.732429  114
46.741338  106
46.749408  119
46.780681  124
46.789630  120
46.805975  95
46.820420  116
46.823631  109
46.862021  117
46.884245  120
46.899032  116
46.917376  108
46.921702  125
46.939426  126
46.942038  111
46.954952  128
46.975661  118
47.010074  111
47.028153  124
47.049982  130
47.057159  114
47.063756  119
47.080002  126
47.093455  125
47.119227  132
47.125984  128
47.127797  128
47.129969  124
47.136965  106
47.140720  118
47.142932  124
47.200022  131
47.216187  112
47.224477  129
47.237611  113
47.251352  138
47.256536  128
47.259926  147
47.262438  117
47.269115  128
47.275832  138
47.279298  121
47.286693  135
47.326999  131
47.332482  128
47.337466  130
47.358360  116
47.402823  123
47.451537  128
47.491503  135
47.513586  132
47.538128  123
47.550963  133
47.561051  128
47.563663  134
47.572292  138
47.581201  132
47.590097  123
47.611761  132
47.652243  136
47.660614  139
47.663246  139
47.669523  125
47.674048  123
47.675761  131
47.700516  124
47.709505  117
47.728956  133
47.734279  132
47.742174  130
47.749630  124
47.754095  131
47.757840  126
47.760631  117
47.771553  129
47.773725  129
47.775518  128
47.778569  120
47.789840  120
47.796477  120
47.799588  131
47.850383  132
47.870694  135
47.874659  133
47.891064  117
47.897162  129
47.928853  124
47.930446  122
47.942012  110
47.954167  113
47.967924  114
47.973747  107
47.980608  124
47.997407  114
48.014850  100
48.019295  107
48.045643  96
48.053259  104
48.062808  105
48.068466  104
48.073530  106
48.089203  113
48.097960  94
48.144878  106
48.157732  103
48.163255  101
48.173618  96
48.175351  86
48.216813  104
48.265505  106
48.267697  98
48.273120  105
48.284422  107
48.286335  87
48.290480  104
48.295245  97
48.297378  93
48.308780  97
48.354406  91
48.358771  95
48.380695  82
48.417589  87
48.419422  88
48.431303  78
48.442769  86
48.453531  75
48.455144  71
48.463019  84
48.467492  98
48.482084  90
48.530447  80
48.547467  88
48.550059  83
48.567839  79
48.572563  73
48.576728  71
48.586835  78
48.608559  76
48.622992  84
48.635388  80
48.641645  78
48.650375  60
48.669969  55
48.676886  66
48.687469  67
48.701764  60
48.709894  71
48.711927  58
48.720797  53
48.725681  58
48.729726  67
48.732278  64
48.743726  67
48.747931  52
48.754468  49
48.758953  58
48.764711  55
48.768996  54
48.783609  63
48.805795  44
48.810120  50
48.819688  44
48.826245  40
48.839838  51
48.907984  64
48.930646  72
48.932719  63
48.950390  71
49.083609  76
49.087894  69
49.090046  67
49.096863  68
49.098996  67
49.137640  59
49.143938  57
49.171965  42
49.181695  54
49.191284  59
49.201267  63
49.203440  48
49.212150  53
49.217588  48
49.247556  41
49.254373  47
49.285307  41
49.322561  45
49.364895  52
49.370753  40
49.372506  41
49.379737  45
49.389277  59
49.402312  61
49.407356  59
49.514193  50
49.554553  68
49.576524  68
49.582782  60
49.780114  46
49.801088  37
49.810557  33
49.816475  37
49.818687  37
49.827158  39
49.833016  44
49.834849  46
49.836842  43
49.852963  49
49.860619  44
49.872421  44
49.914651  50
49.933904  45
49.940242  47
49.958202  36
50.003244  61
50.045554  62
50.054504  64
50.086791  61
50.101778  73
50.106722  59
50.125994  64
50.138629  46
50.153216  63
50.160632  45
50.194672  57
50.266843  46
50.270708  64
50.311466  39
50.320595  52
50.350430  70
50.438310  65
50.464165  49
50.472562  50
50.483144  76
50.519572  86
50.538755  52
50.545832  93
50.551483  93
50.553076  96
50.561545  58
50.573821  103
50.591487  74
50.645407  65
50.652024  75
50.658422  75
50.663167  64
50.711499  77
50.715724  67
50.781131  107
50.784857  76
50.794666  65
50.822690  68
50.828748  51
50.840030  100
50.846308  63
50.848301  81
50.877917  104
50.885977  82
50.893712  105
50.905652  107
50.925013  56
50.941518  86
50.958238  108
50.967428  48
50.993202  84
51.004623  67
51.010728  71
51.017625  87
51.019538  86
51.037757  95
51.050297  112
51.052010  75
51.060759  124
51.064645  133
51.071382  59
51.080235  143
51.089623  128
51.091816  118
51.098201  144
51.099794  144
51.134143  125
51.148396  110
51.175584  108
51.183594  98
51.193202  111
51.203450  101
51.208394  73
51.210287  115
51.225614  123
51.236416  133
51.241759  117
51.255154  79
51.313477  97
51.328050  119
51.332415  75
51.334088  131
51.339172  124
51.348795  107
51.363073  113
51.367717  86
51.369470  119
51.378498  120
51.392890  119
51.396815  143
51.411448  140
51.418265  143
51.440668  110
51.461933  134
51.467931  118
51.506439  133
51.524709  139
51.554739  141
51.557311  130
51.562036  133
51.567554  144
51.581212  145
51.594866  115
51.606347  126
51.612085  154
51.621933  162
51.644336  105
51.654165  146
51.658470  162
51.667059  148
51.669291  139
51.697912  134
51.707201  124
51.757190  134
51.785891  146
51.816213  125
51.825402  151
51.853320  149
51.899137  136
51.900990  149
51.905754  168
51.932147  128
51.936392  127
51.942130  145
51.964523  156
51.969227  165
51.986251  141
51.998526  168
52.005682  172
52.009807  178
52.015330  151
52.017642  170
52.062993  150
52.080353  143
52.088962  142
52.130744  160
52.148442  179
52.152387  149
52.163329  140
52.167374  150
52.171719  173
52.177362  173
52.182007  159
52.186312  175
52.193228  171
52.202197  180
52.204369  182
52.216749  177
52.220674  184
52.228170  184
52.241492  184
52.246076  183
52.251135  159
52.260503  161
52.278441  160
52.289263  153
52.316275  173
52.319086  170
52.330887  164
52.333359  167
52.336530  169
52.339242  159
52.351502  165
52.363323  176
52.365695  172
52.367888  152
52.390880  153
52.393132  176
52.440426  172
52.466667  170
52.468420  162
52.471591  167
52.478575  164
52.501982  158
52.508659  159
52.513763  160
52.519266  164
52.528835  164
52.549545  179
52.566448  180
52.628555  170
52.636245  171
52.653945  165
52.676340  162
52.679052  162
52.681165  157
52.694959  165
52.700078  146
52.709467  154
52.725201  155
52.735324  165
52.737217  165
52.744053  162
52.750011  158
52.751604  161
52.774379  161
52.790213  155
52.792805  161
52.798923  155
52.801495  148
52.814011  152
52.839225  162
52.845312  151
52.863864  156
52.871460  156
52.873992  156
52.894282  159
52.896275  149
52.911722  159
52.917840  157
52.927388  165
52.929820  158
52.947251  159
52.976964  152
53.012502  143
53.015174  142
53.020058  139
53.021711  152
53.024063  131
53.054277  132
53.056869  134
53.059062  135
53.070383  131
53.083764  139
53.086336  127
53.111850  133
53.120280  128
53.134948  128
53.147963  121
53.170741  112
53.196614  119
53.201718  110
53.208894  125
53.210707  121
53.220535  120
53.222827  108
53.238034  103
53.242778  103
53.252167  116
53.253740  120
53.255373  119
53.260217  119
53.279628  121
53.282120  119
53.294688  126
53.303778  111
53.310395  121
53.312588  116
53.323275  112
53.325807  115
53.336150  120
53.360962  123
53.365287  116
53.379436  117
53.401938  98
53.429186  110
53.443594  114
53.451724  109
53.472266  118
53.511057  97
53.515522  95
53.517095  101
53.519367  94
53.524239  96
53.551394  91
53.558710  92
53.578007  100
53.580359  86
53.585807  93
53.604120  96
53.612430  94
53.628085  92
53.629938  94
53.647209  98
53.684905  107
53.730371  98
53.733602  96
53.740739  99
53.742911  103
53.744624  97
53.746277  96
53.755306  100
53.771081  107
53.785494  106
53.807224  101
53.827475  105
53.835233  116
53.889832  111
53.933815  102
53.938644  104
53.952217  94
53.954529  95
53.956142  88
53.957835  83
54.006507  91
54.010832  90
54.017409  87
54.045897  84
54.055207  87
54.090179  91
54.118933  95
54.121063  94
54.124309  75
54.131605  85
54.141178  90
54.157045  77
54.175998  76
54.196409  75
54.199815  68
54.205039  61
54.209164  56
54.213968  56
54.220046  62
54.222218  65
54.229509  63
54.239931  61
54.242084  52
54.246808  66
54.258247  66
54.259532  64
54.268981  57
54.284948  59
54.292631  56
54.294784  51
54.296617  55
54.303076  58
54.305788  48
54.336234  51
54.337967  50
54.340160  52
54.365156  45
54.400114  45
54.408404  53
54.412589  50
54.414322  51
54.455130  47
54.459175  44
54.461068  49
54.463680  43
54.465972  45
54.494649  51
54.503443  40
54.507358  44
54.580124  49
54.587061  51
54.591326  46
54.619536  41
54.638536  45
54.644434  41
54.646806  33
54.651091  41
54.655197  35
54.661615  39
54.667160  43
54.669053  43
54.679816  30
54.688046  47
54.712702  40
54.735086  35
54.739591  42
54.747401  34
54.781487  40
54.785592  40
54.791990  36
54.969184  38
54.974068  33
55.000797  45
55.077532  42
55.092090  36
55.098068  29
55.102832  32
55.120695  34
55.159900  39
55.164185  30
55.166138  44
55.172136  41
55.186964  46
55.220051  38
55.224156  33
55.227602  32
55.247333  30
55.260288  24
55.280130  29
55.286348  24
55.294918  31
55.301376  32
55.305901  34
55.310046  40
55.320569  30
55.348991  33
55.351543  35
55.358220  34
55.368231  36
55.657235  47
55.670429  64
55.724806  42
55.732776  39
55.737061  45
55.754082  27
55.767456  56
55.828170  34
55.833988  63
55.847249  38
55.877003  65
55.894562  60
55.918020  47
55.928663  59
55.963957  66
55.966010  66
56.039253  65
56.054480  78
56.060238  55
56.083716  65
56.100997  48
56.113297  42
56.153081  52
56.178711  75
56.182381  71
56.186886  67
56.193664  66
56.198309  71
56.223164  76
56.225037  71
56.247461  59
56.263508  70
56.281901  64
56.296029  60
56.337769  74
56.346380  77
56.348513  72
56.353666  74
56.394399  72
56.411743  56
56.413396  76
56.454895  71
56.475786  91
56.484815  73
56.496048  66
56.506430  91
56.547885  82
56.556015  83
56.583125  84
56.602046  100
56.617840  83
56.634799  83
56.647554  77
56.663241  112
56.680322  102
56.686799  66
56.693416  80
56.722204  85
56.727108  86
56.733526  94
56.754384  90
56.771269  88
56.783389  86
56.785521  71
56.789646  102
56.793751  78
56.799769  103
56.801362  100
56.807280  87
56.832176  93
56.843498  66
56.859659  79
56.879471  122
56.883796  100
56.888620  76
56.904548  114
56.942079  98
56.946424  116
56.968728  122
57.002752  118
57.007037  123
57.025556  97
57.035619  107
57.037532  96
57.047081  134
57.077694  84
57.080545  68
57.092026  113
57.100815  121
57.106973  100
57.113310  115
57.124392  96
57.128337  103
57.138313  125
57.142458  109
57.195721  113
57.208756  125
57.215613  123
57.217186  139
57.236151  125
57.249003  104
57.260585  140
57.263057  109
57.274479  126
57.288611  145
57.300631  118
57.308609  149
57.313573  140
57.321763  143
57.342964  124
57.349321  145
57.350994  148
57.354225  141
57.355878  124
57.359943  67
57.365151  125
57.367084  125
57.382410  133
57.404100  124
57.410977  129
57.431482  149
57.440371  145
57.442244  119
57.448741  147
57.465412  144
57.494454  112
57.498679  143
57.500472  140
57.506090  129
57.537496  137
57.551010  141
57.553162  158
57.555394  152
57.566990  96
57.573966  153
57.585711  132
57.587344  134
57.588937  146
57.638079  150
57.643123  97
57.650719  156
57.672933  153
57.680050  159
57.690332  137
57.708399  149
57.735605  158
57.738117  141
57.757309  149
57.772480  158
57.788755  147
57.811142  150
57.812755  154
57.849167  150
57.856111  159
57.858623  164
57.865699  158
57.869065  153
57.871417  157
57.873250  156
57.877295  156
57.891108  149
57.892761  161
57.905381  155
57.920776  152
57.924701  120
57.926414  149
57.976835  159
57.980980  155
57.989010  156
58.003702  159
58.005315  153
58.073280  153
58.091953  153
58.098330  150
58.099963  150
58.117426  148
58.128093  156
58.165769  158
58.171827  154
58.191838  151
58.195863  143
58.208151  148
58.219293  143
58.227628  151
58.242215  143
58.259679  153
58.261332  142
58.264143  148
58.271387  142
58.285360  142
58.291278  141
58.298275  141
58.313023  159
58.320379  151
58.350537  155
58.354582  161
58.381956  155
58.391499  153
58.406280  146
58.407933  146
58.420118  152
58.431140  137
58.460282  152
58.477267  147
58.479420  146
58.483964  148
58.492593  143
58.518550  144
58.524967  143
58.526540  148
58.558339  139
58.571578  151
58.597531  132
58.608053  150
58.642997  150
58.646068  148
58.661119  139
58.674074  136
58.676386  151
58.719979  143
58.733173  140
58.743895  130
58.760895  130
58.773977  141
58.777563  126
58.791537  139
58.793450  136
58.795742  133
58.799767  125
58.801360  117
58.809870  113
58.822165  111
58.853362  122
58.855415  121
58.857008  116
58.863765  129
58.877518  132
58.879710  125
58.890632  125
58.892964  125
58.897649  124
58.900321  130
58.923231  133
58.937285  127
58.943043  127
58.969573  113
58.973618  97
58.975631  107
58.979985  98
58.984250  101
59.018520  106
59.023125  100
59.027430  101
59.052126  106
59.063368  92
59.072397  104
59.097860  88
59.107009  104
59.111394  92
59.119684  89
59.127734  86
59.135310  87
59.137822  76
59.145593  79
59.154403  73
59.158928  82
59.178361  83
59.199414  79
59.201706  82
59.230328  76
59.241950  78
59.256163  70
59.267869  83
59.272074  56
59.280803  57
59.326136  66
59.330601  69
59.334806  62
59.344534  70
59.346966  63
59.353323  61
59.364771  68
59.389289  65
59.400251  60
59.405435  60
59.407508  59
59.426828  54
59.432071  53
59.436336  62
59.449391  60
59.453836  64
59.460713  74
59.489483  62
59.493828  55
59.495921  63
59.512411  40
59.514064  47
59.517590  48
59.549504  34
59.553249  51
59.579219  49
59.588555  40
59.597784  35
59.602568  38
59.631150  35
59.633243  31
59.640020  31
59.642153  36
59.662885  33
59.667030  29
59.701597  35
59.709887  48
59.711760  27
59.723581  36
59.755468  45
59.765831  41
59.776513  49
59.779105  42
59.803602  35
59.805355  44
59.809680  36
59.831426  41
59.842069  40
59.859788  26
59.866625  40
59.872383  34
59.897687  28
59.901333  46
59.921465  40
59.949987  29
59.974004  32
59.980841  21
