# t(s) QueuingDelay(ms)
10.158126  0
10.180225  0
10.209635  8
10.218705  8
10.221277  10
10.243779  13
10.261158  12
10.270227  25
10.295757  29
10.309774  25
10.315652  30
10.323129  40
10.331999  32
10.338317  47
10.346986  57
10.350332  44
10.392982  54
10.402716  45
10.415531  46
10.420835  63
10.440128  63
10.442640  58
10.466997  58
10.493187  76
10.495220  86
10.510087  71
10.525734  92
10.615098  98
10.623829  75
10.637643  79
10.668058  107
10.672363  122
10.686058  122
10.691596  15
10.693908  183
10.700346  172
10.713012  219
10.715185  25
10.716758  181
10.719350  226
10.728539  211
10.745978  232
10.753030  228
10.754843  43
10.764890  238
10.782948  243
10.794630  256
10.811890  266
10.826498  241
10.830963  40
10.833455  244
10.837280  275
10.855959  278
10.867421  256
10.870967  286
10.885654  284
10.893105  286
10.900696  304
10.914041  299
10.931441  323
10.933913  299
10.953097  325
10.961307  336
10.978348  307
10.985545  321
10.996608  333
10.999280  47
11.022484  322
11.036830  76
11.047673  109
11.063527  130
11.072682  150
11.100612  156
11.159627  340
11.166904  1
11.172622  344
11.188903  395
11.195680  405
11.206142  266
11.208175  405
11.217384  160
11.244843  175
11.259280  274
11.268509  417
11.272774  281
11.279192  289
11.287402  417
11.288995  288
11.299725  424
11.320097  425
11.415384  187
11.418095  8
11.431569  199
11.443625  25
11.445937  260
11.461678  29
11.492910  268
11.506130  273
11.512667  281
11.538417  320
11.554803  79
11.561360  98
11.570864  287
11.575189  109
11.581766  282
11.610778  170
11.652803  355
11.663401  284
11.669339  373
11.684327  388
11.686460  374
11.691065  389
11.693557  384
11.700295  396
11.708765  381
11.713190  292
11.770108  302
11.785016  384
11.803744  12
11.905756  196
11.923576  20
11.933145  203
11.941336  36
11.974523  309
11.976416  206
11.981500  105
11.992003  330
12.001511  342
12.006256  135
12.027501  398
12.036171  140
12.052662  468
12.069567  475
12.071520  165
12.091732  184
12.103988  510
12.156066  409
12.170006  222
12.174171  519
12.180069  236
12.184334  531
12.195227  266
12.199592  536
12.210055  375
12.226935  539
12.231499  381
12.244454  542
12.247106  3
12.261793  398
12.265279  390
12.294655  550
12.304523  561
12.310461  574
12.322541  574
12.347604  517
12.361597  416
12.370112  416
12.381254  568
12.383247  585
12.393216  628
12.433135  637
12.501266  394
12.555904  396
12.630163  186
12.634228  648
12.636261  410
12.664564  210
12.684335  437
12.702075  224
12.716743  366
12.754721  372
12.777958  577
12.827026  583
12.843132  651
12.897445  652
12.942333  460
12.950343  467
12.961145  688
12.963258  653
12.971868  17
12.977747  498
12.988649  697
12.999152  716
13.003297  710
13.027626  713
13.030038  499
13.052657  519
13.066426  716
13.109800  171
13.113086  646
13.122570  185
13.159171  655
13.173939  735
13.202381  6
13.214977  21
13.232096  706
13.242339  61
13.257947  505
13.285987  1
13.439521  384
13.531078  386
13.607901  439
13.622628  435
13.695778  25
13.708881  28
13.721547  50
13.737879  78
13.750154  523
13.786248  700
13.790314  742
13.808253  545
13.854504  562
13.863194  584
13.876249  710
13.882507  702
13.897934  278
13.953511  744
13.985360  342
14.006612  66
14.008205  788
14.037315  801
14.039487  8
14.048404  75
14.051116  711
14.063892  787
14.070429  425
14.072182  25
14.086837  816
14.159401  81
14.165578  58
14.334810  585
14.376424  484
14.415069  596
14.439906  600
14.515102  78
14.581661  139
14.588561  143
14.659269  497
14.700207  509
14.702260  839
14.761646  524
14.778545  648
14.787075  648
14.811626  660
14.822848  434
14.835644  770
14.870135  781
14.880141  776
14.888631  823
14.914534  145
14.939394  155
14.948503  69
14.965902  215
14.986380  853
15.002980  233
15.017482  124
15.032310  579
15.034383  696
15.038088  863
15.044825  235
15.096835  581
15.142229  240
15.168929  874
15.184037  680
15.315740  597
15.338769  601
15.347661  616
15.425611  684
15.452488  696
15.504406  751
15.543755  173
15.569587  183
15.589379  243
15.606098  253
15.659996  6
15.686539  23
15.768283  268
15.781717  280
15.900351  540
15.923184  241
15.937416  242
15.960097  160
15.978172  249
15.993878  770
16.028249  871
16.137903  786
16.176316  821
16.205563  826
16.260734  634
16.322212  337
16.340990  670
16.352710  1016
16.377683  344
16.415484  1049
16.466659  369
16.633162  286
16.702122  671
16.733384  397
16.739651  669
16.776164  406
16.801184  423
16.831501  337
16.915877  1234
17.014348  672
17.019399  680
17.028787  676
17.045092  182
17.210280  547
17.224792  552
17.233441  772
17.241536  880
17.245489  1068
17.252066  1069
17.258827  553
17.267427  671
17.279647  661
17.287123  660
17.291088  659
17.304247  312
17.324562  648
17.351250  974
17.364404  317
17.371220  526
17.382868  651
17.388256  317
17.389849  650
17.403665  973
17.408369  316
17.410202  316
17.412734  649
17.414387  315
17.419251  525
17.421763  972
17.424235  315
17.457091  316
17.477157  524
17.478870  524
17.480443  314
17.505862  524
17.512243  259
17.687571  669
17.706898  668
17.708671  5
17.726973  260
17.742140  96
17.751668  280
17.786914  284
17.810644  283
17.825319  5
17.840597  283
17.863649  8
17.870860  15
17.881708  17
17.895981  131
17.910939  284
17.927129  288
17.951592  290
17.956456  301
17.961320  307
17.962993  310
17.987622  1
17.989914  0
18.030919  677
18.039509  701
18.041082  700
18.054185  699
18.063114  699
18.081563  184
18.089578  258
18.172343  525
18.176428  5
18.197385  547
18.217781  547
18.219514  1
18.227584  0
18.229217  544
18.238286  764
18.266008  985
18.276255  673
18.295923  672
18.315094  316
18.316867  335
18.363697  667
18.402228  680
18.407571  337
18.420415  338
18.423007  339
18.425659  677
18.427352  342
18.434628  341
18.444091  332
18.452381  331
18.463322  331
18.472918  535
18.490948  330
18.507181  536
18.530054  292
18.539223  288
18.619672  22
18.624471  25
18.661308  9
18.675810  20
18.683485  16
18.690801  676
18.719825  677
18.724369  287
18.726162  287
18.728474  16
18.734217  15
18.735810  7
18.738881  286
18.753568  129
18.798589  1
18.804052  28
18.812849  131
18.819986  6
18.823811  20
18.844410  8
18.855172  139
18.860296  290
18.869505  291
18.876062  19
18.887770  294
18.923254  141
18.942921  295
18.950943  13
18.956191  303
18.959577  14
18.996480  305
19.006907  0
19.008560  0
19.035899  4
19.045687  306
19.059767  5
19.069156  677
19.078604  700
19.088911  703
19.093775  703
19.115418  270
19.225902  1
19.230626  2
19.236164  4
19.244119  3
19.248883  0
19.269932  975
19.318366  330
19.320279  329
19.323510  328
19.357094  984
19.388030  311
19.393801  304
19.396493  303
19.403849  300
19.431415  302
19.443415  297
19.448918  295
19.516823  260
19.524359  259
19.574305  13
19.586145  33
19.611319  0
19.657726  0
19.662510  0
19.711828  261
19.724227  0
19.732082  0
19.744003  109
19.753172  1
19.754885  108
19.764173  0
19.769457  527
19.773502  261
19.793653  107
19.796919  103
19.836219  99
19.840364  254
19.855390  0
19.863720  250
19.868404  248
19.888299  83
19.901912  233
19.910881  228
19.941125  228
19.943996  224
19.946208  224
19.953604  0
19.959742  201
19.962973  191
19.986175  557
20.005117  140
20.117023  629
20.128274  0
20.142985  845
20.167480  797
20.231373  0
20.393950  648
20.453428  0
20.464450  235
20.479250  0
20.605350  283
20.622664  0
20.679532  0
20.739709  0
20.753688  383
20.768699  598
20.779776  599
20.809985  0
20.812337  2
20.906107  3
20.951744  6
20.959914  18
20.961547  23
20.973726  12
20.982776  16
20.993139  21
21.023540  47
21.038787  544
21.067714  0
21.094594  170
21.165569  3
21.172805  5
21.176730  5
21.268939  13
21.286201  22
21.299395  15
21.332513  5
21.343595  5
21.359860  366
21.386049  589
21.425665  2
21.448037  9
21.450709  12
21.454455  9
21.460799  11
21.469876  12
21.517376  12
21.554574  7
21.603090  7
21.623601  10
21.640406  12
21.680508  25
21.718077  25
21.752246  21
21.814949  14
21.816522  4
21.834635  14
21.964115  103
21.996967  14
22.032346  19
22.072726  22
22.075817  174
22.078309  185
22.083133  192
22.098705  192
22.108254  94
22.150347  197
22.228682  373
22.290658  621
22.310470  168
22.328310  14
22.338293  15
22.367825  21
22.421829  705
22.451729  47
22.469410  30
22.487789  50
22.545323  81
22.553154  276
22.578029  285
22.605013  315
22.613703  320
22.618467  227
22.638324  335
22.651838  59
22.653731  115
22.687691  342
22.721562  348
22.789551  101
22.850160  105
22.859589  103
22.912153  151
22.916977  92
22.947849  170
22.954626  105
22.979641  152
23.005789  156
23.010733  152
23.022774  172
23.046531  166
23.054961  213
23.059186  226
23.074113  255
23.078138  226
23.083262  389
23.101230  387
23.165437  226
23.209075  242
23.224521  173
23.228826  263
23.231318  605
23.251471  383
23.305615  190
23.308147  823
23.329036  252
23.330829  858
23.371046  256
23.444071  607
23.476579  359
23.481822  233
23.487604  361
23.631095  299
23.663620  384
23.794193  737
23.803042  365
23.843230  399
23.871898  115
23.877209  387
23.913807  265
23.916279  256
23.918551  377
23.921837  382
23.936938  375
23.944250  386
23.984880  367
23.991457  361
24.017517  364
24.020723  381
24.051264  379
24.069294  248
24.070967  248
24.089537  301
24.169695  379
24.209487  393
24.220448  391
24.224873  377
24.239125  761
24.253077  881
24.256443  759
24.267250  887
24.319963  967
24.331384  874
24.355307  271
24.378815  382
24.403111  367
24.491067  366
24.591325  366
24.628094  51
24.630606  368
24.636943  49
24.646092  363
24.650776  46
24.658586  46
24.669972  45
24.816010  367
24.853613  373
24.865768  40
24.871491  244
24.877748  242
24.879421  274
24.917691  248
24.936184  377
24.961362  390
24.984956  365
24.995703  365
25.008868  361
25.013712  361
25.027405  379
25.039485  374
25.046381  379
25.048773  376
25.052288  236
25.055674  367
25.058366  358
25.060039  358
25.062531  471
25.092597  637
25.105516  657
25.115264  648
25.180698  386
25.185442  219
25.207105  391
25.222775  379
25.268332  969
25.303110  957
25.310667  355
25.319604  887
25.329054  971
25.343267  360
25.348291  356
25.352156  119
25.394789  350
25.401686  350
25.425148  726
25.437874  336
25.449240  319
25.455717  318
25.483547  936
25.542343  312
25.574507  305
25.579451  0
25.581803  341
25.589274  304
25.606612  285
25.697188  263
25.710886  263
25.737528  289
25.745124  655
25.752500  282
25.758158  281
25.764555  146
25.793084  453
25.803331  443
25.820649  153
25.838816  298
25.864949  308
25.874717  302
25.879382  276
25.890783  271
25.897987  270
25.927112  288
25.938554  279
25.946644  147
25.953401  282
25.957666  559
25.960218  559
25.962410  621
25.966815  555
25.984932  533
26.060953  269
26.071400  276
26.139922  321
26.142494  326
26.151783  329
26.161191  656
26.170380  868
26.200320  258
26.205344  870
26.211421  868
26.225289  254
26.233084  247
26.240875  863
26.290286  624
26.292858  240
26.297343  240
26.302347  239
26.308352  220
26.332821  824
26.391038  209
26.399854  186
26.420190  0
26.424275  0
26.426527  1
26.428480  198
26.432665  1
26.482671  771
26.491580  162
26.501962  160
26.511990  526
26.514003  524
26.516295  146
26.534967  24
26.537659  98
26.541844  0
26.543597  19
26.545809  306
26.563812  18
26.571248  129
26.583069  124
26.586180  125
26.591484  297
26.597642  122
26.600254  118
26.602846  127
26.620358  105
26.622451  89
26.638056  87
26.647045  98
26.661973  103
26.668091  0
26.674788  106
26.682144  386
26.689854  619
26.723695  393
26.781202  274
26.793298  122
26.807411  97
26.819073  63
26.823918  86
26.825831  85
26.831175  453
26.835760  451
26.866717  79
26.894582  675
26.923071  56
26.939735  67
26.984622  67
26.994710  47
27.002485  43
27.012368  652
27.089755  57
27.158834  648
27.169437  58
27.179700  0
27.182871  50
27.193121  438
27.219961  73
27.224346  58
27.249261  235
27.251094  229
27.274540  234
27.276193  235
27.283469  235
27.305053  47
27.314681  59
27.326029  52
27.369366  79
27.370939  355
27.380088  77
27.395278  597
27.422905  359
27.470842  232
27.486028  81
27.487881  80
27.501834  86
27.519853  77
27.585029  675
27.591007  591
27.595712  675
27.604342  674
27.610100  53
27.631009  673
27.680793  69
27.688229  49
27.782737  52
27.791974  55
27.805268  57
27.821937  2
27.830946  4
27.832539  11
27.835031  671
27.837004  53
27.839037  9
27.847148  642
27.856677  8
27.864588  42
27.868773  57
27.901343  48
27.936105  230
27.945674  0
27.954803  226
27.956376  57
28.001338  227
28.048864  2
28.057734  344
28.076950  578
28.085660  68
28.224777  95
28.236672  96
28.257988  64
28.340133  688
28.379616  236
28.384041  243
28.394069  58
28.430388  54
28.446693  79
28.471544  50
28.479874  49
28.486191  41
28.564709  441
28.611581  6
28.632671  3
28.651329  249
28.698325  249
28.707195  252
28.713972  261
28.735757  278
28.758318  55
28.781995  52
28.794490  21
28.805292  349
28.832400  86
28.848645  355
28.853744  88
28.856855  365
28.914523  83
28.918788  58
28.933216  271
28.939134  91
28.950036  80
28.955140  78
28.962184  114
28.972946  115
29.043020  706
29.104396  269
29.109300  79
29.125900  83
29.148543  93
29.155041  656
29.159266  62
29.214510  86
29.234841  9
29.239865  19
29.244010  13
29.251826  387
29.266801  17
29.268854  705
29.284041  51
29.295243  444
29.315621  69
29.317774  70
29.322366  31
29.338602  23
29.363875  259
29.369953  114
29.434434  587
29.448069  109
29.466048  291
29.468161  101
29.510456  103
29.541549  63
29.571364  126
29.579874  628
29.597493  137
29.613339  139
29.669872  91
29.674517  292
29.705450  96
29.715098  486
29.719922  145
29.721515  93
29.724686  144
29.759381  694
29.807567  741
29.809679  54
29.844929  747
29.897407  94
29.901672  112
29.915545  118
29.934383  92
29.948911  112
29.998268  132
30.008217  95
30.017607  53
30.024124  414
30.035206  55
30.050554  99
30.074590  82
30.079395  76
30.095447  114
30.106669  27
30.113945  60
30.174023  70
30.191921  303
30.199856  303
30.212675  298
30.217040  135
30.226129  744
30.227882  128
30.236372  728
30.264154  83
30.280596  126
30.287813  77
30.292797  113
30.304618  119
30.312214  73
30.328027  417
30.337380  651
30.355743  142
30.376792  422
30.437913  137
30.445289  150
30.447881  142
30.460715  125
30.472197  128
30.479433  115
30.481626  154
30.483199  506
30.487544  146
30.494540  158
30.500243  157
30.525097  73
30.558426  743
30.560459  73
30.567976  139
30.579772  89
30.585989  117
30.614456  135
30.643010  147
30.648672  302
30.660992  124
30.667349  147
30.672393  151
30.680703  153
30.689073  729
30.694815  127
30.699487  121
30.709016  141
30.738740  123
30.754107  116
30.767042  71
30.773689  129
30.782598  87
30.784970  420
30.791767  727
30.811024  127
30.823125  517
30.846328  145
30.848461  118
30.860821  304
30.911165  139
30.959247  307
30.984802  303
31.012409  125
31.051394  76
31.100601  76
31.108416  658
31.144717  432
31.151754  431
31.193840  750
31.200397  141
31.202090  309
31.222265  158
31.243115  138
31.281288  166
31.286431  167
31.291675  164
31.308094  81
31.313932  749
31.330457  747
31.339965  745
31.345149  123
31.347621  744
31.371637  130
31.399452  302
31.407007  144
31.432101  149
31.433734  148
31.441909  154
31.480051  70
31.486488  109
31.501620  108
31.513800  66
31.526042  114
31.527775  407
31.532280  407
31.534612  715
31.537184  714
31.543541  111
31.548105  77
31.553513  120
31.557638  110
31.561770  501
31.570024  124
31.584517  63
31.587169  110
31.592073  124
31.607420  48
31.622592  87
31.631860  101
31.676819  638
31.718407  113
31.723990  107
31.745813  255
31.748225  45
31.763071  31
31.771940  99
31.773593  74
31.776744  98
31.779376  73
31.788185  73
31.798228  93
31.808196  23
31.816470  608
31.819281  88
31.823606  607
31.857002  369
31.902028  76
31.906472  62
31.908944  84
31.924370  81
31.926083  81
31.930967  62
31.939946  72
31.942518  79
31.944471  69
31.947063  448
31.951388  79
31.964582  56
31.973771  82
31.978295  82
31.982640  81
31.987244  81
31.993722  5
32.000319  673
32.013233  51
32.015286  671
32.019331  49
32.024195  671
32.028820  668
32.046479  67
32.050684  52
32.087035  62
32.089747  62
32.096424  37
32.109679  66
32.114603  67
32.121360  38
32.131149  647
32.152199  58
32.154831  0
32.158636  33
32.172788  32
32.186202  0
32.198042  0
32.199855  331
32.209024  35
32.211516  53
32.224517  35
32.229541  417
32.250731  35
32.253962  44
32.256594  43
32.277471  19
32.279624  29
32.417418  4
32.439462  234
32.448052  65
32.476603  68
32.500805  65
32.502918  580
32.529052  336
32.565193  38
32.567605  29
32.577668  47
32.579421  46
32.582352  21
32.591861  28
32.600650  39
32.615722  36
32.657067  641
32.668348  637
32.669961  17
32.683775  636
32.705087  52
32.753649  18
32.756321  14
32.759033  38
32.761126  40
32.765810  9
32.770734  611
32.776952  5
32.787674  400
32.794052  22
32.800809  3
32.814488  3
32.832786  35
32.836012  9
32.840117  0
32.850799  21
32.852812  10
32.862621  388
32.873523  3
32.881134  3
32.887931  26
32.892855  15
32.894528  15
32.897220  23
32.912367  14
33.090725  3
33.093057  27
33.102206  9
33.109682  206
33.144521  542
33.157915  304
33.280937  174
33.288772  0
33.299281  620
33.302986  617
33.309423  0
33.311036  616
33.315321  614
33.326823  26
33.336826  293
33.347253  22
33.377852  0
33.385029  17
33.397964  0
33.399637  599
33.457238  0
33.463996  283
33.473086  0
33.477411  375
33.483788  368
33.485541  0
33.494772  0
33.501771  0
33.504203  0
33.543746  585
33.552157  0
33.573801  570
33.785234  539
33.846305  15
33.857147  0
33.859819  0
33.866177  11
33.908792  168
33.962976  616
34.008051  617
34.079798  11
34.217775  15
34.282872  283
34.324732  20
34.341601  8
34.364244  607
34.377698  159
34.398809  512
34.531872  15
34.598267  613
34.603590  12
34.619297  17
34.627432  18
34.636601  611
34.647009  3
34.649661  3
34.722686  0
34.756355  19
34.760500  387
34.787476  24
34.997064  18
35.031307  590
35.176369  13
35.179041  13
35.184544  611
35.187870  609
35.197023  9
35.208992  277
35.223265  0
35.254701  0
35.267122  0
35.271627  573
35.278744  0
35.321182  0
35.335534  0
35.345716  146
35.354446  366
35.363595  363
35.382589  13
35.389605  0
35.398629  0
35.415807  488
35.419872  486
35.532575  260
35.559719  357
35.592752  0
35.614116  134
35.627570  563
35.652400  260
35.759740  132
35.782803  582
35.940632  344
35.965627  0
36.003704  259
36.034381  0
36.130589  125
36.142764  0
36.193727  118
36.207082  548
36.234090  253
36.327653  328
36.333990  107
36.356812  558
36.386492  478
36.407510  544
36.430177  242
36.438671  538
36.502835  320
36.512204  316
36.519895  91
36.552939  223
36.563581  219
36.570437  456
36.723840  312
36.766591  527
36.779486  219
36.878272  84
36.880664  436
36.893459  530
36.895072  528
36.914476  433
36.958460  196
36.962286  496
37.020974  278
37.038794  59
37.074611  186
37.081049  184
37.085493  183
37.098248  518
37.129545  461
37.177519  220
37.209948  0
37.222922  424
37.346136  437
37.365986  352
37.379320  215
37.415132  124
37.477617  208
37.481482  207
37.518018  112
37.575926  418
37.666701  413
37.724958  103
37.795106  434
37.986700  114
37.999942  352
38.023785  0
38.082968  210
38.101981  2
38.117208  0
38.182200  118
38.186345  2
38.227167  2
38.230553  9
38.237257  5
38.241222  13
38.247320  438
38.284288  352
38.286401  212
38.309708  7
38.315566  6
38.323781  9
38.341425  419
38.351628  6
38.356592  1
38.392764  5
38.395396  2
38.401534  214
38.409525  8
38.423139  7
38.425551  20
38.440578  125
38.465519  356
38.471816  5
38.488201  17
38.500669  424
38.505174  8
38.516397  8
38.539555  9
38.556294  216
38.567436  13
38.574433  9
38.584241  20
38.593012  11
38.608839  432
38.617149  17
38.679822  359
38.689353  13
38.691046  2
38.700376  16
38.709705  13
38.752555  221
38.773760  17
38.781311  15
38.801383  434
38.808060  435
38.823575  16
38.834717  5
38.836390  8
38.847541  10
38.863528  19
38.878575  227
38.897307  129
38.903445  17
38.915725  131
38.917298  18
38.933164  17
38.952676  360
38.970219  449
39.008989  4
39.013634  10
39.023938  25
39.034341  16
39.047962  8
39.066818  24
39.072456  23
39.088977  23
39.138413  20
39.142998  23
39.145690  141
39.171819  0
39.188084  19
39.194461  20
39.198466  25
39.202611  452
39.204763  32
39.246399  227
39.270636  42
39.280125  15
39.282617  31
39.294993  28
39.303028  436
39.313751  36
39.356275  29
39.361040  31
39.374174  366
39.379273  253
39.386469  47
39.388042  21
39.400337  49
39.404462  49
39.416283  45
39.424094  37
39.428379  37
39.432384  29
39.434616  28
39.437982  69
39.442666  147
39.445697  27
39.462817  370
39.482095  468
39.486540  52
39.501269  458
39.517176  41
39.524656  32
39.527348  466
39.538330  43
39.544248  48
39.559095  42
39.561807  14
39.587297  48
39.639608  40
39.648018  157
39.685268  474
39.698123  388
39.707093  22
39.711977  71
39.717116  50
39.722774  47
39.726979  40
39.747346  52
39.762913  49
39.804034  51
39.808379  59
39.816689  45
39.818602  48
39.825039  54
39.837102  56
39.846071  473
39.891048  48
39.899898  52
39.917936  256
39.923799  1
39.928104  271
39.932349  60
39.938067  45
39.945044  169
39.947037  63
39.951781  52
39.979869  82
39.983635  113
39.987520  56
39.989213  58
40.019786  395
40.036526  498
40.059963  65
40.075828  62
40.085938  474
40.087851  63
40.119399  65
40.124403  288
40.134926  66
40.139211  61
40.144789  61
40.149414  70
40.162470  77
40.169707  91
40.171840  93
40.179017  101
40.183322  78
40.185095  107
40.187387  511
40.196196  62
40.252662  407
40.255194  499
40.273806  62
40.275639  68
40.285207  96
40.287599  97
40.290071  108
40.294276  65
40.301173  118
40.305418  516
40.309203  86
40.315988  68
40.324338  101
40.333208  63
40.342077  308
40.351266  74
40.360583  102
40.382708  97
40.387013  71
40.395942  87
40.401286  95
40.406030  103
40.418405  518
40.425102  102
40.434580  88
40.443689  97
40.457583  100
40.472710  432
40.478988  106
40.493756  308
40.496228  11
40.510272  316
40.520919  95
40.525584  116
40.527717  211
40.530329  117
40.534394  114
40.544042  122
40.546075  109
40.562021  138
40.566026  94
40.570071  139
40.571964  105
40.578689  143
40.583773  94
40.588118  219
40.594495  110
40.600712  458
40.617651  539
40.619304  104
40.622475  113
40.635629  522
40.637802  122
40.662954  117
40.671331  111
40.679785  530
40.685843  119
40.709379  108
40.713864  327
40.721279  117
40.732381  125
40.736706  119
40.740811  118
40.747867  127
40.750179  116
40.756577  136
40.767999  119
40.775916  136
40.778408  537
40.788711  109
40.793016  144
40.799873  111
40.814126  223
40.845832  473
40.867442  107
40.880062  119
40.884267  128
40.891303  142
40.893715  121
40.898140  120
40.900253  547
40.911255  336
40.914641  136
40.939149  341
40.941521  138
40.943973  131
40.963496  135
40.970693  121
40.977909  556
40.982734  121
40.999433  136
41.005091  136
41.011393  242
41.020362  136
41.028792  560
41.031903  119
41.039958  126
41.054171  128
41.057280  129
41.063098  138
41.068301  127
41.070154  117
41.075338  341
41.094595  137
41.106001  143
41.112698  145
41.114870  132
41.120888  145
41.123420  255
41.129827  136
41.133273  153
41.161573  153
41.164764  142
41.168214  139
41.183046  140
41.196800  475
41.209315  137
41.217385  565
41.225228  143
41.227021  577
41.233318  560
41.235750  145
41.244084  142
41.252954  145
41.258258  135
41.262643  151
41.279783  142
41.290357  50
41.312168  139
41.319484  139
41.325662  145
41.327835  149
41.348325  145
41.361405  144
41.370294  561
41.374758  146
41.384527  143
41.389092  143
41.391624  480
41.440523  488
41.459380  140
41.470621  150
41.476459  149
41.484529  149
41.486901  138
41.490112  142
41.503106  346
41.519671  145
41.537530  351
41.539762  149
41.561350  146
41.570819  126
41.573830  136
41.578115  144
41.581166  140
41.586769  151
41.621092  256
41.635145  144
41.639410  146
41.648898  157
41.665881  157
41.672358  158
41.686132  152
41.698392  155
41.716440  358
41.724790  145
41.733452  142
41.735804  260
41.750476  151
41.755101  155
41.759646  169
41.786327  178
41.799429  145
41.801841  150
41.803494  175
41.810350  149
41.836203  152
41.842908  165
41.844501  154
41.847033  148
41.849425  165
41.854189  148
41.856721  163
41.858973  166
41.865730  163
41.877695  164
41.896619  100
41.918503  151
41.920855  151
41.923487  155
41.926159  150
41.938659  154
41.940931  146
41.943623  149
41.945755  150
41.950340  153
41.952892  146
41.957636  147
41.959669  147
41.971090  158
41.983645  486
42.022074  475
42.028691  129
42.032597  124
42.047749  135
42.052234  132
42.054686  130
42.058551  131
42.061043  126
42.062616  126
42.071425  135
42.080334  129
42.099951  137
42.113006  128
42.145756  142
42.161447  138
42.170037  141
42.175081  139
42.184650  150
42.186882  141
42.193659  135
42.195791  140
42.198503  139
42.205340  126
42.206953  124
42.211125  254
42.212823  134
42.215095  128
42.220219  126
42.222711  134
42.246007  122
42.251346  124
42.258729  123
42.277804  117
42.279677  116
42.283602  118
42.291457  111
42.295087  224
42.297299  223
42.301863  122
42.304994  117
42.354305  124
42.357476  122
42.368478  124
42.376615  118
42.382933  117
42.389091  113
42.393815  462
42.404997  116
42.407409  111
42.409022  113
42.413107  107
42.418191  107
42.422316  109
42.439855  91
42.454970  105
42.457542  99
42.459255  99
42.464973  97
42.467165  103
42.468838  101
42.471210  95
42.482672  90
42.485324  88
42.487556  89
42.489469  83
42.491681  82
42.494133  86
42.498238  91
42.511352  88
42.513764  427
42.525960  87
42.530664  86
42.562551  73
42.564484  67
42.566317  66
42.577698  68
42.586787  72
42.596610  69
42.610773  66
42.637848  60
42.660851  73
42.663523  72
42.672173  60
42.680303  62
42.692563  69
42.702785  61
42.704478  66
42.707070  66
42.709123  64
42.715560  64
42.717673  54
42.719366  55
42.722692  60
42.742863  50
42.751473  45
42.755778  48
42.760702  54
42.770411  45
42.779360  51
42.783865  48
42.786577  49
42.792180  45
42.795011  49
42.803214  43
42.811225  48
42.819360  41
42.823126  44
42.831656  35
42.836380  43
42.837993  32
42.840565  40
42.842538  33
42.852645  24
42.858463  21
42.862628  368
42.878861  33
42.880854  22
42.883066  22
42.895808  29
42.918077  23
42.919870  13
42.926806  18
42.928859  10
42.932924  18
42.944632  10
42.946365  9
42.953282  17
42.958326  21
42.959959  14
42.961892  21
42.969962  15
42.977545  359
42.981531  13
42.983763  12
42.997577  0
42.999290  347
43.004454  0
43.006227  0
43.011475  0
43.013128  0
43.032634  0
43.044134  0
43.053083  0
43.082262  0
43.100221  0
43.109110  0
43.118141  0
43.128643  0
43.140884  0
43.145669  0
43.153960  0
43.157386  0
43.179470  325
43.185408  0
43.206558  0
43.233804  0
43.242694  6
43.246300  0
43.287298  320
43.353049  0
43.398565  3
43.515583  2
43.589955  3
43.604861  0
43.695702  27
43.700446  6
43.702319  32
43.708597  22
43.714415  19
43.727616  19
43.769473  24
43.775790  2
43.815336  26
43.829084  15
43.842831  14
43.863965  19
43.884163  8
43.893806  343
43.914695  347
43.920438  17
43.959892  21
43.981497  28
43.986935  26
44.010512  32
44.021615  3
44.040609  14
44.049399  0
44.062833  29
44.067218  31
44.070029  39
44.071742  17
44.083085  12
44.117464  16
44.128893  9
44.152072  27
44.161740  15
44.170570  22
44.175374  36
44.183925  63
44.192554  74
44.194567  17
44.199012  75
44.200625  35
44.205649  74
44.215013  54
44.219637  54
44.221510  57
44.225735  365
44.259521  74
44.264226  15
44.275009  40
44.287365  31
44.320272  71
44.330920  16
44.361062  52
44.363659  4
44.374362  17
44.375955  8
44.384505  13
44.393234  36
44.399938  22
44.404303  18
44.405896  17
44.412733  16
44.414366  365
44.439941  367
44.448911  44
44.450824  390
44.467883  5
44.507773  70
44.524812  79
44.526405  56
44.534463  24
44.545106  57
44.548772  105
44.573841  19
44.577207  45
44.586935  16
44.603147  41
44.614528  30
44.622918  45
44.645362  50
44.669173  53
44.680394  26
44.706543  70
44.708216  41
44.717326  28
44.724103  69
44.733260  116
44.743048  122
44.747254  71
44.749027  127
44.756123  135
44.757776  79
44.769497  116
44.773663  96
44.780140  117
44.782213  77
44.791916  418
44.805010  131
44.809815  65
44.815933  89
44.826655  68
44.829047  91
44.868571  125
44.887389  45
44.900551  13
44.902324  124
44.914860  74
44.923599  109
44.925612  26
44.927285  90
44.938107  108
44.942852  76
44.949329  34
44.959612  75
44.961465  133
44.974579  95
44.976971  58
44.983109  429
44.995071  434
45.013150  92
45.015382  111
45.017555  453
45.030539  29
45.034784  135
45.071936  124
45.101237  62
45.108693  79
45.110826  136
45.117064  63
45.122802  129
45.127227  73
45.139681  84
45.146313  104
45.156241  125
45.160466  95
45.177166  111
45.179319  74
45.181811  61
45.186176  92
45.194246  109
45.222488  114
45.226533  119
45.256671  152
45.258584  85
45.263648  84
45.293404  129
45.300381  2
45.306939  107
45.313097  152
45.317462  133
45.328504  161
45.339366  143
45.352841  126
45.354894  135
45.358320  165
45.364597  146
45.376172  154
45.392557  154
45.399374  105
45.408223  114
45.419475  128
45.422187  135
45.455413  152
45.459458  126
45.492630  118
45.500605  124
45.512321  126
45.517185  79
45.524601  107
45.529206  126
45.535703  125
45.543135  108
45.553777  165
45.555670  111
45.562687  124
45.575522  112
45.577195  138
45.609249  160
45.613414  132
45.636859  93
45.680814  157
45.700924  147
45.705049  87
45.707501  118
45.719043  158
45.723428  175
45.725880  147
45.742133  116
45.749356  130
45.758625  146
45.763529  124
45.770965  150
45.783205  150
45.785018  130
45.791975  135
45.801045  136
45.808317  161
45.810889  169
45.826534  174
45.831398  143
45.839353  157
45.858118  143
45.869620  121
45.901913  48
45.905918  153
45.911996  175
45.914927  167
45.917299  170
45.926648  114
45.928261  157
45.941555  173
45.945720  172
45.955332  137
45.957005  175
45.958618  172
45.966733  162
45.986489  171
46.002670  136
46.011754  180
46.024269  173
46.031725  172
46.036609  153
46.069914  158
46.085575  144
46.106225  164
46.119699  165
46.128169  105
46.132783  162
46.135475  116
46.139840  175
46.146277  177
46.150442  147
46.152335  128
46.156540  176
46.173133  145
46.178357  149
46.180789  152
46.183161  178
46.185633  185
46.190737  158
46.225970  173
46.234065  182
46.243953  170
46.256134  125
46.287652  180
46.290883  177
46.322913  133
46.325944  151
46.346743  167
46.351307  188
46.357010  152
46.363227  167
46.371285  178
46.385676  160
46.387968  160
46.389541  156
46.393726  177
46.406705  146
46.411769  175
46.422256  182
46.424548  186
46.449606  194
46.452058  196
46.457002  176
46.465197  188
46.482201  202
46.507482  165
46.528079  133
46.529852  176
46.537687  202
46.542232  202
46.547356  204
46.554992  187
46.557464  202
46.567332  194
46.569025  198
46.570638  195
46.574148  187
46.575801  176
46.589442  187
46.591674  193
46.593767  172
46.604409  199
46.606202  193
46.610267  199
46.619950  199
46.621623  176
46.625528  193
46.627301  168
46.641997  188
46.657191  185
46.660342  182
46.698959  174
46.721382  180
46.729773  179
46.731945  184
46.740834  164
46.749750  185
46.752302  178
46.757486  187
46.759798  167
46.764163  184
46.766775  182
46.777597  186
46.785852  164
46.788084  182
46.789937  184
46.792429  182
46.795715  169
46.835837  180
46.855389  187
46.905947  185
46.922447  190
46.945509  169
46.949734  152
46.958344  188
46.962529  194
46.971578  195
46.979561  167
47.018321  186
47.034374  170
47.044322  166
47.052137  184
47.053710  196
47.060474  201
47.080210  204
47.087087  185
47.095002  194
47.111934  206
47.124908  191
47.153346  170
47.155918  199
47.158270  200
47.162775  202
47.164508  199
47.177602  197
47.190928  201
47.202888  198
47.214888  195
47.219752  192
47.229440  200
47.249615  183
47.266435  201
47.280598  202
47.287675  193
47.307650  193
47.317338  189
47.350740  191
47.357397  169
47.359849  174
47.379980  192
47.386122  193
47.402487  175
47.404959  194
47.409191  199
47.411883  197
47.424478  175
47.454938  192
47.464047  186
47.468152  191
47.474729  199
47.479973  192
47.524619  164
47.532015  148
47.538093  148
47.540206  158
47.546164  153
47.552521  128
47.557025  138
47.571177  131
47.573988  133
47.575661  141
47.593172  136
47.598575  142
47.613982  139
47.622619  151
47.625770  152
47.629396  154
47.636792  149
47.652058  148
47.653971  148
47.656483  138
47.665473  150
47.670097  139
47.674542  133
47.676535  142
47.687877  135
47.695648  124
47.708383  137
47.710276  113
47.712089  133
47.714202  106
47.716414  131
47.725464  131
47.728016  130
47.732121  133
47.736985  130
47.738878  125
47.742588  132
47.747073  129
47.751937  122
47.762066  133
47.772108  121
47.774041  120
47.776173  124
47.777966  121
47.782750  117
47.791700  113
47.794866  112
47.802996  98
47.811546  108
47.818643  106
47.831493  89
47.849220  92
47.854563  80
47.858049  84
47.867617  89
47.870089  82
47.874434  86
47.876467  77
47.884058  76
47.889082  75
47.891534  89
47.899145  75
47.901577  57
47.905682  76
47.911370  58
47.945778  66
47.960673  73
47.962386  69
47.970860  76
47.972513  62
47.974246  68
47.977377  75
48.023239  74
48.031749  62
48.035834  58
48.051567  82
48.057844  60
48.062509  57
48.075244  67
48.079868  67
48.130105  85
48.144872  77
48.157726  69
48.165581  70
48.173771  74
48.187652  55
48.203438  41
48.210354  67
48.221016  48
48.222789  65
48.227383  64
48.230769  60
48.233101  60
48.242174  57
48.244047  55
48.249051  64
48.270827  51
48.279596  42
48.296419  51
48.301204  48
48.312047  55
48.314579  55
48.316252  53
48.322390  49
48.332832  42
48.345874  47
48.360762  43
48.364987  39
48.370865  56
48.382686  37
48.384779  55
48.389004  41
48.393309  57
48.417913  43
48.434419  43
48.439703  48
48.454517  64
48.548116  43
48.564557  53
48.570695  62
48.619948  56
48.639839  68
48.654187  68
48.655840  70
48.732495  71
48.747602  74
48.770808  70
48.863703  71
48.882696  51
48.914328  45
48.960248  51
48.965172  66
48.968618  66
49.015960  50
49.041847  46
49.048284  45
49.061518  68
49.063691  62
49.084486  61
49.091083  47
49.105962  54
49.137969  51
49.143828  58
49.158120  51
49.168483  44
49.185203  31
49.216041  49
49.225924  59
49.231802  38
49.236227  52
49.241471  66
49.249542  53
49.261124  64
49.266742  61
49.318481  55
49.343357  48
49.357664  62
49.360116  43
49.440846  62
49.442679  66
49.445291  67
49.447803  68
49.529588  59
49.600445  64
49.603911  62
49.626495  71
49.635824  82
49.660149  96
49.676629  98
49.680115  50
49.683920  101
49.692450  67
49.728287  55
49.735011  35
49.743361  104
49.753864  105
49.769531  107
49.814588  54
49.820610  60
49.827387  59
49.878449  50
49.882974  73
49.888712  107
49.896348  44
49.905497  69
49.907130  58
49.927720  73
49.939126  82
49.946392  50
49.956620  95
49.968021  79
49.990725  74
49.996883  69
49.998996  83
50.008185  73
50.013943  65
50.042244  66
50.054741  69
50.071561  80
50.082751  57
50.099479  68
50.110301  54
50.111934  57
50.114566  109
50.158053  69
50.162637  80
50.184501  128
50.207524  82
50.209617  70
50.222652  63
50.224605  87
50.239038  98
50.246310  91
50.248043  95
50.277062  70
50.281586  128
50.292847  91
50.313647  76
50.326850  152
50.339505  106
50.346362  105
50.348814  62
50.362149  98
50.370539  54
50.376817  69
50.385947  80
50.390092  71
50.393718  97
50.411237  98
50.421819  102
50.447048  97
50.454644  98
50.456757  102
50.461502  87
50.463135  107
50.469113  90
50.473737  159
50.493672  96
50.519272  90
50.521884  128
50.537757  84
50.542896  107
50.551270  147
50.559041  107
50.560934  101
50.570482  107
50.579631  112
50.581324  71
50.585050  121
50.588545  143
50.593249  97
50.597714  106
50.603257  67
50.617541  117
50.644864  129
50.656769  115
50.680238  114
50.682650  112
50.686715  155
50.692473  104
50.696818  76
50.735786  116
50.749639  129
50.771314  139
50.783390  160
50.787655  88
50.806245  130
50.809631  141
50.819928  105
50.844268  139
50.849012  142
50.855190  147
50.877037  116
50.883175  113
50.887620  121
50.911417  101
50.924880  175
50.933949  154
50.940036  128
50.958919  143
50.964570  137
50.966383  128
50.971467  106
50.975612  101
50.983230  148
50.984803  158
51.013238  146
51.030750  150
51.033442  150
51.035195  149
51.037327  158
51.045298  137
51.046911  139
51.050062  133
51.055685  159
51.080181  152
51.084506  154
51.092896  165
51.114177  153
51.125885  166
51.128337  116
51.130050  136
51.132742  170
51.137247  160
51.146376  161
51.156504  122
51.165761  167
51.175070  139
51.187765  152
51.198914  168
51.201466  113
51.206130  153
51.222782  162
51.251315  169
51.268334  172
51.275570  136
51.279934  146
51.285038  147
51.287530  139
51.296604  136
51.339202  145
51.355766  152
51.380106  131
51.391288  158
51.401680  149
51.404312  175
51.418899  152
51.423104  142
51.427349  164
51.439529  172
51.452248  178
51.454520  158
51.456852  154
51.478256  180
51.480828  145
51.484913  166
51.487365  145
51.505233  149
51.508324  180
51.522190  178
51.530640  161
51.541631  167
51.548528  171
51.551200  168
51.575262  156
51.581700  147
51.584012  163
51.604701  165
51.645842  164
51.648793  153
51.651904  157
51.654476  159
51.659440  162
51.661932  153
51.664064  162
51.668896  178
51.716434  163
51.719640  161
51.730047  147
51.744939  170
51.756046  159
51.758358  169
51.764836  170
51.771133  166
51.778509  172
51.785700  162
51.793857  175
51.806496  164
51.813553  168
51.863553  175
51.865166  173
51.873376  159
51.875928  158
51.887709  159
51.890935  165
51.976593  177
51.999515  179
52.003560  176
52.008384  167
52.023615  172
52.028339  161
52.042951  167
52.050067  174
52.051640  159
52.053353  171
52.076494  163
52.078387  147
52.098232  164
52.100424  169
52.104949  160
52.113643  147
52.116335  160
52.121519  146
52.124750  158
52.126463  156
52.131167  144
52.136957  156
52.146246  135
52.152244  138
52.154696  128
52.160934  147
52.179941  156
52.213765  158
52.216117  155
52.218289  152
52.224966  143
52.229930  146
52.233995  154
52.246495  143
52.262161  157
52.266466  157
52.272883  155
52.276888  141
52.292913  140
52.295225  148
52.296838  147
52.301383  152
52.306367  128
52.320815  137
52.325699  139
52.332117  144
52.334469  142
52.339153  141
52.350282  138
52.353153  130
52.357318  122
52.361703  148
52.377901  146
52.384458  147
52.414321  147
52.429807  143
52.438796  130
52.444743  128
52.456723  137
52.479265  124
52.500475  135
52.502707  136
52.506712  113
52.511196  125
52.513608  123
52.520205  118
52.531047  131
52.533439  124
52.540635  100
52.543167  92
52.552560  89
52.566174  78
52.575235  92
52.596744  87
52.598357  66
52.600849  85
52.607306  83
52.616895  89
52.619367  89
52.626444  76
52.631328  73
52.633940  84
52.636252  83
52.637825  73
52.652364  86
52.657288  69
52.660000  66
52.664605  63
52.670802  81
52.687650  81
52.690262  81
52.692494  78
52.714103  74
52.718348  75
52.726918  66
52.734275  72
52.736867  67
52.741572  60
52.743445  58
52.754074  71
52.756766  70
52.766035  64
52.770240  49
52.774226  46
52.776418  53
52.788159  24
52.793966  40
52.800463  42
52.804808  49
52.811285  50
52.816309  48
52.818681  47
52.823033  45
52.825146  36
52.827059  36
52.829351  27
52.838620  57
52.854567  39
52.878124  40
52.888526  37
52.895746  22
52.903721  18
52.913709  28
52.934813  21
52.952052  28
52.964259  25
52.973369  29
52.977374  35
52.984450  28
52.994259  15
52.998544  24
53.001136  13
53.002769  13
53.012485  18
53.014218  11
53.022928  20
53.041941  12
53.043934  10
53.059345  8
53.061378  16
53.072404  27
53.088010  31
53.104600  30
53.110358  4
53.114383  13
53.116775  15
53.129011  13
53.156300  8
53.165170  20
53.177725  0
53.184042  9
53.185715  9
53.189760  0
53.198856  0
53.205773  0
53.215755  0
53.220579  0
53.228335  0
53.240156  0
53.244561  0
53.250439  0
53.260822  0
53.275790  0
53.291631  0
53.302434  0
53.343152  0
53.375498  0
53.386540  0
53.388293  0
53.423845  0
53.452505  0
53.461674  0
53.467792  0
53.564973  0
54.135655  7
54.194865  1
54.206482  12
54.249083  11
54.282909  0
54.318328  9
54.327558  8
54.329171  12
54.337881  2
54.431431  16
54.466119  35
54.475128  1
54.489936  1
54.509828  32
54.512160  9
54.524600  12
54.537615  1
54.559931  18
54.574739  12
54.576512  17
54.586161  18
54.588773  26
54.598781  36
54.617833  24
54.621718  5
54.624649  3
54.642847  3
54.647032  27
54.656501  60
54.711279  38
54.737861  13
54.766708  36
54.768621  34
54.787553  37
54.797297  44
54.799969  10
54.811039  29
54.824213  56
54.835255  24
54.837368  34
54.843326  38
54.851756  13
54.879221  29
54.886318  32
54.889724  21
54.905012  48
54.910256  60
54.914641  48
54.920819  55
54.928930  46
54.931282  65
54.944617  87
54.953127  45
54.957512  53
54.965682  38
54.972199  52
54.979771  55
54.991966  48
54.993619  42
54.996131  79
55.008326  72
55.046109  74
55.056352  59
55.058325  52
55.073557  65
55.077163  50
55.094027  61
55.096328  63
55.104898  40
55.113548  54
55.115621  68
55.159403  66
55.163588  59
55.178676  65
55.195181  97
55.204510  51
55.225480  35
55.231778  56
55.245012  81
55.262530  56
55.273213  66
55.281883  54
55.291282  84
55.304597  98
55.307057  54
55.308770  39
55.312795  77
55.323877  74
55.333054  103
55.337179  88
55.341544  67
55.346169  88
55.350014  68
55.355812  59
55.378761  69
55.407063  94
55.412247  76
55.414340  86
55.428068  87
55.431554  108
55.437612  92
55.442796  103
55.452184  111
55.466539  132
55.470624  75
55.472217  87
55.476562  85
55.480787  87
55.483618  87
55.505103  88
55.514093  85
55.515986  90
55.524356  126
55.528541  100
55.534878  61
55.570675  98
55.578212  140
55.580464  93
55.585463  90
55.607197  112
55.613195  117
55.619732  112
55.628701  114
55.630354  92
55.638050  108
55.644334  140
55.646127  123
55.659965  100
55.697733  145
55.704670  127
55.709075  76
55.722728  131
55.737902  99
55.740075  89
55.744420  103
55.769030  127
55.786405  151
55.811986  108
55.815372  134
55.827892  143
55.829665  141
55.840052  100
55.842404  82
55.850455  111
55.857412  130
55.879336  144
55.885953  135
55.888125  151
55.895476  135
55.901314  129
55.911057  130
55.916420  138
55.930633  150
55.946223  126
55.948056  134
55.952421  129
55.976997  138
55.988797  156
55.996033  146
56.001851  144
56.013073  127
56.030673  130
56.055927  142
56.066330  138
56.121763  145
56.131032  143
56.144785  150
56.163070  161
56.212275  147
56.230102  145
56.239885  146
56.269899  138
56.277155  146
56.290633  146
56.322627  145
56.329124  154
56.336260  151
56.370836  141
56.403949  147
56.408174  157
56.421628  150
56.435826  153
56.443282  147
56.455702  145
56.471289  160
56.479544  141
56.489587  146
56.498836  148
56.500889  142
56.505214  151
56.516455  161
56.528063  151
56.535059  155
56.539844  162
56.558648  165
56.560241  148
56.569570  148
56.576667  148
56.579379  149
56.588309  152
56.608660  143
56.636707  148
56.697982  156
56.709488  164
56.716265  172
56.718957  174
56.723602  179
56.725755  180
56.730819  149
56.741202  157
56.751071  180
56.752704  162
56.759061  181
56.769724  160
56.774009  156
56.786983  152
56.797110  156
56.801735  166
56.826309  169
56.834248  145
56.836441  169
56.845070  166
56.868240  151
56.897407  154
56.901732  171
56.910667  161
56.930264  146
56.935348  162
56.948010  149
56.951762  154
56.974505  178
56.984073  170
56.986485  157
56.993362  164
57.002871  176
57.005043  161
57.021029  157
57.032690  183
57.034603  183
57.036755  158
57.038888  155
57.056208  154
57.058440  161
57.069028  162
57.071540  156
57.078117  179
57.080669  164
57.085593  181
57.090477  164
57.099347  168
57.103372  181
57.109530  182
57.111662  183
57.113255  177
57.115028  174
57.117660  157
57.121645  170
57.124037  166
57.132726  162
57.136931  165
57.149606  166
57.154171  163
57.156543  175
57.166151  167
57.172369  167
57.185702  160
57.203186  167
57.209524  179
57.211856  173
57.244741  162
57.261406  167
57.274864  185
57.293685  173
57.303612  170
57.312027  157
57.322398  169
57.324650  165
57.335692  156
57.344762  158
57.377651  141
57.389398  153
57.394202  161
57.410108  153
57.436777  150
57.441442  161
57.445986  152
57.455854  140
57.459699  135
57.461891  140
57.471399  157
57.473272  131
57.477157  137
57.479290  135
57.488858  151
57.505329  152
57.513779  152
57.518244  149
57.520357  147
57.525361  152
57.527074  138
57.530959  144
57.533451  148
57.543519  146
57.552828  146
57.562936  150
57.567441  145
57.571866  138
57.602253  139
57.607317  150
57.609769  138
57.611542  137
57.613894  150
57.618938  139
57.621590  137
57.625975  139
57.630783  133
57.632456  123
57.639377  129
57.643063  128
57.646629  123
57.649281  126
57.668852  127
57.670425  128
57.679614  138
57.690296  126
57.692029  126
57.704048  133
57.706899  123
57.714255  119
57.748207  127
57.750759  125
57.757237  120
57.772264  130
57.786357  134
57.815082  133
57.825861  123
57.836576  117
57.908022  135
57.969792  125
57.971925  119
57.974077  128
57.975770  114
57.980195  112
57.989165  115
58.007917  101
58.010509  105
58.012682  99
58.015254  96
58.017327  110
58.021052  100
58.022665  110
58.024638  100
58.027769  102
58.034706  106
58.052230  113
58.064411  123
58.087929  105
58.097492  109
58.134013  129
58.167913  123
58.172238  122
58.190417  113
58.210449  115
58.212881  115
58.247640  120
58.257609  112
58.274490  121
58.292510  125
58.321990  120
58.326235  120
58.353164  110
58.360401  107
58.367358  105
58.380432  108
58.399825  109
58.404050  117
58.518372  115
58.524230  104
58.581241  116
58.662846  122
58.690987  119
58.703009  124
58.809746  121
58.846509  113
58.862016  120
58.872439  122
58.883581  114
58.892451  105
58.957053  128
58.958946  126
58.962871  117
58.967196  126
58.979911  120
58.996871  121
59.008227  117
59.021856  121
59.032778  116
59.068509  123
59.076760  120
59.084910  120
59.115760  123
59.124750  117
59.179427  129
59.187977  125
59.251797  120
59.286088  128
59.328224  125
59.340139  129
59.353852  119
59.370274  118
59.417380  118
59.424497  111
59.435918  129
59.477235  133
59.485633  132
59.488185  133
59.508916  126
59.527351  115
59.540146  127
59.551602  134
59.555548  121
59.559953  133
59.594138  126
59.624677  126
59.653623  110
59.700945  133
59.702598  134
59.726081  128
59.735549  134
59.750750  140
59.760158  137
59.779599  136
59.785118  128
59.797510  142
59.803807  121
59.819276  127
59.852048  128
59.870147  128
59.875171  154
59.888385  121
59.892570  120
59.905764  138
59.929060  147
59.955636  150
59.963292  147
59.989233  140
