# t(s) W_ledbat(bytes)
10.046272  65535
10.162484  65535
10.238202  65471
10.243006  65439
10.245039  65364
10.251556  65327
10.253529  65252
10.256221  65215
10.262719  65107
10.265311  65053
10.267204  64945
10.272942  65527
10.275574  65511
10.279850  65503
10.281743  65471
10.284375  65455
10.286068  65423
10.288760  64886
10.290753  65367
10.292866  65254
10.295218  65198
10.296851  64767
10.298424  64708
10.299997  64567
10.302289  65085
10.305001  65029
10.307373  64921
10.309665  64497
10.311358  64867
10.312991  64355
10.315243  64759
10.316996  64708
10.319388  64279
10.320981  63940
10.322694  64605
10.325665  64554
10.327778  64451
10.330030  63770
10.331863  63384
10.334235  63190
10.336108  64400
10.338301  62800
10.340733  64297
10.343445  62604
10.345018  64245
10.347211  64141
10.349843  62211
10.352495  62013
10.354288  64067
10.356441  63925
10.358893  63854
10.360786  63711
10.363298  61616
10.365570  63640
10.367543  61416
10.369716  63497
10.372068  61015
10.374400  63425
10.376293  60790
10.378206  60338
10.380878  60111
10.382551  59654
10.384763  59424
10.386916  58962
10.389048  58694
10.390761  58154
10.392374  57882
10.395066  57213
10.397658  56875
10.401255  63281
10.403687  56194
10.406159  63209
10.407852  55850
10.409705  63065
10.412257  55157
10.414669  62993
10.416762  62848
10.419414  54806
10.421427  62776
10.423180  62631
10.425532  62536
10.427345  62345
10.429777  62249
10.431770  61904
10.434142  54099
10.435935  53741
10.438487  61731
10.440360  53020
10.442692  52655
10.444785  61378
10.447337  51919
10.449809  61192
10.451822  51546
10.453895  50795
10.456347  50414
10.458140  49646
10.460372  49214
10.462145  48341
10.464797  60818
10.467009  47897
10.468762  47000
10.471274  46543
10.473027  60630
10.474780  60253
10.477092  45620
10.480243  60063
10.482356  45072
10.484369  59682
10.486661  59491
10.488734  65535
10.491226  59107
10.493938  58914
10.495871  43962
10.499816  43345
10.501529  58526
10.504021  58331
10.505594  57939
10.508006  41882
10.510398  57742
10.512231  41125
10.516676  39583
10.521201  57346
10.523813  38711
10.530451  57147
10.532484  56747
10.535096  56546
10.536929  36928
10.542436  56141
10.547620  35993
10.549593  55938
10.553838  34075
10.558143  55529
10.560655  55323
10.562548  54871
10.564660  54644
10.566293  54187
10.568585  53885
10.573110  53277
10.575362  52937
10.579468  52252
10.583304  33062
10.585257  30974
10.587869  29860
10.592134  27548
10.593927  26295
10.600544  23669
10.604709  22211
10.610867  51905
10.612520  19102
10.615152  51084
10.617304  50667
10.619457  17295
10.621570  13302
10.626234  49826
10.630499  49399
10.632652  10707
10.636797  3994
10.639049  48536
10.641741  2920
10.643454  48097
10.645287  47211
10.650431  46760
10.652104  45849
10.656029  45385
10.659994  44205
10.662626  43600
10.666972  42372
10.671696  41741
10.673469  40458
10.680086  39797
10.681999  38363
10.684251  37620
10.688577  36103
10.691189  35279
10.702192  33592
10.708616  32706
10.716167  30886
10.730934  29923
10.735339  27934
10.742276  26869
10.750367  24653
10.752739  23446
10.754812  20907
10.772091  19483
10.777930  16427
10.784258  65448
10.788743  14422
10.790836  9854
10.792948  65405
10.797553  6511
10.800919  65318
10.803031  2920
10.805483  65269
10.807396  65170
10.815426  65121
10.817059  65011
10.820010  64956
10.822003  64846
10.831593  64782
10.835019  64654
10.857703  64590
10.908630  65535
10.924097  64451
10.936832  64381
10.948787  64241
10.957085  64171
10.963562  64031
10.974145  63961
10.976158  63820
10.984927  63750
10.991905  63609
11.000835  63539
11.002988  63397
11.005620  63326
11.027213  63139
11.036442  63045
11.045292  62857
11.055775  62763
11.062213  62574
11.064505  62480
11.077260  62265
11.082244  62157
11.086030  61941
11.088562  61822
11.094920  61582
11.099145  61462
11.104734  61198
11.107366  61066
11.113484  60801
11.115896  60654
11.122354  60359
11.127278  60211
11.175753  59950
11.184423  59819
11.199071  59556
11.207640  59424
11.209633  59159
11.212025  59026
11.213758  58761
11.216250  58628
11.217943  58361
11.222008  58231
11.224121  57970
11.226573  57839
11.236202  57579
11.238694  57449
11.240707  57187
11.243219  57060
11.251370  56804
11.259310  56676
11.278582  56418
11.282887  56289
11.287312  56030
11.289684  55900
11.293250  55639
11.300347  55508
11.302420  55247
11.304752  55116
11.306565  54853
11.312922  54726
11.319447  54472
11.327168  54345
11.329221  54089
11.331733  53961
11.333446  53703
11.336118  53574
11.338251  53314
11.342576  53184
11.344249  52922
11.349533  52791
11.351326  52527
11.353898  52389
11.355511  52112
11.357683  51973
11.359676  51701
11.362208  51564
11.363921  51290
11.388118  51179
11.389891  50956
11.401053  50844
11.424231  50620
11.435081  50508
11.441718  50282
11.446762  50169
11.448855  49942
11.456372  65535
11.464409  49828
11.470327  49599
11.490298  49484
11.503613  49254
11.511803  49125
11.515089  48865
11.521466  48735
11.532942  48445
11.538246  48299
11.546576  48006
11.551100  47835
11.562242  47491
11.573204  47318
11.574797  46881
11.579102  46661
11.583367  46218
11.585759  45976
11.589745  45489
11.596382  45243
11.606865  44733
11.610710  44475
11.612803  43956
11.617567  43677
11.619280  43115
11.628277  42831
11.630210  42258
11.632582  41968
11.636648  41383
11.641752  41087
11.643505  40490
11.646117  40187
11.649683  39570
11.658013  39257
11.660525  38626
11.671208  38295
11.674674  37627
11.682170  37287
11.686215  36595
11.688667  36243
11.692513  35531
11.718870  35162
11.723754  34415
11.728219  34034
11.734577  33232
11.740974  32822
11.742747  31990
11.747851  31555
11.751357  30672
11.753689  30218
11.755362  29190
11.759846  28658
11.761719  27574
11.772221  26988
11.776367  25790
11.780692  25164
11.785237  23848
11.796239  23154
11.799765  21723
11.805408  20958
11.817524  19372
11.824421  18514
11.843481  16638
11.849885  65534
11.851938  15595
11.857757  65531
11.860109  13368
11.864913  12031
11.871191  9059
11.873863  65530
11.882194  7085
11.888532  2920
12.074355  65522
12.076967  65505
12.079579  65497
12.083765  65480
12.086377  65472
12.090142  65455
12.094927  65447
12.098912  65430
12.105797  65422
12.116560  65368
12.121544  65341
12.127862  65287
12.134519  65260
12.142150  65206
12.146115  65179
12.155724  65124
12.158016  65097
12.164155  65042
12.173307  65010
12.182379  64946
12.187303  64914
12.196552  64850
12.199623  64818
12.203129  64754
12.212278  64717
12.218036  64642
12.262576  64605
12.269787  64529
12.272079  64491
12.280429  64415
12.284854  64377
12.286987  64301
12.299311  64263
12.301424  64184
12.306532  64145
12.320725  64066
12.338564  64013
12.344862  63907
12.347134  63854
12.355265  63748
12.366767  63695
12.373425  63589
12.376077  63536
12.396723  63429
12.403380  65522
12.407046  65495
12.413743  65482
12.420380  63376
12.428651  65455
12.431203  63257
12.437900  63198
12.442465  63079
12.447409  65442
12.449402  65415
12.451554  65400
12.457213  65369
12.466102  65354
12.596785  63018
12.598878  62895
12.601550  62834
12.603303  62711
12.605955  62650
12.607668  62527
12.610220  62466
12.612053  62342
12.614645  62280
12.620903  62156
12.623435  62094
12.625088  61969
12.627560  61907
12.633478  61782
12.635950  61721
12.638003  61598
12.640215  61537
12.644101  61416
12.649465  61356
12.651518  65337
12.653730  65329
12.655403  61235
12.662120  61174
12.664013  61052
12.666225  60991
12.668198  60871
12.673921  60811
12.677327  65312
12.679839  60690
12.682231  60630
12.692882  60509
12.695334  60449
12.699699  60328
12.702331  60267
12.704364  60145
12.706976  60085
12.708769  59965
12.711401  59905
12.715407  59785
12.720351  59725
12.724157  65311
12.726270  65309
12.731514  65308
12.733647  59604
12.736259  59544
12.738232  59423
12.742557  59363
12.749334  59261
12.752006  59210
12.756112  59108
12.760996  59057
12.764702  58955
12.769566  58904
12.771679  58801
12.774371  58750
12.776544  58647
12.781036  58596
12.782689  58494
12.785081  58443
12.790679  58346
12.792272  58298
12.803234  58201
12.819773  58153
12.828044  58056
12.830456  58008
12.834561  57911
12.836494  57862
12.838926  57764
12.845404  57715
12.860731  57617
12.867588  57568
12.875519  57469
12.877811  57419
12.881876  57319
12.885522  65304
12.890706  65302
12.894471  65298
12.897183  65296
12.899076  65291
12.903581  65289
12.915957  65284
12.920921  65282
12.923074  65277
12.925526  57269
12.929691  57169
12.934016  57119
12.935589  57019
12.945078  56969
12.953029  65274
12.957394  65267
12.964631  65264
12.978220  56868
13.024501  65256
13.033791  65252
13.055635  65244
13.157963  56815
13.159736  56709
13.164141  56656
13.170319  56540
13.174204  56482
13.185546  56366
13.188158  56308
13.194375  56192
13.203545  56134
13.205658  65240
13.211996  55971
13.214248  65232
13.218173  55890
13.220865  65228
13.237406  55727
13.242130  55642
13.244243  65213
13.248448  55472
13.250760  65206
13.252733  55387
13.254306  65191
13.259210  55207
13.272624  55117
13.277663  54936
13.280754  65173
13.282547  54839
13.286153  65137
13.290877  54644
13.295132  54546
13.299177  65119
13.300770  54334
13.303442  54228
13.307328  54015
13.314265  53904
13.320603  53680
13.330591  53568
13.332484  53332
13.336789  53214
13.343746  52976
13.346298  52852
13.350184  52603
13.352676  65083
13.357520  52478
13.359213  65065
13.361146  52221
13.363658  65029
13.366170  52092
13.374361  51833
13.376913  65011
13.380818  51701
13.382831  51435
13.385183  64975
13.387315  64957
13.391221  51302
13.395066  51030
13.397778  64921
13.399451  50894
13.404136  64903
13.405729  64867
13.410313  50620
13.414718  64848
13.416831  64810
13.419023  50479
13.420736  50195
13.423388  64791
13.425101  50052
13.429486  49758
13.433491  49611
13.436023  49315
13.438475  49166
13.445012  48866
13.446805  64744
13.453602  64721
13.455615  64674
13.458107  48715
13.464145  48399
13.466277  48240
13.483841  47921
13.487826  64650
13.492171  47758
13.495916  64601
13.497789  47431
13.503412  47266
13.505205  64577
13.507897  46931
13.510549  46763
13.513775  46424
13.515927  46246
13.520212  45888
13.525376  64526
13.527888  64501
13.529921  45708
13.533447  45338
13.535999  64449
13.540683  45152
13.544249  64422
13.548015  44777
13.550427  44585
13.552200  44198
13.554412  64368
13.556984  44003
13.567267  43611
13.569779  43414
13.575697  43017
13.578209  64341
13.580362  64275
13.586986  64242
13.588579  64176
13.590731  64140
13.592464  64067
13.597348  64031
13.599541  42812
13.605500  42399
13.612377  63954
13.614489  63915
13.616582  63837
13.621246  42191
13.624912  63795
13.626985  41764
13.629157  41548
13.633462  41114
13.637807  40890
13.639900  63710
13.644844  63667
13.648030  40440
13.650542  40213
13.657220  39729
13.662064  39484
13.663917  38991
13.670074  38732
13.672027  38211
13.680564  37947
13.694513  37415
13.699617  37146
13.708827  36603
13.711039  36328
13.713112  35772
13.715624  63581
13.717816  35490
13.721302  34921
13.725827  63538
13.736390  63452
13.738962  34632
13.743187  34049
13.750243  33742
13.751836  33122
13.761299  32806
13.768396  32167
13.770688  31841
13.776526  31182
13.778998  30854
13.789741  30190
13.798705  29851
13.805282  29164
13.816364  28813
13.826607  28102
13.848071  27738
13.849764  26999
13.870063  26620
13.888137  26044
13.890669  25750
13.895454  25155
13.902851  24850
13.908450  24233
13.919611  23917
13.925250  23276
13.927802  22947
13.929675  63409
13.931708  63323
13.934200  63280
13.938305  63194
13.939918  22279
13.941511  21935
13.943743  21236
13.945356  63151
13.948762  20875
13.961516  63065
13.963908  63022
13.968373  62935
13.973097  20140
14.005410  62887
14.009176  62790
14.015793  62742
14.021891  62645
14.027716  19760
14.029489  18984
14.031801  62597
14.033474  18580
14.035207  17755
14.037639  17323
14.043357  16438
14.047502  15972
14.049215  15012
14.055452  14501
14.057545  13443
14.062189  12873
14.064062  11648
14.066214  10971
14.072732  9533
14.076717  8706
14.089292  6894
14.093477  5750
14.096883  3007
14.100074  2920
14.102486  62489
14.105872  62435
14.122321  62327
14.134356  62273
14.152953  62164
14.157758  62109
14.165929  61999
14.175418  61944
14.181336  61834
14.183009  61779
14.187294  61668
14.191979  61608
14.212072  61488
14.214184  61428
14.225206  61293
14.254942  61225
14.261839  61089
14.269176  61021
14.271329  60885
14.297519  60823
14.299492  60699
14.312826  60637
14.316052  60513
14.319877  60451
14.332791  60327
14.336876  60265
14.358262  60140
14.369164  60078
14.376181  59953
14.378813  59890
14.395154  59764
14.411101  59701
14.419651  59575
14.423776  59512
14.427602  59386
14.445042  59323
14.446915  59196
14.449227  59133
14.464154  59006
14.472644  58942
14.481874  58814
14.495409  58734
14.503479  58573
14.510176  58492
14.512289  58321
14.529029  58235
14.535047  58063
14.738182  57985
14.754923  57829
14.764272  57751
14.806488  57594
14.818644  57516
14.837117  57359
14.843314  57280
14.847839  57122
14.852603  57043
14.854596  56884
14.861393  56805
14.865399  56646
14.871664  56566
14.875729  56406
14.878401  56326
14.882786  56165
14.893888  56085
14.906024  55924
14.911762  55843
14.976883  55681
14.981315  55600
14.990659  55437
14.997396  55356
14.999569  55192
15.018082  55110
15.103841  54946
15.110439  54858
15.130945  54680
15.140294  54591
15.142247  54413
15.148984  54324
15.150717  54145
15.155042  54055
15.157175  53875
15.159547  53785
15.161580  53604
15.166524  53513
15.172742  53278
15.175094  53160
15.181152  52923
15.185117  52806
15.189042  52570
15.191674  52452
15.193267  52216
15.205322  52098
15.208688  51860
15.225441  51741
15.234491  51502
15.243221  51382
15.255143  51141
15.259228  51020
15.265706  50777
15.272583  50655
15.279081  50410
15.309975  50287
15.313861  50039
15.316233  49914
15.322551  49664
15.327155  49535
15.328728  49276
15.335724  49146
15.342022  48883
15.344454  48751
15.367093  48486
15.374197  48351
15.388915  48081
15.390528  47945
15.392161  47672
15.397991  47535
15.412080  47260
15.414212  47122
15.415885  46845
15.425162  46706
15.439498  46421
15.450000  46278
15.454972  45991
15.461909  45844
15.479584  45548
15.500475  45399
15.515982  45098
15.520966  44947
15.651185  44643
15.664324  44488
15.669963  44176
15.698605  44019
15.713973  43701
15.716365  43541
15.719971  43219
15.724815  43060
15.732666  42741
15.737050  42581
15.739223  42283
15.748353  42133
15.750546  41832
15.755970  41685
15.758083  41390
15.766433  41242
15.768586  40946
15.777475  40797
15.791404  40498
15.803525  40348
15.809403  40046
15.819885  39894
15.832601  39588
15.835233  39434
15.836826  39125
15.845755  38969
15.849960  38656
15.858890  38498
15.871085  38181
15.882186  38021
15.886272  37700
15.895795  37538
15.961831  37184
15.978018  37005
15.980191  36646
15.982363  36465
15.987942  36100
16.020848  35948
16.033293  35642
16.044283  35488
16.046256  35178
16.058237  35022
16.062503  34708
16.074698  34550
16.076671  34232
16.081735  34072
16.085940  33749
16.089975  33586
16.116385  33258
16.120817  33093
16.126515  32760
16.130820  32592
16.147087  32254
16.158549  32084
16.169739  31741
16.176297  31568
16.178170  31219
16.180522  31043
16.186120  30688
16.199863  30509
16.203349  30148
16.212638  29966
16.218377  29599
16.228919  29413
16.233124  29039
16.235496  28813
16.241694  28356
16.246698  28124
16.254169  27656
16.261226  27418
16.267964  26938
16.281019  26694
16.287956  26201
16.293434  25935
16.314559  25398
16.329567  25124
16.343222  24570
16.359077  24287
16.363502  23711
16.368186  23416
16.376817  22819
16.381721  22513
16.386026  21892
16.390251  21573
16.401014  20925
16.403386  20591
16.405479  19912
16.409644  19519
16.416462  18716
16.420607  18297
16.431769  17473
16.438706  17042
16.446457  16157
16.448789  15691
16.456220  14730
16.459271  14218
16.472900  13158
16.475332  12585
16.479337  11387
16.494065  10725
16.507499  9319
16.519915  8510
16.526552  6738
16.535501  5619
16.539507  2935
16.552122  2920
20.380066  3545
20.497415  4576
20.695870  3603
20.698522  4711
20.702894  5134
20.704927  5911
20.711764  6248
20.713637  6887
20.716269  7176
20.728185  5037
20.732450  5876
20.928363  7454
20.932409  7989
20.934861  8229
20.943711  8695
20.948795  8908
20.950908  9325
20.965081  6235
20.975204  6913
21.083035  9551
21.095195  9993
21.100973  10204
21.107870  10618
21.114255  10817
21.115828  11207
21.125137  11395
21.133008  11766
21.134661  7218
21.139466  7803
21.219814  11945
21.227125  12298
21.232124  12469
21.235694  12808
21.240499  12973
21.248810  13298
21.251022  13456
21.257819  13770
21.260351  8073
21.262344  8596
21.264816  8841
21.372456  13923
21.377740  14226
21.382304  14374
21.384057  14668
21.390394  14812
21.392007  15097
21.402409  15180
21.404542  9319
21.406774  9545
21.410140  15345
21.419669  15426
21.550583  15588
21.558083  15668
21.560755  15828
21.563447  15907
21.569965  16051
21.576262  16122
21.580167  9987
21.584412  16139
21.586524  10198
21.588397  16147
21.741813  16160
21.746617  16166
21.758762  16179
21.761334  16185
21.765699  16198
21.778054  10612
21.780466  16204
21.782379  16143
21.785051  10811
21.786824  11202
21.789056  16112
21.941159  16028
21.944505  15986
21.954667  15901
21.958776  15859
21.963420  15774
21.967545  15731
21.976219  15645
21.981897  11324
21.987220  11566
21.989772  15602
21.991405  11584
21.995890  11620
21.998342  15515
22.192947  15472
22.204629  15384
22.214537  15326
22.216730  15210
22.218862  15140
22.224900  14998
22.227132  14822
22.229005  14465
22.247204  11572
22.253242  11475
22.257487  11408
22.259400  11273
22.264384  14282
22.270243  13911
22.469272  13721
22.471085  13335
22.479822  13137
22.483848  12734
22.486300  12495
22.487993  12008
22.494610  11755
22.496363  11237
22.501207  10966
22.516474  11198
22.522113  10476
22.524585  11047
22.526717  10971
22.530822  10220
22.532955  10470
22.539472  10208
22.797349  9958
22.801334  9419
22.807316  9134
22.811681  8546
22.815766  8232
22.817439  7580
22.822443  6886
22.824256  5357
22.842475  4401
22.846800  2920
22.851444  9929
22.853177  9355
22.861907  9047
22.872230  8409
23.046879  8024
23.165875  6918
23.184374  6277
23.186207  4863
23.188399  3951
23.190332  2920
50.665560  3188
50.667393  3680
50.678715  3893
50.686406  4296
50.722918  4478
50.729416  4828
50.738106  4986
50.748589  5292
50.760230  5436
50.761943  5717
50.782695  5840
50.784608  6081
50.787040  6196
50.788893  6423
50.791445  6532
50.795550  6747
50.958137  6836
50.961983  7012
50.964535  7098
50.971053  7268
50.976217  7351
50.978210  7515
50.988553  7595
50.990726  7754
50.997503  7831
50.999476  7985
51.008685  8060
51.019508  8209
51.023873  8282
51.025886  8427
51.028198  8498
51.029971  8640
51.034675  8709
51.042346  8847
51.051775  8915
51.053588  9050
51.056160  9116
51.061998  9248
51.064550  9313
51.066643  3074
51.073160  9442
51.074813  9505
51.081230  3367
51.083902  9632
51.086474  3501
51.096697  9694
51.102615  3758
51.107219  9818
51.111564  3878
51.113537  9879
51.130158  4110
51.135286  4149
51.139791  4228
51.147307  10001
51.152391  10061
51.155897  10181
51.158229  10214
51.162634  4232
51.174778  4241
51.183747  10281
51.186319  4245
51.195169  4254
51.199733  4258
51.201526  4267
51.274132  4271
51.275865  4280
51.290652  10314
51.299082  10380
51.303367  10355
51.305100  10305
51.307672  10280
51.309405  10230
51.316362  10211
51.322720  10172
51.327964  10153
51.331510  10114
51.344684  10097
51.346477  10062
51.350682  10044
51.352395  10008
51.364336  9990
51.370194  9954
51.376731  9936
51.380676  9900
51.385101  9882
51.389766  9846
51.398356  9816
51.402601  9755
51.406726  9725
51.410831  4257
51.412524  9663
51.415176  9632
51.416909  4209
51.419301  4185
51.421294  4136
51.425779  9570
51.436761  4077
51.440807  3957
51.448343  9539
51.450416  3895
51.451989  9476
51.468758  3769
51.471430  3682
51.477928  3504
51.479521  3411
51.486398  3219
51.490883  9445
51.495308  9382
51.497420  9350
51.505551  9286
51.511908  3098
51.522311  2920
51.531661  9232
51.535706  9123
51.542723  9068
51.656956  8953
51.664013  8895
51.668558  8778
51.673123  8719
51.679221  8572
51.683326  8497
51.687191  8303
51.694068  8204
51.700186  7974
51.708156  7856
51.709769  7616
51.716406  7492
51.722164  7240
51.726129  7110
51.731273  6861
51.739603  6732
51.743628  6469
51.746020  6333
51.752498  6054
51.756263  5908
51.764473  5609
51.767045  5452
51.773143  5128
51.779900  4956
51.784425  4607
51.786997  4420
51.801386  4111
51.811789  3945
51.844665  3609
51.856880  3425
51.858553  3038
51.863917  2920
52.261960  2961
52.264472  2981
52.299825  3021
52.312509  3040
52.319546  3106
52.322118  3138
52.341931  3202
52.344123  3233
52.376291  3295
52.387174  3325
52.403863  3385
52.405456  3414
52.694437  3403
52.698622  3398
52.716855  2933
52.719227  2939
52.721300  3387
52.723492  3382
52.731443  2980
52.733755  3000
52.899378  3371
52.905377  3366
52.948959  3355
52.951471  3020
52.953624  3349
52.958109  3337
52.973036  3331
52.974889  3319
52.989936  3060
52.992168  3079
52.994341  3295
52.998126  3247
53.002191  3118
53.007055  3137
53.017298  2945
53.019810  2920
53.024015  3167
53.029154  3002
53.053811  2920
