# t(s) W_ledbat(bytes)
10.043212  65535
10.152673  65535
10.453204  65535
10.520759  65525
10.523431  65520
10.525204  65510
10.527796  65505
10.536806  65495
10.539378  65490
10.541151  65480
10.551934  65475
10.556199  65532
10.558232  65526
10.560744  65465
10.565796  65523
10.567829  65459
10.569902  65447
10.572414  65441
10.574127  65429
10.576659  65508
10.579031  65501
10.580704  65423
10.582517  65411
10.589234  65486
10.593130  65479
10.597155  65405
10.598848  65464
10.601060  65457
10.603173  65393
10.605465  65442
10.607797  65430
10.609850  65406
10.612462  65394
10.621392  65387
10.623045  65370
10.632154  65375
10.637138  65363
10.639251  65338
10.641363  65358
10.643256  65326
10.644829  65301
10.647201  65289
10.649394  65262
10.653619  65249
10.655672  65334
10.658084  65214
10.662849  65197
10.671570  65162
10.673902  65145
10.677728  65322
10.681394  65298
10.683866  65110
10.686178  65093
10.690163  65058
10.692615  65286
10.694488  65041
10.697934  65262
10.700446  65006
10.703158  64989
10.707103  65246
10.708836  64954
10.713201  64937
10.714834  65213
10.719858  64902
10.726055  65193
10.729741  64885
10.731474  65152
10.736718  64833
10.739090  65132
10.741043  65091
10.743675  64807
10.745568  64755
10.750353  65071
10.754918  64727
10.756731  65030
10.759403  64671
10.761955  64643
10.763708  65010
10.765421  64969
10.768033  64587
10.770205  64559
10.774995  64949
10.776928  64908
10.779040  64888
10.780953  64503
10.783305  64847
10.784938  64827
10.787250  64465
10.791595  64389
10.794287  64351
10.800605  64786
10.802997  64272
10.804750  64766
10.807182  65525
10.809035  64233
10.811208  64154
10.814042  64113
10.815775  65504
10.818889  64725
10.821021  65494
10.823014  64030
10.825346  64705
10.826939  63989
10.828752  63897
10.831164  63851
10.833277  65460
10.835449  63759
10.837142  64664
10.840353  65443
10.842086  64644
10.843799  64603
10.846111  64583
10.848084  64542
10.850236  65409
10.851989  64503
10.854621  63711
10.856294  64425
10.858546  64386
10.860359  65392
10.862012  63615
10.864364  65358
10.866956  65341
10.868929  64308
10.871101  63567
10.873214  64269
10.874807  63470
10.877439  63422
10.879432  63324
10.881924  63275
10.883917  65301
10.886089  65281
10.887882  64179
10.889495  63177
10.892187  65241
10.894779  64134
10.896392  64044
10.898824  63128
10.901496  63019
10.905152  63999
10.906765  63908
10.909117  62965
10.910750  62856
10.912982  62803
10.914975  63860
10.916688  62696
10.918800  65220
10.920673  63763
10.923305  63714
10.925138  62643
10.927291  65177
10.929863  62536
10.932255  62483
10.933988  63616
10.936260  65156
10.938912  62376
10.941484  62323
10.943337  63567
10.944910  63469
10.947042  63420
10.948875  62216
10.951027  62162
10.952920  65101
10.955092  65074
10.956905  62054
10.959220  62000
10.961932  65019
10.964147  63322
10.966699  61892
10.970909  63236
10.973102  63063
10.975654  62977
10.977587  61835
10.979540  64992
10.981713  65535
10.985898  61720
10.988210  62790
10.990742  64937
10.993234  64910
10.997399  62696
10.999192  61663
11.007982  62508
11.010134  64855
11.019043  64828
11.020856  64773
11.022469  62409
11.024102  61544
11.028846  61484
11.031563  62210
11.037481  62111
11.039234  61893
11.041686  61364
11.046250  61784
11.050815  61565
11.053946  61300
11.058751  61455
11.060724  61235
11.065509  61125
11.067482  61172
11.069614  60884
11.072066  61108
11.073679  60763
11.075792  60521
11.080656  60400
11.084961  60972
11.087413  60156
11.089685  60034
11.091878  59784
11.098383  60904
11.100196  59659
11.101849  60768
11.104141  59407
11.108366  64746
11.115123  60688
11.116736  59280
11.118489  59025
11.121161  58897
11.123214  64691
11.125866  64664
11.132289  60528
11.137193  60448
11.139366  58638
11.143611  58508
11.150873  58247
11.154658  60274
11.157904  64602
11.159497  64571
11.161330  64509
11.172224  60187
11.174157  64474
11.176150  60013
11.178362  64404
11.182847  59917
11.184620  59725
11.187112  59629
11.188865  59422
11.195662  64369
11.197775  59318
11.199368  58114
11.201281  64258
11.203973  57846
11.206205  64203
11.208338  64092
11.210950  57712
11.212603  59110
11.217607  64024
11.220059  58995
11.222252  63886
11.224824  63817
11.231449  58763
11.241892  58647
11.244464  63679
11.247535  63610
11.249208  58409
11.251780  58290
11.253653  57441
11.255266  58050
11.262622  57930
11.264255  57305
11.265888  57033
11.272205  63472
11.274857  57689
11.283487  63400
11.285240  57568
11.289605  57309
11.292017  63256
11.295842  63184
11.297675  56896
11.299608  56622
11.302260  57179
11.304193  56484
11.306086  56918
11.313917  56782
11.321014  56508
11.323686  56182
11.325359  56371
11.326932  56092
11.330063  56030
11.332016  55726
11.334208  55952
11.336341  63039
11.339013  62967
11.340746  62822
11.343078  55558
11.344931  62745
11.349017  55221
11.351509  62591
11.353901  55052
11.355594  62514
11.357347  54692
11.360039  62345
11.363744  54511
11.365597  55671
11.368169  62261
11.370242  62092
11.376085  55525
11.378218  54147
11.380410  53960
11.381983  53585
11.384894  53397
11.386707  53012
11.389279  52818
11.390992  55231
11.393244  52429
11.395936  55083
11.399502  54776
11.401774  62005
11.403587  54622
11.405340  52233
11.409785  54312
11.413790  54156
11.415923  51839
11.424992  53842
11.427364  51641
11.429497  51235
11.431869  51030
11.433482  53684
11.435495  50619
11.437867  53336
11.440199  53161
11.442292  50412
11.446218  49996
11.448390  52809
11.451062  49786
11.456940  52628
11.458973  49355
11.461145  49138
11.462978  52264
11.465350  48701
11.467702  52081
11.469615  51705
11.471767  48481
11.473720  51516
11.475653  51136
11.477885  48038
11.479478  50941
11.482090  47815
11.484143  50549
11.488787  61830
11.490420  47366
11.493611  47140
11.495304  61743
11.497497  46685
11.501233  61568
11.503785  61480
11.505938  50352
11.507651  46455
11.510788  45993
11.512581  61304
11.515672  61216
11.517385  49955
11.519058  45760
11.521330  45285
11.523782  45045
11.527068  61039
11.529360  49755
11.531313  44562
11.533665  44312
11.540170  49354
11.541803  43809
11.544115  49152
11.546827  60950
11.549319  48746
11.551911  60749
11.554383  43555
11.556376  48541
11.558449  43038
11.562384  60649
11.564836  42777
11.566629  48125
11.568881  47916
11.570454  60447
11.572067  42251
11.573700  41985
11.575273  47495
11.578843  41449
11.585780  47270
11.587813  46818
11.590205  46590
11.592338  46118
11.596703  45880
11.598436  45400
11.601028  45152
11.602841  41178
11.604654  40631
11.607286  40354
11.609279  39796
11.611831  44652
11.629050  60323
11.630863  60075
11.633575  39505
11.635288  44400
11.637201  43885
11.639773  38919
11.642325  43625
11.644058  38622
11.645971  43101
11.648123  38016
11.649996  42836
11.651589  42303
11.655803  59951
11.657376  37708
11.662864  37087
11.664637  42033
11.666230  36762
11.668642  41489
11.671114  41214
11.672847  36106
11.674440  40659
11.676992  40365
11.682156  35772
11.684848  39772
11.689113  35079
11.691745  34726
11.693438  59701
11.695750  59576
11.697743  59325
11.700155  34012
11.702307  59199
11.704180  39471
11.706193  33647
11.707866  58946
11.710138  58819
11.722833  38861
11.725445  58564
11.727717  38551
11.729890  58436
11.731703  58180
11.733995  58042
11.735568  57764
11.737783  37926
11.740837  57625
11.743192  57345
11.745444  37609
11.748418  36969
11.751130  57205
11.752763  36644
11.754936  56923
11.757468  32909
11.761553  56782
11.765319  56498
11.770323  32532
11.774688  56356
11.778834  31768
11.781186  31377
11.782939  30585
11.787004  35987
11.790580  30169
11.792693  35653
11.798502  29326
11.801074  34978
11.803306  28893
11.813049  28010
11.816974  56070
11.818627  27555
11.820859  26629
11.824265  26117
11.826577  55926
11.828789  34630
11.830842  33926
11.833114  25072
11.835246  55638
11.837638  33567
11.848368  32834
11.850940  32460
11.852953  31702
11.855345  24528
11.858157  23415
11.865034  55492
11.866947  65535
11.871891  22832
11.878169  55199
11.882174  55052
11.887059  21636
11.891484  20992
11.896069  31304
11.906412  30497
11.908584  54754
11.917474  30083
11.925025  54604
11.927657  19663
11.934913  29208
11.937125  28758
11.940711  27843
11.946560  54303
11.950865  27369
11.957442  54139
11.960719  18954
11.962312  17482
11.965004  26404
11.971841  16684
11.973914  15012
11.976526  53810
11.981730  14049
11.985356  25904
11.987549  11991
11.989741  10786
11.991394  8011
11.995739  24857
11.998311  53645
11.999984  24311
12.001817  6143
12.003990  23195
12.006222  2920
12.008934  53297
12.010507  22600
12.012859  21379
12.016205  20734
12.018797  19403
12.021229  53122
12.023102  52771
12.025614  18692
12.027487  17215
12.029839  52585
12.031852  52211
12.034404  16379
12.036357  52023
12.038430  14622
12.043394  51645
12.046026  13638
12.047979  11540
12.050351  10300
12.056829  7521
12.059081  5619
12.062847  51455
12.064740  2920
12.086045  51068
12.092222  50874
12.110856  50483
12.157359  50282
12.167562  49879
12.169854  65514
12.171607  49676
12.174219  65471
12.176751  65450
12.178464  65407
12.181156  49268
12.185281  65386
12.190830  49063
12.192563  48650
12.229654  48442
12.236032  48024
12.240856  47813
12.245541  47389
12.257104  47175
12.258797  46745
12.260949  46528
12.295570  46092
12.366001  45872
12.378716  45430
12.381148  45207
12.448996  44759
12.457177  44533
12.458990  44078
12.479689  43827
12.488479  43321
12.499581  43065
12.505938  42491
12.510670  42200
12.514596  41614
12.545777  41307
12.547890  40688
12.550142  40374
12.676723  39741
12.679115  65535
12.680968  39420
12.695996  38743
12.698328  38399
12.702533  37704
12.706079  37341
12.715488  36608
12.725899  36234
12.730484  35478
12.738774  35092
12.747664  65338
12.753562  65242
12.776187  34292
12.783104  33883
12.788703  65194
12.790716  33055
12.795241  32543
12.796814  65098
12.799086  65050
12.807996  31503
12.810488  30966
12.817665  29873
12.823783  64954
12.828987  64906
12.832553  64807
12.835085  29307
12.841363  64758
12.845308  28152
12.852405  27534
12.856490  64659
12.860795  26269
12.865669  64609
12.877790  25606
12.879703  64509
12.887119  64459
12.888732  64332
12.893356  64269
12.895029  64142
12.898315  24246
12.903763  64060
12.906475  63895
12.908907  23528
12.927481  63812
12.929054  22048
12.931606  21258
12.934018  19620
12.940755  18733
12.992069  17084
13.003656  16180
13.007282  14270
13.023167  13188
13.037418  10845
13.045868  9421
13.050293  6141
13.061615  3625
13.068253  2920
13.106488  63653
13.112186  63574
13.124415  63415
13.129259  63335
13.139282  63175
13.144800  63095
13.157120  65535
13.474577  63015
13.476510  62854
13.481574  62774
13.524539  62613
13.527071  62532
13.540126  62370
13.558031  62289
13.560204  62127
13.562596  65535
13.581208  62046
13.594937  61883
13.622189  61802
13.624481  61638
13.626094  61556
13.627807  61392
13.646645  61307
13.648618  61137
13.652423  61052
13.657362  60877
13.662765  60790
13.674586  60615
13.684949  60526
13.694306  60347
13.699590  60257
13.718623  60057
13.723348  59957
13.725301  59756
13.852357  59663
13.861327  59476
13.866836  59382
13.888934  59194
13.899565  59100
13.907816  58911
13.910088  58816
13.918319  58626
13.922324  58531
14.166118  65532
14.169373  65531
14.179356  65528
14.254701  58436
14.256514  58245
14.261158  58149
14.269009  57957
14.322524  57854
14.326849  57648
14.328422  57545
14.333426  57338
14.335738  57234
14.337471  57021
14.339683  56914
14.346261  56700
14.367926  56592
14.370119  56374
14.372451  56265
14.414687  65521
14.416480  65507
14.420905  56046
14.424096  65500
14.426608  55936
14.434579  55716
14.441416  55606
14.443129  55384
14.445541  55273
14.451439  55050
14.464413  54938
14.470671  54714
14.495684  54602
14.506457  54376
14.511201  54255
14.514907  54012
14.519971  53890
14.524176  53646
14.531986  53524
14.538124  53278
14.546574  53147
14.555444  52883
14.557616  52751
14.561002  52485
14.565067  52352
14.651934  52103
14.662975  51978
14.664608  51727
14.669932  51605
14.677803  51360
14.699048  51237
14.705026  50990
14.724805  50866
14.726898  50617
14.738202  50492
14.757440  50241
14.764557  50115
14.827100  65493
14.834277  65478
14.836869  65471
14.838902  65451
14.850004  65441
14.866185  65421
14.890206  65410
14.892099  65387
14.897043  65376
14.898816  65353
14.909165  65342
14.922201  65307
14.923914  65290
14.932958  65255
14.973193  65238
14.981744  65535
14.988361  65203
14.992566  65186
14.999224  65151
15.003349  65134
15.005322  65099
15.014791  65082
15.020989  65047
15.029000  65030
15.043273  64995
15.053075  64978
15.068877  64943
15.077027  64924
15.084303  64886
15.093552  64867
15.263099  64809
15.265371  49989
15.267084  64780
15.269137  64722
15.271649  49736
15.276673  49609
15.284504  49354
15.287036  49226
15.289009  64693
15.291102  64635
15.300311  48969
15.302423  48840
15.310993  48581
15.321835  65533
15.325121  48451
15.330285  65529
15.332657  48190
15.336742  65527
15.340688  48052
15.346207  65502
15.348839  65490
15.357049  65465
15.361481  65444
15.372104  65401
15.374556  65380
15.383566  47774
15.389830  65337
15.394135  47635
15.406237  65316
15.409923  65535
15.415888  65273
15.418120  47355
15.423224  47214
15.424897  65252
15.439765  46932
15.446482  46790
15.448435  46484
15.450887  46330
15.470406  46021
15.487146  45866
15.489219  45554
15.524411  45397
15.558843  45082
15.568947  44924
15.577397  44605
15.579250  44445
15.582461  44123
15.588579  43907
15.593004  43473
15.595236  43254
15.597129  42776
15.603726  42535
15.605739  42049
15.825516  64606
15.835899  64548
15.855810  41800
15.857783  64519
15.859476  41298
15.863441  41044
15.865673  64461
15.868165  64432
15.874503  64374
15.877155  40533
15.894482  40274
15.896215  39753
15.902473  39489
15.911722  64345
15.913895  38957
15.918220  38688
15.947315  64287
15.955965  38145
15.958617  64258
15.969320  64200
15.987678  64171
15.989271  64113
15.996347  37870
15.998120  64084
16.002959  37316
16.005511  64026
16.010375  63997
16.018366  63939
16.020838  37035
16.029528  63882
16.037239  63767
16.038832  36468
16.046568  36180
16.048161  63709
16.052866  35600
16.064249  63593
16.068401  35305
16.070054  34710
16.072606  34408
16.074619  63535
16.078324  33670
16.087814  33293
16.089487  63419
16.095332  63361
16.100556  65198
16.108954  32530
16.117184  63180
16.121289  65090
16.125674  63089
16.138569  62907
16.154263  62816
16.156296  62633
16.158528  62542
16.171244  62359
16.188509  65036
16.190122  62267
16.193728  64928
16.199566  62083
16.206223  61991
16.210987  64874
16.216925  64766
16.233339  64712
16.235452  64603
16.242589  61806
16.248367  61713
16.255044  64549
16.257197  61527
16.265667  64440
16.270439  61442
16.281001  61271
16.283373  64386
16.287419  61186
16.303920  61014
16.313089  60928
16.356437  60756
16.363773  60670
16.370231  60497
16.379780  64277
16.386577  64223
16.388689  64169
16.395246  64114
16.410270  64059
16.423603  64004
16.433311  63949
16.621178  63885
16.625023  63821
16.626816  63757
16.631840  63693
16.633433  63629
16.637103  63565
16.649982  32140
16.651695  31350
16.662097  30945
16.678083  30124
16.689623  29670
16.697119  28747
16.707062  28271
16.721433  27302
16.741342  26801
16.761766  25779
16.786104  25248
16.798999  65486
16.808575  24163
16.813020  65387
16.815612  23597
16.827932  23017
16.830364  22260
16.835827  65338
16.838439  65239
16.841011  65190
16.843204  65091
16.845636  21477
16.850620  65041
16.854006  20665
16.856118  19822
16.858790  64941
16.861462  18943
16.871230  64891
16.894033  18023
16.903621  64841
16.910398  64791
16.924291  64741
16.951277  17056
16.953270  16034
16.955602  14947
16.959467  13781
16.961220  64691
16.964870  64641
16.970912  12516
16.975077  11123
16.982133  9555
16.984545  7730
17.000581  5474
17.003552  64591
17.008716  60410
17.011008  60323
17.024702  2920
17.029206  60236
17.041486  60149
17.045152  64541
17.059444  60062
17.063693  64491
17.075268  59975
17.086319  59888
17.095932  59801
17.102968  64441
17.111098  59713
17.112811  59625
17.120553  59537
17.125677  63501
17.169861  63437
17.171634  63373
17.181709  59447
17.187407  59357
17.197034  59267
17.205141  63308
17.207573  63243
17.209865  59167
17.214969  59067
17.217101  63178
17.221965  58967
17.224657  58867
17.232473  63113
17.234865  58739
17.239669  58610
17.246985  58481
17.250291  63048
17.268553  58352
17.270166  62980
17.281414  62912
17.284106  58222
17.290496  58092
17.292948  62844
17.294641  57962
17.310381  57832
17.363972  57741
17.369635  57650
17.372087  57559
17.374679  57468
17.380597  57377
17.391423  57285
17.398040  57193
17.413705  57101
17.422658  57009
17.429495  56917
17.440022  56825
17.498911  56732
17.503363  62776
17.513031  56639
17.520307  56546
17.527623  56453
17.543847  65495
17.551378  65455
17.559468  65415
17.622621  62709
17.633447  62642
17.636813  31321
17.636813  31187
17.639844  31052
17.642875  30912
17.644748  30772
17.816277  64391
17.818769  64341
17.826345  64291
17.862705  64241
17.867878  64190
17.872103  64139
17.875833  64088
17.883129  64037
17.896762  63986
17.899913  63935
17.914605  63884
17.916278  63833
17.919089  63782
17.922928  63731
17.926039  63668
17.936494  31834
17.936494  31716
17.976142  31605
17.978035  31494
18.009231  31388
18.018192  56360
18.031331  56267
18.040520  28133
18.040520  27944
18.051941  27754
18.057344  31281
18.071163  27563
18.072816  31174
18.081002  27373
18.092268  27182
18.098346  26992
18.107934  31067
18.117243  26801
18.126024  30636
18.130668  26608
18.176340  30499
18.184495  30362
18.188680  26414
18.201594  26216
18.211849  26016
18.219165  25814
18.223230  25609
18.226361  30224
18.230071  25402
18.235274  25194
18.238500  30081
18.243224  24984
18.248847  24772
18.258585  65531
18.261017  29937
18.280614  24558
18.282986  29793
18.291196  29648
18.294566  24342
18.297697  24126
18.299310  29502
18.301582  23908
18.314668  23691
18.338772  65376
18.345149  32688
18.345149  32612
18.351686  32538
18.359796  23479
18.363921  23267
18.366832  23053
18.369264  22837
18.376141  22619
18.383376  22401
18.394422  22181
18.413455  21958
18.418818  32464
18.421050  21733
18.423422  32390
18.426413  21502
18.428206  32315
18.439991  65515
18.456420  32240
18.470202  32164
18.505907  21268
18.507620  29357
18.514576  21031
18.525083  20791
18.531940  20544
18.534711  32757
18.534711  32725
18.537243  32693
18.545940  32661
18.548132  32086
18.551937  32767
18.551937  32827
18.553630  32623
18.555343  32007
18.564432  31927
18.577790  32887
18.585885  32947
18.636859  29211
18.647392  29065
18.653949  14532
18.653949  14237
18.656641  13921
18.659233  13598
18.664516  13264
18.770233  20294
18.829794  30959
18.831367  30851
18.836491  30743
18.853105  30644
18.856500  30547
18.859172  30451
18.861824  30354
18.866868  30259
18.873984  30168
18.877135  30077
18.879847  29994
18.882878  29911
18.885909  29827
18.890653  29743
18.892386  29659
18.895018  29580
18.927153  29506
18.931725  29432
18.945837  29368
18.963514  20123
18.979545  29315
18.991146  29264
19.009471  29225
19.020637  13116
19.061981  12981
19.072862  12845
19.097501  12730
19.099354  32676
19.102046  12628
19.104498  32729
19.106790  32782
19.111075  32841
19.112688  12545
19.132272  12465
19.137475  12389
19.139767  12323
19.156112  31970
19.157725  32016
19.159478  32064
19.168531  32129
19.170124  32194
19.173335  32259
19.176047  32905
19.178259  33011
19.180711  33075
19.183123  33138
19.185495  33201
19.189640  32324
19.191832  33264
19.193705  33327
19.197435  33390
19.200107  32389
19.214879  12484
19.219863  33453
19.229651  32969
19.231883  33033
19.234235  33516
19.239059  33096
19.240952  32454
19.244083  33579
19.245756  33159
19.247349  32519
19.257382  32584
19.267793  33641
19.271578  33703
19.317414  12653
19.330767  12820
19.339343  6410
19.339343  6739
19.342055  7052
19.350577  7345
19.353069  7621
19.447800  29297
19.450192  29369
19.458147  29440
19.479628  29511
19.482240  29582
19.484632  29651
19.487224  29718
19.494128  29784
19.500865  29850
19.502498  29916
19.505709  29982
19.507282  30048
19.509574  30114
19.514812  30180
19.516405  30246
19.519516  15123
19.519516  15255
19.552249  15386
19.555200  15516
19.567320  15648
19.589088  10061
19.589088  10271
19.591800  10476
19.594232  10677
19.606392  15779
19.618832  15908
19.633550  16036
19.641740  7898
19.686054  8165
19.692871  8423
19.722593  8673
19.724426  33222
19.727637  8916
19.730169  33285
19.733659  33348
19.739786  33411
19.741499  9153
19.765133  9374
19.772669  9590
19.775261  9792
19.792085  32648
19.801873  16324
19.801873  16453
19.806637  16581
19.812435  16708
19.814747  16824
19.817861  16939
19.819434  33474
19.821866  33765
19.824258  33827
19.826490  33889
19.828982  33951
19.834266  17053
19.835999  34013
19.839230  34075
19.840803  34137
19.843475  17168
19.856648  9981
19.860893  34198
19.869642  16737
19.869642  16860
19.872653  34259
19.878476  16981
19.881088  17086
19.883760  17282
19.888508  17129
19.888508  17252
19.891679  17191
19.893292  17395
19.903120  17508
19.910515  17374
19.914820  17617
19.954430  10163
19.973431  10339
19.981506  5169
19.981506  5512
20.072232  16161
20.074225  16285
20.076417  16414
20.084854  16542
20.086467  16669
20.088779  16795
20.091351  16920
20.098228  17044
20.104325  17168
20.107571  17291
20.109224  17413
20.114986  17534
20.121148  8767
20.121148  9008
20.177058  10875
20.178671  5437
20.178671  5825
20.193538  6187
20.217804  65535
20.325126  17313
20.327558  17435
20.330709  17556
20.335433  17676
20.370985  17628
20.381033  8814
20.381033  9053
20.388269  9286
20.395885  9513
20.405273  9733
20.412010  17795
20.414322  17737
20.416175  9943
20.418587  17975
20.420200  18092
20.422732  18325
20.424305  10147
20.426158  18440
20.428690  18669
20.430403  10338
20.433574  18782
20.446269  19007
20.454004  19118
20.457929  10542
20.460501  8897
20.460501  9134
20.462913  10742
20.468056  10938
20.534398  5895
20.535991  2947
20.535991  3664
20.600107  9242
20.633576  6528
20.765397  9365
20.770281  9816
20.771894  10031
20.782416  10452
20.803605  11131
20.806097  11320
20.808689  11506
20.815186  11873
20.828560  12051
20.832645  10654
20.847033  12401
20.849485  19228
20.852017  19447
20.854129  12571
20.856142  19555
20.858095  12897
20.860647  19771
20.863139  19877
20.865172  20089
20.869397  13060
20.876124  13383
20.877737  13540
20.903246  4240
20.944944  65535
20.999893  3448
21.006250  4621
21.006250  5078
21.008842  3895
21.039494  3264
21.039494  3911
21.042969  4451
21.045141  4925
21.046954  5354
21.052936  5748
21.064637  20194
21.206378  10852
21.223307  11241
21.225060  11429
21.273050  20298
21.277914  20506
21.282578  13696
21.285270  20609
21.291768  20814
21.294420  20915
21.296273  13850
21.299919  14155
21.304343  21117
21.306735  21217
21.311000  14304
21.315745  14599
21.325693  14743
21.352228  2920
21.352228  3644
21.354161  4224
21.358146  4724
21.367714  5171
21.413157  15029
21.450233  2920
21.450233  3448
21.459822  3895
21.470030  2920
21.470030  3644
21.472282  4291
21.495204  11613
21.527893  2920
21.527893  3644
21.552749  4224
21.556084  4724
21.561463  5171
21.649910  65534
21.653316  65531
21.662625  65530
21.668284  65518
21.677393  15149
21.679486  65512
21.686427  65500
21.688360  65491
21.693344  65472
21.694997  65463
21.697349  15358
21.707157  65436
21.710388  65423
21.714174  11767
21.716267  65396
21.718240  12072
21.729781  65378
21.739978  15447
21.741991  65342
21.744643  15581
21.757071  65324
21.764008  15625
21.766141  21306
21.767774  15643
21.769906  15653
21.771479  65279
21.779649  65257
21.781402  65211
21.784633  21462
21.794995  15674
21.799660  21539
21.805498  21680
21.809263  21750
21.811895  21767
21.814047  21775
21.821124  65205
21.825389  65193
21.834158  65187
21.836490  65175
21.839202  65169
21.840915  65157
21.915365  5579
21.917218  6336
21.919350  6669
21.929833  7303
21.932285  7592
21.934378  12212
21.936351  8148
21.938643  8407
21.948027  8909
21.970970  65532
21.977347  65526
21.985737  65523
21.990621  65507
21.997437  65499
22.001023  65483
22.010419  2920
22.010419  3448
22.012631  65464
22.014284  3895
22.017435  65425
22.019887  2920
22.019887  3644
22.026144  65406
22.039717  4057
22.042069  4213
22.044761  65359
22.047313  65336
22.050779  65289
22.073849  21778
22.087103  65267
22.089615  65222
22.094899  65199
22.113996  2920
22.113996  3644
22.118201  4224
22.127969  65151
22.134966  65139
22.136879  65133
22.148260  65121
22.150073  65115
22.162473  65103
22.169150  4724
22.170843  5171
22.176674  65096
22.182852  65082
22.185384  65075
22.191982  65040
22.194554  65023
22.203843  64988
22.213092  64970
22.220942  64934
22.229332  64916
22.233897  64871
22.236209  64849
22.238402  64804
22.254169  64780
22.255762  64732
22.258354  64708
22.267763  64652
22.270435  64624
22.272268  64568
22.278785  64538
22.284803  64478
22.291619  64448
22.307921  64388
22.312805  64358
22.314378  64298
22.317030  12312
22.319223  12511
22.332098  64268
22.334171  64208
22.336563  64178
22.340529  15684
22.342582  64118
22.345054  64088
22.347087  64028
22.349219  12561
22.351212  15705
22.353764  12661
22.357099  65176
22.362083  65130
22.368817  65107
22.377047  63991
22.383365  15701
22.389502  63916
22.391714  15693
22.394346  63879
22.405188  63797
22.410033  63756
22.411806  63674
22.416630  15530
22.418403  63633
22.420236  63550
22.422808  21780
22.428626  63509
22.432812  21785
22.440248  21787
22.441921  15366
22.446286  21792
22.448618  15012
22.451290  21794
22.453203  14832
22.457868  21684
22.465304  63420
22.471621  63376
22.476445  21629
22.478438  63287
22.484583  63243
22.489347  63154
22.491120  8956
22.496923  63110
22.503582  63019
22.506293  62974
22.508186  62883
22.510538  8768
22.515423  8243
22.524891  7800
22.589663  65084
22.596241  65038
22.602838  65015
22.627034  64969
22.641087  64946
22.642760  64900
22.650790  64850
22.660658  64749
22.662411  64699
22.685855  64579
22.690020  64519
22.691793  21504
22.694185  64398
22.699628  64335
22.701561  4224
22.708278  2920
22.708278  3043
22.710730  64208
22.713302  64145
22.715455  64007
22.718067  3161
22.720199  5224
22.722391  5628
22.724584  63938
22.726477  63800
22.728889  6379
22.731221  63725
22.732794  6710
22.734547  63574
22.736879  7340
22.739770  63498
22.741343  7463
22.743536  7220
22.749813  2920
22.752525  6705
22.759941  5375
22.762553  63345
22.764705  63269
22.771662  63116
22.773974  63038
22.775587  62881
22.777979  62802
22.802918  62645
22.805430  62567
22.807083  62409
22.843027  12681
22.848071  62836
22.852436  62742
22.857040  62695
22.859193  62596
22.870714  62547
22.874779  62447
22.880164  62392
22.881977  62282
22.887800  62227
22.889713  2920
22.889713  3144
22.900854  3352
22.902667  3547
22.906002  62084
22.908314  3916
22.910067  62013
22.912739  4083
22.915251  61870
22.916904  4404
22.918577  61798
22.924606  4552
22.926679  4839
22.928851  4974
22.932637  61654
22.942065  61582
22.948403  5237
22.953168  61433
22.957692  5362
22.959785  5606
22.961897  61358
22.965743  61208
22.968235  5722
22.976185  61131
22.982064  60977
22.989281  60900
22.993326  60743
23.001756  60664
23.005841  60506
23.008393  60419
23.016404  60245
23.024160  60158
23.027526  59979
23.030158  21377
23.032051  59889
23.041221  59709
23.048717  59617
23.052343  59433
23.056148  62330
23.064818  62172
23.076040  59341
23.081738  14650
23.085904  59149
23.090648  59053
23.096966  58860
23.099098  58763
23.101071  58568
23.106055  62093
23.107988  61934
23.110200  58470
23.112333  61855
23.117912  12513
23.119805  58267
23.121937  12172
23.123750  58166
23.130567  57962
23.139876  57849
23.143841  11981
23.145534  57621
23.149839  11593
23.151692  57507
23.159008  57278
23.170893  57163
23.174998  56933
23.176811  56818
23.179802  56586
23.181515  56470
23.203351  56227
23.205543  21109
23.209688  56105
23.211821  20973
23.216366  55861
23.218638  55739
23.224916  55493
23.227528  55370
23.236078  55119
23.240982  54993
23.246341  20637
23.248114  54741
23.256096  20466
23.258229  54614
23.259802  19958
23.262394  19698
23.264467  54360
23.266679  54233
23.268852  53977
23.271524  53849
23.276129  53591
23.280953  53467
23.290454  53218
23.292966  53093
23.296632  52842
23.304008  52716
23.306061  52463
23.311265  52336
23.313138  52081
23.320603  51953
23.329133  51696
23.332304  51567
23.334397  7291
23.336070  6201
23.343246  51308
23.354587  5547
23.358572  51177
23.364430  50915
23.368475  50783
23.405487  61776
23.409832  61616
23.415929  14466
23.418521  4812
23.422666  14279
23.429703  61526
23.431536  61344
23.433988  61253
23.445110  2920
23.459742  61071
23.462354  60980
23.463967  60797
23.479853  60675
23.484697  60430
23.487309  60307
23.512989  60060
23.527122  59936
23.530408  19417
23.535452  59687
23.544242  59562
23.548268  59312
23.554985  59187
23.556998  58932
23.559430  58804
23.561243  58547
23.571510  58412
23.573543  58142
23.583359  58007
23.585132  57731
23.590236  57592
23.592149  57314
23.599453  4546
23.601226  57174
23.602799  2920
23.605251  56892
23.607843  56751
23.609976  56467
23.614980  56324
23.619285  56038
23.631687  55891
23.639091  55596
23.644095  55448
23.648120  55151
23.652605  55002
23.657290  54703
23.663907  54553
23.667513  54251
23.669985  54100
23.680093  53796
23.682345  53643
23.684538  53336
23.686970  53179
23.692969  52863
23.697553  52704
23.708236  50649
23.710309  50381
23.717266  50246
23.719139  49972
23.721511  49835
23.723684  49559
23.727989  49410
23.732553  49111
23.742281  48961
23.743854  48656
23.746546  48503
23.748399  48195
23.750571  19103
23.752704  5538
23.757284  5157
23.759556  4953
23.761149  4527
23.765114  48040
23.766767  4294
23.768979  47729
23.770972  47573
23.773264  3802
23.775736  2920
23.777789  47259
23.779961  47101
23.784226  46784
23.786778  46625
23.790784  46304
23.799733  46143
23.817771  45819
23.830465  45656
23.836623  45329
23.851730  45164
23.871211  44833
23.880834  44667
23.889624  44332
23.895801  44164
23.897814  43826
23.902818  11251
23.905450  10545
23.908621  43651
23.914699  43299
23.917071  52554
23.921357  43122
23.923290  52254
23.929827  52103
23.931940  14090
23.933833  42744
23.938697  42554
23.940690  51816
23.944895  42171
23.947507  51672
23.952192  51383
23.954644  41967
23.962224  41557
23.969600  41350
23.980323  40926
23.982735  40712
23.984408  40282
23.986700  40058
23.988573  39607
23.992858  39379
23.997003  13361
24.006552  38909
24.010797  38672
24.014682  38194
24.023731  37952
24.025364  37465
24.029529  10004
24.033714  37218
24.035467  8863
24.038099  36721
24.045016  36469
24.053846  35962
24.063555  35705
24.067740  35187
24.071765  34924
24.073378  8219
24.075331  18780
24.077324  12846
24.079157  34394
24.081769  6831
24.084321  18123
24.089325  34125
24.096207  33583
24.098539  17783
24.100712  33305
24.102365  32744
24.104957  32459
24.106610  31860
24.114460  31555
24.116353  30939
24.122890  30625
24.124603  16968
24.126296  16541
24.130301  29990
24.138576  29666
24.140629  15652
24.144734  29009
24.147406  28674
24.149179  15182
24.153944  27995
24.162314  27647
24.166659  26942
24.175489  26581
24.179535  25845
24.186771  25467
24.192449  24699
24.203061  24297
24.208704  23480
24.210317  23052
24.212789  51238
24.217453  22616
24.219126  22172
24.235431  21719
24.240694  21256
24.242487  20776
24.244719  50946
24.248624  20285
24.256339  19782
24.261263  19266
24.268439  18736
24.275415  18192
24.283615  17631
24.291470  17052
24.297028  16440
24.300259  15805
24.304963  15145
24.324414  50800
24.331511  50506
24.334202  50358
24.350152  14452
24.355850  13725
24.358342  12960
24.362826  50061
24.364499  12120
24.370182  11222
24.374986  10252
24.376599  9178
24.381683  7978
24.387745  6495
24.392609  4673
24.395875  2920
24.415690  49884
24.418621  49706
24.423313  14683
24.427518  49521
24.450801  49329
24.454966  49136
24.461803  48942
24.491661  48736
24.500490  48530
24.502882  48323
24.533575  48111
24.549262  47898
24.564389  47684
24.566721  47469
24.571845  47253
24.574397  47036
24.577049  46818
24.582073  46593
24.586897  46367
24.596266  46131
24.602823  45894
24.605535  45655
24.607987  45411
24.616337  45165
24.618829  44918
24.621421  44666
24.637939  44412
24.654863  44157
24.659128  43900
24.661540  43642
24.667123  43382
24.670948  43121
24.672581  42858
24.674174  42594
24.677245  42328
24.699993  42060
24.707289  41791
24.710924  41520
24.713556  41229
24.719279  40936
24.723764  40640
24.726835  40342
24.736771  14155
24.738944  40038
24.752737  39729
24.782281  39417
24.784873  39103
24.796554  38783
24.799146  38460
24.800979  38135
24.926570  37845
24.928403  37553
24.942755  37259
24.946880  36962
24.950011  13603
24.973660  36663
24.982414  36361
24.995949  36057
24.997902  12307
25.094447  12205
25.119294  5782
25.124772  3304
25.130415  11358
25.137551  10448
25.147199  11725
25.149631  9459
25.155429  8367
25.175225  2920
25.365922  7117
25.409738  35756
25.411930  35452
25.415620  35145
25.417193  34836
25.425228  34524
25.431825  34209
25.434357  33891
25.437388  33570
25.448195  33246
25.454480  16623
25.454480  15969
25.456772  15277
25.464308  14554
25.485964  13805
25.499224  13015
25.501776  12177
25.534107  11282
25.562514  10310
25.565186  9246
25.570190  8060
25.572422  6699
25.574195  5065
25.578120  2920
25.612876  5695
25.615428  11087
25.619273  3917
25.864795  2920
25.899766  10338
25.995498  5169
25.995498  3787
26.702293  2920
27.190557  3043
27.192170  3161
27.194362  3079
27.197692  3154
27.199605  3028
27.201318  3237
27.210347  3354
27.236416  3079
27.262769  3405
27.267673  2920
27.267673  3405
27.269825  3991
27.299225  3470
27.301897  2920
27.301897  3470
27.351342  3564
27.353395  4619
27.367928  4452
27.370520  4368
27.372672  4851
27.376698  5722
27.383694  4926
27.385667  5784
27.394884  6149
27.399309  6492
27.404193  7143
27.465565  4520
27.469330  5455
27.477660  5842
27.492313  7438
27.494046  8006
27.500843  3824
27.504648  4929
27.507100  3984
27.511185  5357
27.513198  2920
27.513198  3644
27.515410  6146
27.517722  6489
27.519395  3890
27.523740  4976
27.528205  5400
27.530378  4224
27.563958  8270
27.587076  4025
27.597478  6565
27.603476  6887
27.636667  4079
27.688090  5076
27.694228  5908
27.705713  6091
27.713936  6785
27.718520  7096
27.720852  8525
27.722965  6814
27.726931  7691
27.734207  9020
27.740719  9237
27.751892  9571
27.764100  9732
27.782653  9884
27.817217  7193
27.825987  7780
27.840974  10200
27.857862  10353
27.859515  7434
27.862346  4724
27.869063  7718
27.877093  5791
27.878806  6521
27.883890  8238
27.892800  8481
27.915297  2920
27.915297  3644
27.925944  4224
27.928216  4724
27.929789  8051
27.932321  8576
27.962016  2920
27.962016  3644
28.022118  6265
28.027102  6939
28.035991  10542
28.043942  10915
28.045835  7965
28.048127  8495
28.051313  8929
28.052966  8743
28.059431  6845
28.061683  9226
28.068380  5158
28.071291  5953
28.078715  11095
28.085093  11449
28.102219  11620
28.104072  11914
28.117167  12054
28.144889  8822
28.166133  9282
28.171537  9500
28.185558  12194
28.191996  12471
28.199460  9123
28.201633  9503
28.206877  9685
28.218813  7462
28.221285  7745
28.222878  8290
28.229075  10042
28.231227  10214
28.268298  2920
28.268298  3644
28.273182  9927
28.276053  10131
28.281312  10531
28.298733  4224
28.302698  4724
28.316713  2920
28.316713  3644
28.388459  7243
28.390512  7826
28.397069  8096
28.401594  12606
28.409405  9455
28.416582  10553
28.419034  9902
28.420687  10717
28.423239  10115
28.427184  12740
28.429077  10533
28.435934  10733
28.437507  6297
28.444285  6827
28.446537  12998
28.448929  7071
28.461953  13085
28.467812  13262
28.479873  13349
28.481866  13523
28.486651  13608
28.529699  10707
28.531332  11054
28.551862  13696
28.566135  13783
28.567828  11016
28.570420  11161
28.579449  8511
28.581042  8943
28.585667  9148
28.587800  9550
28.593598  11426
28.600075  11555
28.632787  11222
28.639446  11553
28.648105  11714
28.658717  12031
28.673290  2920
28.673290  3644
28.680027  4224
28.685897  4724
28.704322  2920
28.704322  3644
28.711438  4224
28.714589  4724
28.718874  5171
28.723299  5579
28.777461  8357
28.779634  13870
28.781367  8862
28.795708  13956
28.802625  11650
28.806291  10929
28.808204  11838
28.810436  11315
28.821145  11438
28.822938  11681
28.831467  7307
28.835632  7764
28.837824  7979
28.841689  14033
28.845594  14147
28.856436  14200
28.865286  14313
28.872542  14369
28.917210  12152
28.919063  12392
28.947494  14424
28.959790  14479
28.961383  14589
28.963955  11930
28.965628  12114
28.973958  9722
28.975811  10061
28.985160  10180
28.989465  12204
28.993051  9100
28.994984  10416
28.997596  12384
29.030443  11787
29.032476  12509
29.034389  12742
29.038754  8095
29.048423  12844
29.050156  13048
29.059165  13148
29.074172  2920
29.074172  3622
29.076145  4188
29.086152  4617
29.090247  5006
29.104559  5364
29.109323  5699
29.113048  2920
29.113048  3644
29.118192  4224
29.122937  4724
29.125469  5171
29.144006  5465
29.148571  5743
29.181237  14638
29.185702  9411
29.192559  9561
29.196065  9857
29.205254  14678
29.212218  12435
29.216203  12537
29.218475  12570
29.226306  12637
29.232388  11858
29.234321  12000
29.238126  12070
29.249148  12192
29.253612  12252
29.255205  8209
29.261243  8435
29.270019  14709
29.273465  14724
29.282814  14749
29.294455  14745
29.300013  14737
29.353442  13217
29.355275  13354
29.376865  14732
29.382883  12670
29.384756  14727
29.391014  12736
29.396358  10527
29.398111  10747
29.406801  10855
29.411406  14720
29.415671  10956
29.420376  11006
29.422509  12745
29.427014  12764
29.457124  8510
29.464855  13415
29.466588  13537
29.495607  13597
29.497340  13718
29.506869  2920
29.506869  3310
29.508762  3654
29.524372  3966
29.526744  4093
29.532192  4216
29.533785  4336
29.535418  4453
29.552981  4566
29.555693  4677
29.562969  2920
29.562969  3195
29.565561  3307
29.581626  3415
29.603469  3397
29.620229  3379
29.634342  14712
29.639446  3361
29.642537  9944
29.646382  10118
29.653558  10186
29.658726  10322
29.679081  14704
29.680654  14687
29.688045  12773
29.691276  12792
29.702777  12789
29.708975  12783
29.712820  12307
29.715332  12324
29.717724  12332
29.721590  8577
29.739923  13715
29.744048  8563
29.746600  8556
29.748513  8542
29.753837  14652
29.762487  14608
29.771197  14532
29.784872  14349
29.791589  14257
29.833060  13709
29.842389  13706
29.863467  14071
29.871896  13972
29.878334  12769
29.881960  12740
29.884172  11046
29.888437  11126
29.895154  13880
29.896827  11123
29.900852  11116
29.909075  12648
29.910848  12461
29.937877  12245
29.941443  13654
29.946267  13628
29.974030  13486
29.977995  13414
30.001613  2920
30.102885  13788
30.120750  11111
30.135557  2920
30.146579  10371
30.155072  10468
30.169704  8535
30.171597  10410
30.182618  10293
30.196052  13695
30.217223  12360
30.219076  13601
30.222402  12155
30.226487  12051
30.234657  11820
30.241442  11702
30.243275  12157
30.245288  11980
30.252265  11891
30.258643  11710
30.261075  11618
30.271652  8213
30.278036  8046
30.280628  13396
30.282980  7705
30.285612  7527
30.292429  13240
30.307257  13074
30.313315  12738
30.322424  12566
30.326928  12206
30.363238  13342
30.367343  13197
30.371648  13124
30.390553  12030
30.392166  11683
30.405640  11464
30.408172  11343
30.414350  10992
30.420967  10750
30.424302  11504
30.429366  10627
30.437676  10377
30.443020  10249
30.446686  10941
30.449198  10733
30.461173  11515
30.476967  12976
30.485344  12902
30.507436  12745
30.509728  12666
30.637179  11323
30.638852  10954
30.682944  10234
30.684717  10115
30.691634  11330
30.696179  10055
30.705369  12336
30.727932  10750
30.758507  9753
30.763591  10536
30.765384  9597
30.767337  10521
30.771602  10087
30.776626  9861
30.778259  10942
30.782144  9398
30.787188  10742
30.793365  10329
30.802055  10115
30.808253  7261
30.812398  6708
30.817082  10318
30.820947  6362
30.822640  9876
30.833123  5631
30.838786  9645
30.840959  5219
30.853974  9409
30.856107  8924
30.858239  10080
30.870515  8662
30.909386  12167
30.913312  11823
30.935677  8121
30.952102  7833
30.956087  9129
30.957660  7234
30.962524  8574
30.968267  6887
30.973986  9632
30.978211  9398
30.982257  8863
30.989693  8580
30.993679  8264
31.005280  7620
31.011598  9894
31.021741  11646
31.023394  11287
31.033817  4272
31.052879  11102
31.058677  10725
31.198071  6513
31.201302  5689
31.216609  8287
31.230309  7271
31.231962  5218
31.246934  9668
31.263161  9410
31.265094  9029
31.281713  10503
31.284005  10049
31.299111  4076
31.333810  3345
31.335723  8798
31.340568  8323
31.346866  6510
31.351750  6085
31.353863  9196
31.361420  5175
31.364012  4640
31.365605  3447
31.368117  8948
31.372642  8438
31.377506  8130
31.385477  7491
31.389902  3679
31.396978  2920
31.399350  2920
31.491128  9803
31.493820  9299
31.496092  9034
31.551209  2920
31.558880  7948
31.562825  7966
31.566511  7298
31.568923  6934
31.574841  6166
31.589528  5734
31.593394  7074
31.610234  8487
31.616552  8196
31.645533  7433
31.654250  7013
31.747534  4702
31.786550  6190
31.829959  7587
31.831772  6830
31.834284  6410
31.849272  6194
31.854276  5730
31.906065  5513
31.908597  4992
31.917167  5723
31.918860  4711
31.932833  4115
31.945029  2920
32.068228  5229
32.070221  4130
32.132755  4073
32.137519  3347
32.139991  2920
32.171363  3455
32.175488  2920
32.329127  4417
32.408854  3116
32.481857  2920
33.881276  3006
33.900500  3006
33.903711  3048
33.911781  3214
33.913239  3227
33.922903  3057
33.925016  3319
33.939928  2945
33.941921  3452
33.946066  3709
33.974588  3180
33.980366  3658
34.012133  3188
34.034837  3072
34.036570  3361
34.063786  3493
34.067571  3840
34.069244  3747
34.071057  3866
34.075109  4259
34.077661  4093
34.081176  4211
34.083628  4437
34.087754  4441
34.096623  4550
34.098816  3057
34.105613  3188
34.107566  3439
34.113209  3555
34.143162  3667
34.147726  3978
34.155645  4126
34.243607  3260
34.249130  3869
34.257220  4125
34.261844  3506
34.268081  4084
34.280980  3528
34.282833  4320
34.288176  3158
34.290508  4079
34.294513  3599
34.300296  4317
34.302688  3792
34.304381  4767
34.306873  4159
34.309045  4971
34.310698  4698
34.316936  4985
34.328931  5133
34.333196  5421
34.367263  4637
34.369136  5019
34.420801  3938
34.429172  4303
34.458727  4470
34.462992  5195
34.465484  4791
34.467197  4941
34.469869  5557
34.473195  5536
34.479472  5823
34.483477  4505
34.485470  5950
34.493725  6198
34.498629  4683
34.500602  5026
34.505306  5185
34.507379  4326
34.509552  5462
34.531896  5585
34.536001  3153
34.539607  3541
34.542079  3714
34.548117  4044
34.559518  5706
34.564043  5943
34.619674  4332
34.652195  4365
34.654388  4820
34.671148  4800
34.675872  5011
34.678544  5416
34.687273  5696
34.689426  6056
34.698610  5166
34.701022  4648
34.703374  5542
34.706086  6317
34.707679  4798
34.713857  5717
34.715430  6057
34.719715  6484
34.722287  6565
34.723860  5088
34.728644  5225
34.734722  6687
34.747956  6747
34.775049  6007
34.779434  6154
34.835539  5086
34.842616  5368
34.873929  5026
34.878054  5501
34.881400  6435
34.883672  6569
34.885785  5762
34.888337  6832
34.902377  6847
34.906722  6896
34.910807  6104
34.912700  6994
34.915571  7042
34.919896  6152
34.923462  6189
34.925035  6248
34.928940  6288
34.931911  6301
34.945152  6307
34.951590  6327
34.958826  4195
34.963490  4487
34.967795  4623
34.969568  4888
34.983346  6337
34.993928  6347
35.077655  5223
35.084572  5603
35.087044  5780
35.093502  5868
35.097848  5603
35.104705  5965
35.109310  6053
35.111263  6366
35.113655  6227
35.125850  5289
35.132336  5416
35.133969  6253
35.135902  6381
35.140067  6440
35.142779  7090
35.147623  7185
35.149396  6558
35.151608  6616
35.154320  5451
35.156293  7232
35.158206  5520
35.160338  5554
35.170561  7221
35.175126  7216
35.209885  6909
35.211578  7061
35.260653  5954
35.263285  5996
35.315718  6038
35.317491  6059
35.326860  6363
35.337083  7129
35.338716  7205
35.344803  6357
35.346896  7200
35.352040  7265
35.354452  7165
35.357104  7326
35.360330  7148
35.365014  6354
35.367486  7447
35.373204  5547
35.374917  6315
35.377868  6215
35.382053  6141
35.384705  5990
35.404916  5906
35.413786  5013
35.415499  5817
35.422157  5694
35.428494  5257
35.430067  5631
35.441828  5373
35.445554  5420
35.449579  5443
35.536592  5864
35.546100  5936
35.548672  5971
35.550345  6311
35.552577  6478
35.559933  5568
35.561586  6484
35.564098  6497
35.566590  6503
35.568463  7092
35.581317  6657
35.585163  5513
35.588549  5444
35.597998  6979
35.609140  5386
35.612706  6922
35.617251  5269
35.619763  6669
35.622934  6675
35.627659  6687
35.631804  6770
35.634276  6693
35.636429  6692
35.686155  7430
35.695579  7396
35.764443  5981
35.799703  5504
35.812478  6484
35.817462  6377
35.825240  6498
35.827532  5439
35.829545  7319
35.831198  7164
35.833430  6159
35.835063  5261
35.837615  6046
35.840327  5153
35.841900  7046
35.848477  6806
35.852822  5061
35.856827  4848
35.858420  4404
35.865317  4150
35.887082  3881
35.889454  3304
35.899402  5466
35.904086  2965
35.912936  2920
35.932788  5512
35.938626  5417
35.944444  5222
36.007964  6018
36.031955  5854
36.034407  5594
36.046654  6494
36.048707  5893
36.054746  6475
36.059650  6417
36.061303  6299
36.063895  5010
36.072006  4715
36.085600  5485
36.087193  4559
36.089226  4235
36.093311  5266
36.100067  4809
36.106964  3916
36.108557  6346
36.115454  3225
36.118066  6033
36.124603  5869
36.126676  5531
36.129208  4537
36.131201  3960
36.148726  5036
36.189977  6664
36.199725  6373
36.211756  6221
36.239119  5832
36.240832  5448
36.257503  5458
36.259436  5180
36.268326  6232
36.299201  5243
36.300794  4816
36.325298  3581
36.329423  2920
36.340205  5352
36.342018  5909
36.344310  4981
36.346043  4782
36.351127  5745
36.365974  5407
36.367907  5228
36.461778  4843
36.470567  4442
36.474552  4224
36.481308  3544
36.483041  3139
36.496642  4972
36.528729  4500
36.575125  4471
36.581623  4193
36.585249  2920
36.589474  6009
36.591986  5545
36.597764  5290
36.601110  4755
36.661811  4508
36.663624  3927
36.668508  3551
36.672074  2920
36.751801  4962
36.753754  4400
36.761884  4129
36.771034  3321
36.790849  2920
36.817421  3775
36.823379  2920
36.899040  4007
36.905138  3142
36.907710  2920
36.927041  2920
37.031279  4426
37.032932  3720
37.155583  3112
37.161921  2920
40.041835  2927
40.063160  2963
40.064933  3048
40.067365  3089
40.088731  3021
40.135747  3064
40.152787  3395
40.230396  3230
40.233487  3328
40.243790  2963
40.245563  3048
40.268466  3108
40.270978  3461
40.287844  3696
40.308628  3890
40.315005  4074
40.317078  4437
40.319350  4603
40.336890  3339
40.339022  3522
40.341215  3144
40.343048  3560
40.358835  3705
40.360428  4161
40.366526  3870
40.376494  3332
40.380160  3852
40.428222  3606
40.434000  3165
40.435653  3129
40.441811  3520
40.448568  3376
40.450241  3902
40.516675  3815
40.525792  4104
40.527865  4227
40.530477  4492
40.532550  4291
40.534842  4990
40.622337  4115
40.624230  4608
40.626882  3766
40.628555  4828
40.632001  4226
40.652251  4129
40.655797  4374
40.661755  4779
40.675589  4964
40.715201  4763
40.725425  4918
40.737205  4325
40.744342  4745
40.754090  5321
40.759828  4936
40.763734  5487
40.765767  5304
40.777747  5248
40.780159  5441
40.841168  4431
40.845454  4822
40.850338  4559
40.853853  4753
40.924364  5214
40.925957  5643
40.931620  4502
40.933773  5059
40.935526  5841
40.937279  4905
40.939391  5334
40.942083  6224
40.953105  5090
41.008095  5448
41.018458  5627
41.020371  5987
41.023083  5001
41.024976  5347
41.027528  3385
41.033586  3797
41.064178  5648
41.065751  5962
41.078786  5673
41.120722  5475
41.133637  5438
41.138261  5652
41.140913  5738
41.148925  5907
41.160507  6110
41.162260  6400
41.166085  5989
41.172583  6151
41.185426  6156
41.189472  6485
41.260390  5509
41.268620  5823
41.271312  4939
41.273405  5298
41.283607  5465
41.352760  3108
41.354773  3461
41.360316  6404
41.362109  3619
41.364202  6753
41.368347  3922
41.370739  5527
41.373930  4062
41.378115  6853
41.379808  7050
41.401820  6509
41.419060  6586
41.458303  6785
41.460635  5924
41.462288  6881
41.464141  6123
41.466353  7071
41.470518  3980
41.474144  4330
41.502315  5623
41.514556  6664
41.523685  6740
41.527911  5781
41.535942  5993
41.542819  6890
41.566190  6095
41.573945  6296
41.589016  5614
41.598166  5787
41.602171  6226
41.607889  6375
41.610161  6447
41.611794  6591
41.618491  6954
41.620544  7081
41.624729  6639
41.630907  6734
41.641749  7121
41.643542  7221
41.716434  6219
41.718107  6409
41.732140  6501
41.740291  5720
41.744237  5912
41.779532  4197
41.823202  4046
41.830143  3968
41.842518  7130
41.846803  7290
41.850648  5871
41.852301  3681
41.854513  7368
41.856646  3526
41.867928  7334
41.878570  7317
41.935516  7186
41.937209  6514
41.941155  7116
41.946099  6539
41.948811  4491
41.950844  4801
41.953096  7081
41.954909  7010
41.962819  5929
41.995627  7049
42.006750  6984
42.016259  6918
42.018232  6784
42.057281  5814
42.061686  3287
42.063739  6226
42.074741  6084
42.081518  5538
42.090447  6621
42.093973  6392
42.102962  6694
42.104695  6511
42.109719  6273
42.111832  6031
42.119228  5905
42.121341  5648
42.129551  5514
42.131224  6929
42.133377  6765
42.196878  5847
42.203376  5681
42.212446  6481
42.220817  6364
42.246103  5529
42.247776  5216
42.313915  2985
42.321706  2920
42.334580  5984
42.351386  7297
42.358957  7257
42.367946  7112
42.373844  6815
42.438621  6265
42.440194  6603
42.446112  5901
42.448444  6271
42.450077  5708
42.451970  4941
42.454482  6066
42.456055  5214
42.458747  5641
42.460420  5343
42.501241  6359
42.505986  5780
42.512124  6047
42.523226  5883
42.525059  5546
42.563512  5287
42.570190  4760
42.578560  6629
42.580273  4467
42.585017  5554
42.588243  3843
42.597352  5258
42.602117  4720
42.609114  5337
42.613059  4394
42.614952  3692
42.617364  4902
42.619716  4665
42.625634  3274
42.627906  2920
42.636276  5409
42.637889  4925
42.641435  4659
42.671214  5002
42.702163  4428
42.711372  4104
42.718089  5427
42.724367  4835
42.727079  4503
42.760699  3352
42.766184  2920
42.874590  6400
42.883340  5925
42.887945  5669
42.896335  5132
42.902872  4836
42.967015  4133
42.969707  3325
42.973672  4328
42.975245  5296
42.976818  5201
42.979829  3615
42.984374  3177
42.988639  2920
43.032095  5307
43.033828  4357
43.035441  4790
43.039666  3698
43.044830  3253
43.049435  2920
43.092431  3348
43.098569  2920
43.103313  4504
43.181404  2920
43.187742  5002
43.323197  4522
43.337030  4120
43.426354  3700
43.428646  3198
43.446054  2920
43.542241  4681
43.588462  3618
43.858084  3040
43.860995  2920
43.944469  4257
44.089867  3751
44.500085  3064
44.649378  2920
45.844137  2934
45.845930  2962
45.852247  2963
45.854060  3048
45.856372  3096
45.858085  3191
45.860497  3043
45.862650  3279
45.869347  3043
45.871100  3279
45.873612  3388
45.880130  3064
45.896236  3401
45.908357  3014
45.910250  3196
45.924163  3301
45.925776  3505
45.937298  3339
45.963386  3187
45.966098  3677
45.968590  3889
45.993484  3154
45.995237  3515
46.019692  3689
46.024077  4021
46.028482  4173
46.054351  3216
46.055984  3755
46.058216  4507
46.060628  4661
46.070971  3270
46.083773  3195
46.086185  3697
46.090197  3914
46.150235  3679
46.152068  4012
46.158285  4164
46.161731  4458
46.163983  4595
46.166096  4861
46.171360  3579
46.173852  4027
46.178396  3649
46.182641  4112
46.208851  3195
46.210964  3697
46.213156  3137
46.216921  3914
46.231868  4960
46.234340  5100
46.240958  3409
46.245642  3818
46.249987  4317
46.254013  4708
46.256285  4000
46.261723  3625
46.263436  4348
46.266148  4508
46.268301  4068
46.273065  3463
46.277550  3829
46.304604  4987
46.310067  5232
46.324320  5349
46.328505  5578
46.330378  5687
46.334483  4226
46.338788  4606
46.367474  4090
46.373773  4472
46.400936  5373
46.406279  5502
46.433194  5755
46.440371  5876
46.461716  3985
46.465282  4420
46.468433  6106
46.470226  4616
46.474491  6216
46.486396  4265
46.494706  4119
46.501204  4509
46.503576  4887
46.550997  5794
46.556316  6005
46.560421  6082
46.564926  6234
46.566679  6291
46.569011  4646
46.573076  6405
46.575688  4780
46.577321  5116
46.584058  5273
46.586171  5233
46.593947  5394
46.613520  4119
46.615473  2920
46.615473  3137
46.617865  4509
46.628847  3339
46.635204  6318
46.637596  6368
46.649951  4662
46.651564  4961
46.654096  5707
46.656388  5855
46.663105  5101
46.664958  5374
46.667290  4641
46.669902  4814
46.676379  5147
46.678891  3994
46.680484  4311
46.683036  4458
46.684889  4742
46.696211  4687
46.701849  5029
46.718095  6461
46.720168  6572
46.738047  6626
46.740200  6734
46.744644  5577
46.748230  5721
46.781763  4796
46.788914  5086
46.810958  6467
46.813190  6516
46.821081  4687
46.837821  6613
46.839474  6660
46.868655  4803
46.870668  5452
46.872501  5163
46.874893  6755
46.877485  6801
46.879118  6894
46.905777  5167
46.910202  5437
46.938524  6784
46.965340  6833
46.968032  6857
46.980568  6906
46.982720  6930
46.986146  5824
46.988279  6027
46.990391  6978
46.991984  5952
47.005818  7002
47.007711  6143
47.019212  6235
47.037152  3528
47.039045  3887
47.042950  4050
47.044963  4363
47.046736  4849
47.051488  4508
47.053980  5162
47.055673  4686
47.069366  6936
47.071539  7021
47.079310  5529
47.086026  5681
47.088498  5755
47.090611  6418
47.098147  6506
47.101953  5901
47.106717  5972
47.108690  5303
47.110363  5330
47.112096  5605
47.116261  5714
47.118134  5928
47.120626  4853
47.122439  5070
47.130669  5526
47.143653  5701
47.146345  5120
47.154595  5219
47.169752  7044
47.174097  7065
47.200386  6107
47.208656  6266
47.217925  5202
47.224163  5429
47.245748  5538
47.249474  5751
47.269466  7063
47.271079  7146
47.295341  7181
47.300340  7251
47.316245  6593
47.322443  7208
47.324895  7121
47.329120  7032
47.338090  6852
47.340422  5417
47.344707  5588
47.351798  5671
47.364912  5786
47.369097  5954
47.398732  6330
47.413920  7063
47.415933  7058
47.431639  6963
47.433492  6769
47.438717  6443
47.443941  6498
47.445994  6608
47.449739  6670
47.451412  6468
47.471343  6734
47.480892  5256
47.482885  6803
47.484778  5441
47.509521  5522
47.515819  5682
47.526641  4650
47.532519  6025
47.534172  6760
47.538138  6573
47.544595  5969
47.547247  6748
47.552231  5941
47.558368  6720
47.562274  5813
47.567018  5748
47.573336  6031
47.575089  6234
47.577541  5267
47.579414  5363
47.581946  6194
47.588563  6113
47.602297  6035
47.610528  6196
47.617305  5273
47.618958  5089
47.623223  4994
47.627188  6361
47.629061  6142
47.653917  6022
47.662727  5777
47.671804  5624
47.673737  5309
47.678881  6529
47.686752  6368
47.691057  5824
47.697074  5969
47.712381  5899
47.721091  5756
47.732973  6477
47.737378  6282
47.762947  6178
47.767152  6626
47.769844  5966
47.773929  5605
47.792681  5753
47.798839  5814
47.804817  5502
47.811974  5337
47.818811  4997
47.821043  5643
47.828787  5587
47.847840  6190
47.849853  6177
47.857269  6171
47.884673  5142
47.908430  4797
47.914268  6286
47.916461  6118
47.919013  4577
47.925410  6032
47.927443  4116
47.930055  3855
47.931648  5857
47.934360  3296
47.952268  6435
47.956952  6337
47.968369  4610
47.972474  5671
47.980844  5649
47.992585  5537
47.994638  5308
48.005840  4811
48.012298  4425
48.018395  4215
48.020288  5458
48.022001  6137
48.026726  5156
48.029158  5425
48.036175  6034
48.038348  5824
48.040980  4988
48.047578  4641
48.056008  4455
48.057941  6072
48.063125  4834
48.065218  5989
48.067969  5947
48.069642  4502
48.075999  5713
48.088494  5591
48.108134  6079
48.109787  4324
48.111500  3953
48.116144  2957
48.120649  2920
48.138648  5892
48.165378  5695
48.182086  5361
48.184418  5650
48.193495  5433
48.200432  5321
48.218912  5051
48.235217  4909
48.237350  4441
48.239902  3970
48.241755  3449
48.273468  5672
48.275201  4228
48.280005  3149
48.284171  2920
48.335410  5227
48.337103  3707
48.343261  4815
48.361307  5778
48.363060  5544
48.422748  5164
48.435883  4755
48.451892  4515
48.453685  4010
48.465585  5322
48.468636  5136
48.501283  3948
48.502996  5189
48.504829  4945
48.507301  4817
48.509274  4218
48.511107  3747
48.520816  4370
48.522928  3448
48.527074  4124
48.539450  4750
48.543914  3317
48.548019  4541
48.550211  4592
48.553817  2941
48.556169  3741
48.560873  3256
48.562986  2920
48.573729  4123
48.578573  5350
48.580246  5459
48.584092  5188
48.590669  3325
48.592482  2920
48.597546  4968
48.601152  4509
48.653318  4789
48.655550  4476
48.701979  3726
48.705465  3114
48.707957  2920
48.715094  4763
48.718540  4462
48.739638  4188
48.743404  3603
48.753372  3852
48.762023  2920
48.808084  4233
48.865036  2920
48.886980  4075
48.888833  3194
48.892685  2920
48.963108  3199
48.999552  2920
49.038296  3863
49.042442  3305
49.048820  2920
49.120051  3799
49.124496  2920
49.245333  2920
51.047749  2948
51.061688  2963
51.064280  3012
51.066732  3138
51.070797  3198
51.114549  2934
51.142192  3108
51.154152  3050
51.158497  3174
51.160250  3413
51.164375  3294
51.166947  3454
51.173484  3524
51.180261  3631
51.185006  3808
51.196368  3968
51.226861  3043
51.238222  3279
51.241328  3388
51.244954  3600
51.261506  3409
51.272867  3699
51.277192  3893
51.288813  3048
51.293218  3242
51.300075  3006
51.302607  3174
51.349517  3237
51.353323  3485
51.357248  4277
51.362332  4420
51.366477  4697
51.371481  3729
51.402834  3086
51.406220  3050
51.410984  3814
51.412777  3299
51.421646  2985
51.423579  3112
51.427624  3179
51.431909  3538
51.434381  3312
51.441178  3735
51.443231  3375
51.445124  3500
51.447696  3560
51.449609  3678
51.452261  3787
51.454094  4108
51.460551  3999
51.463243  3601
51.467528  3086
51.469261  3401
51.471973  3543
51.474225  3817
51.476697  3944
51.489293  3367
51.495251  3731
51.511137  3043
51.531823  3703
51.534455  4114
51.545977  4113
51.551001  4886
51.552974  4251
51.554867  5249
51.565295  4385
51.572152  4515
51.576017  4767
51.580222  5418
51.586480  5745
51.620985  3536
51.625030  4066
51.626743  4398
51.631108  4551
51.634913  4848
51.637485  3470
51.650400  4058
51.653112  4261
51.664694  4987
51.668500  5258
51.690231  3951
51.692703  4368
51.696169  3896
51.698641  4085
51.701273  4447
51.753554  4298
51.755667  5899
51.757640  4652
51.762264  6200
51.770024  6343
51.771877  4877
51.773530  6622
51.812199  4985
51.819655  3978
51.822227  4174
51.824080  4548
51.827905  4099
51.829998  4277
51.834283  4603
51.836675  4294
51.840940  4387
51.846838  4570
51.849110  4754
51.853135  4657
51.854948  5047
51.859073  4829
51.860786  4912
51.863398  5041
51.867603  5103
51.870015  5210
51.875438  5262
51.879124  4067
51.883069  4264
51.903559  4556
51.916794  4917
51.941591  4815
51.943464  5131
51.959250  6730
51.961043  6943
51.966067  5197
51.975116  5270
51.981294  5326
51.987651  5337
51.994128  7034
51.996201  5360
52.001425  7214
52.033918  5386
52.036071  5637
52.040935  5757
52.044261  5992
52.054962  4454
52.056535  4824
52.061199  4994
52.069329  6101
52.071282  6315
52.075667  4358
52.078079  6418
52.080072  4542
52.094726  5084
52.096599  4613
52.099251  5408
52.106487  4933
52.109139  5082
52.112745  5373
52.121354  3161
52.127292  3388
52.154059  5279
52.156172  5567
52.162949  5703
52.166935  7287
52.170641  5419
52.175086  7432
52.180924  7500
52.185688  7635
52.191326  7701
52.209872  5477
52.224580  4719
52.231078  5050
52.233330  5185
52.235023  5346
52.237096  5454
52.241168  5512
52.244823  5204
52.246776  5504
52.253932  5592
52.256105  5750
52.263761  5159
52.265614  5578
52.267587  5820
52.269799  5827
52.271752  5936
52.273905  5979
52.281501  6053
52.283434  4625
52.285627  4789
52.287819  6199
52.290271  6239
52.292424  6320
52.319694  5560
52.328724  5856
52.331196  5996
52.356100  5918
52.357713  6021
52.368475  7832
52.370428  7896
52.373140  5592
52.375712  5648
52.384243  5760
52.390620  5818
52.399410  5948
52.401922  6011
52.406267  8024
52.410132  8087
52.438095  6477
52.439908  6594
52.442320  6661
52.443993  6794
52.454615  5478
52.457027  5628
52.462865  6878
52.464718  7043
52.467150  6413
52.469003  4917
52.470896  5166
52.490757  6249
52.493668  6370
52.500146  5494
52.501999  5732
52.504191  5853
52.506264  6091
52.512841  3581
52.514574  3947
52.539124  6322
52.541556  6465
52.554491  8343
52.556823  8467
52.565593  8711
52.570218  8829
52.582813  6334
52.599819  5726
52.602012  6154
52.604384  6149
52.606297  6561
52.608549  6755
52.610222  6366
52.612794  6917
52.616700  6777
52.621424  7247
52.623317  7404
52.628601  6086
52.633186  6757
52.634819  7138
52.639244  7712
52.641376  7860
52.643009  7205
52.648787  5386
52.650580  8161
52.652692  5809
52.654904  8306
52.656537  8591
52.659069  8728
52.660702  8999
52.692396  6788
52.694848  6984
52.724988  6837
52.727140  7013
52.737483  9111
52.741848  6510
52.743641  9247
52.747367  6854
52.749579  7026
52.754064  7363
52.768138  7523
52.769911  7837
52.774515  9521
52.776887  9654
52.810135  7521
52.812847  7672
52.814880  7969
52.817472  8112
52.826442  6297
52.834113  6706
52.836705  8393
52.839237  6898
52.842963  8529
52.844596  6005
52.846289  6385
52.848821  8796
52.851413  6563
52.853186  7318
52.869507  7365
52.876491  7545
52.880836  6250
52.882929  6561
52.885061  6709
52.887194  6998
52.889466  7136
52.897797  4123
52.901782  4461
52.926299  7356
52.932516  7519
52.945631  9916
52.950016  10043
52.956234  10295
52.958766  10418
52.970842  7988
52.974488  8284
52.985250  8426
52.996972  6970
52.998625  7670
53.000877  7346
53.003429  9130
53.005102  9389
53.007354  7838
53.009287  7524
53.011320  7872
53.018077  8038
53.020190  9515
53.022303  9763
53.026548  7271
53.029060  7448
53.031213  8167
53.033645  9877
53.037730  8324
53.039883  8633
53.042495  10103
53.046081  10155
53.048932  10259
53.056376  10310
53.060368  6736
53.062121  10412
53.064393  7074
53.066925  10462
53.073023  10563
53.099637  7721
53.104002  8065
53.133738  7679
53.138722  7992
53.147911  10661
53.152555  10779
53.154987  8707
53.157699  11014
53.162224  8842
53.163797  9095
53.176078  9218
53.183909  9369
53.188673  9443
53.193518  11086
53.199436  11230
53.214003  8911
53.231961  9138
53.234213  9246
53.235786  9460
53.240331  7621
53.246449  7959
53.251233  9562
53.255119  9765
53.260063  9797
53.261756  9861
53.267933  7235
53.272578  7550
53.276803  8230
53.283540  8553
53.293703  7272
53.302113  7539
53.304625  4617
53.310443  7667
53.312136  4919
53.315282  5060
53.317634  7920
53.330908  8142
53.332701  8438
53.342090  8580
53.349461  11301
53.358391  11443
53.365307  11489
53.367020  11581
53.373797  9541
53.378861  9589
53.397815  8743
53.401940  8960
53.404612  8201
53.410850  8520
53.415235  8599
53.416828  8756
53.424644  8107
53.426237  8399
53.428869  9042
53.432595  9205
53.438313  10611
53.446963  9273
53.448796  7670
53.450669  9409
53.455693  7813
53.458385  7883
53.464083  10706
53.466415  10745
53.468108  10823
53.470780  10848
53.472653  10898
53.475005  10885
53.477078  10858
53.479710  8671
53.483616  8905
53.497419  8037
53.522070  8961
53.533831  9074
53.550037  8676
53.559387  8778
53.564052  8828
53.569950  11626
53.571723  9686
53.576467  9734
53.578380  11716
53.580672  9829
53.583523  11761
53.585696  11850
53.587948  9876
53.604369  9970
53.610986  10016
53.619176  11885
53.623082  11956
53.634004  8830
53.654056  8474
53.655909  9876
53.657502  9905
53.659894  9919
53.664599  8623
53.667011  9948
53.673668  8696
53.685078  9962
53.686951  9991
53.691256  9979
53.704459  9954
53.706711  7952
53.708444  8090
53.717373  9129
53.725424  9240
53.732361  5197
53.733974  5465
53.746848  8928
53.748501  8977
53.772977  8081
53.779214  8169
53.783199  8212
53.785252  11971
53.786945  8299
53.789237  12002
53.793422  8342
53.801892  12017
53.808809  10032
53.812834  12048
53.823284  10040
53.836399  9476
53.843963  9609
53.850761  8882
53.857958  8986
53.860590  9037
53.862683  9139
53.865155  9189
53.872093  8841
53.874565  9675
53.880763  9806
53.883095  8912
53.885288  9054
53.889613  9849
53.897583  9934
53.902308  8157
53.910778  8291
53.924433  8357
53.926286  9294
53.935020  10798
53.937532  10677
53.939884  9403
53.941537  10614
53.948434  10487
53.951345  5592
53.953158  10417
53.954751  10275
53.972710  9423
53.976416  9463
53.981100  9002
54.004139  9053
54.009230  9078
54.018853  12063
54.023537  10048
54.027882  10064
54.029655  12094
54.032766  12097
54.039403  12103
54.060975  10006
54.071670  9977
54.078328  12093
54.089351  12073
54.096248  12063
54.114161  9942
54.115974  9917
54.118326  9905
54.120099  8488
54.122571  9077
54.124524  9859
54.127216  9123
54.131261  9836
54.142783  9789
54.149240  9766
54.151013  10203
54.155636  8385
54.159542  9606
54.164526  9525
54.170145  8446
54.172098  8361
54.183000  9448
54.187485  9417
54.191470  5641
54.193123  5738
54.197907  5785
54.212935  9103
54.215547  9154
54.218059  9179
54.256844  8219
54.258976  8135
54.260969  12021
54.262582  12000
54.264175  7964
54.266946  7877
54.282233  9912
54.286817  11934
54.289249  9780
54.291381  11901
54.310515  9214
54.313801  9917
54.322272  9883
54.324884  9866
54.331721  9150
54.333953  9118
54.338038  9026
54.340730  9146
54.342783  9192
54.345295  8980
54.349520  9815
54.358509  9790
54.364587  9739
54.376508  8286
54.378381  8133
54.380853  10131
54.382586  9153
54.384319  9985
54.387011  9075
54.389643  9713
54.391736  9909
54.393929  9391
54.395962  9756
54.398294  9337
54.402199  9310
54.403912  9678
54.408764  9521
54.412569  9120
54.414202  9424
54.417273  9227
54.419066  9111
54.421598  8875
54.429008  8754
54.430661  9256
54.432933  8508
54.437438  9229
54.439531  8382
54.443976  7743
54.476629  9076
54.488725  9709
54.492790  9557
54.494423  8988
54.496136  11855
54.501539  11763
54.503392  9480
54.511742  11695
54.515687  11558
54.517819  9284
54.519472  9184
54.534839  8982
54.537491  8879
54.544048  8754
54.559836  11489
54.566813  11350
54.586235  9494
54.593612  9432
54.595185  8019
54.596918  7788
54.599090  9401
54.600743  9006
54.602436  9339
54.607620  8866
54.616050  9308
54.617723  9245
54.624899  5771
54.634423  9177
54.636236  9039
54.652101  7666
54.656146  7418
54.658718  9168
54.660891  5625
54.672283  9044
54.681751  8897
54.685397  8712
54.688069  5550
54.689902  8618
54.727098  7675
54.728911  11280
54.731024  11138
54.735648  7538
54.741446  8775
54.744537  7468
54.753434  7327
54.764524  7255
54.769723  11063
54.774008  8539
54.779212  10911
54.783597  8418
54.799012  9626
54.805030  9451
54.814363  8639
54.818568  8405
54.826071  8285
54.830257  8030
54.833028  7899
54.834761  8771
54.836914  8579
54.841778  9362
54.843431  9182
54.849309  8962
54.855506  9090
54.859711  8904
54.864056  8254
54.870893  7279
54.872866  6995
54.875278  6847
54.878804  7993
54.880916  7859
54.882989  8469
54.885002  7564
54.887214  7411
54.889387  8245
54.892418  5391
54.894810  8130
54.896723  8981
54.898636  7012
54.906631  8854
54.909243  6801
54.911016  8508
54.913129  8285
54.915721  6366
54.918153  6134
54.919986  5652
54.923672  5391
54.927877  8790
54.929530  8661
54.935293  4835
54.937465  4525
54.942030  7110
54.946835  7036
54.993535  10834
54.995308  8295
54.997361  8046
54.999773  8171
55.001906  7939
55.004438  10678
55.006990  10599
55.017913  10380
55.020245  10268
55.021978  7918
55.026063  7657
55.031047  7522
55.039767  7168
55.048117  6983
55.055333  7758
55.059578  7470
55.074705  9964
55.083974  9807
55.092924  9488
55.100459  8788
55.102072  8885
55.104205  6668
55.107591  8728
55.110203  6301
55.111776  8649
55.114468  8483
55.116960  8399
55.118633  8013
55.122839  7776
55.127024  8178
55.129935  8065
55.145601  7709
55.148153  8644
55.150665  7523
55.160254  4156
55.172450  6090
55.175002  5188
55.178688  5653
55.183472  4765
55.200972  8483
55.203584  8401
55.205757  7820
55.207490  7577
55.242870  9324
55.244943  8989
55.252828  6898
55.254681  6617
55.257373  6738
55.268475  6413
55.278399  5992
55.285356  6218
55.289601  5936
55.297751  8815
55.301697  8461
55.313393  8635
55.316105  8322
55.324555  8160
55.327067  7309
55.335897  6980
55.338109  6781
55.340282  6370
55.344967  7603
55.349232  7248
55.351424  7829
55.363484  7657
55.369023  7210
55.371375  6973
55.381438  5373
55.385603  3755
55.387336  4783
55.389888  2920
55.396365  7053
55.398558  7374
55.400431  6956
55.403143  6652
55.405455  4535
55.411632  4051
55.425066  8318
55.426919  8151
55.429111  6713
55.432377  6210
55.443139  8032
55.445132  7790
55.450416  7666
55.461259  5735
55.467776  5197
55.493111  5637
55.509033  4977
55.513757  4604
55.515969  5925
55.521612  8262
55.523285  5326
55.524858  7853
55.534127  7630
55.537952  7171
55.542217  3796
55.543830  3306
55.548874  6098
55.553179  2920
55.561909  7332
55.575023  5530
55.577535  5217
55.591269  6912
55.593102  4381
55.597288  6374
55.615795  3639
55.617728  6083
55.619481  5472
55.621633  6401
55.626278  6940
55.628670  3494
55.631222  2938
55.633175  6733
55.636981  5880
55.641366  6306
55.649816  5596
55.652188  6065
55.658885  5815
55.672938  5532
55.675370  4831
55.680829  5234
55.703372  2920
55.714455  2920
55.730735  7531
55.733167  4993
55.737232  4282
55.738805  7256
55.758856  5140
55.761268  4433
55.783730  4044
55.790227  3574
55.806474  2920
55.828658  4023
55.834297  3120
55.843486  6846
55.859159  4885
55.861451  4176
55.871307  3726
55.873719  5298
55.875872  4895
55.878184  4668
55.880836  6717
55.891685  6582
55.897930  6444
55.923024  3843
55.926235  4279
55.928288  2920
55.952848  7114
55.955460  6969
55.968263  6821
55.970695  6670
56.052061  2920
56.095974  6261
56.101058  3216
56.105742  2920
56.155200  4533
56.157692  4142
56.167435  3709
56.169048  3855
56.172159  3225
56.178328  3384
56.186044  6487
56.188616  2920
56.274057  6298
56.279396  6104
56.377869  6072
56.412671  2920
56.416117  5878
56.422934  2939
56.422934  2920
56.487226  5904
56.489418  5654
56.496355  2920
57.306106  2934
57.310930  2920
57.310930  2948
57.325404  2976
57.332508  3032
57.397084  2927
57.398737  2963
57.405014  2992
57.420881  3050
57.423213  3079
57.424886  3381
57.428738  3174
57.430491  3518
57.432803  3782
57.435794  3904
57.450481  2992
57.452713  3413
57.455065  3027
57.456898  3524
57.470506  3213
57.473138  3555
57.475270  3709
57.529703  3847
57.551966  3391
57.556531  3149
57.558783  3196
57.585290  2956
57.587802  3027
57.591927  3061
57.594559  3006
57.598424  3130
57.606007  3163
57.608020  3579
57.610152  3768
57.612145  3090
57.617109  3172
57.621953  3251
57.629449  3473
57.662615  4185
57.669153  4710
57.682607  4077
57.688490  4323
57.702184  3195
57.703817  3697
57.708881  3914
57.710854  3229
57.724809  3783
57.744142  4242
57.753954  4518
57.755547  4780
57.767007  3442
57.778096  3545
57.784434  4248
57.794023  3072
57.796056  3374
57.800281  3880
57.808217  4452
57.816867  3361
57.819439  3530
57.825817  5033
57.827490  5637
57.829762  5925
57.836080  6474
57.838272  3941
57.840385  4719
57.842278  4767
57.860870  4700
57.875137  5527
57.913251  5480
57.919968  5807
57.938841  5469
57.941213  4294
57.943146  5042
57.945558  4621
57.947191  5307
57.972147  3778
57.973720  4718
57.976272  3634
57.983529  3977
57.985322  4865
57.987315  5094
57.988514  3896
57.990926  5621
57.993538  4614
57.995650  4902
57.997443  5791
57.999715  5445
58.005892  5157
58.008424  5878
58.013568  6194
58.017513  6774
58.038179  7398
58.040831  7683
58.049801  5909
58.061866  6505
58.076753  5824
58.079365  6491
58.083810  6137
58.085983  6791
58.117270  6624
58.119402  6943
58.129485  6790
58.131098  7362
58.152982  5689
58.155175  6402
58.166297  4210
58.168090  4792
58.175294  5423
58.177007  6132
58.182765  5959
58.193124  6597
58.197669  2920
58.197669  3513
58.202733  8233
58.205325  8489
58.211682  8987
58.217480  9222
58.219193  6494
58.222404  9680
58.223997  7066
58.250066  7551
58.252338  7830
58.278528  6829
58.280281  7448
58.284346  7731
58.292776  7649
58.294849  8201
58.298894  6476
58.301446  6732
58.303299  7128
58.305991  7360
58.319325  7102
58.321018  7697
58.328035  5184
58.329708  5909
58.332599  6917
58.334692  7528
58.337324  7971
58.338937  8501
58.341109  5829
58.342902  8749
58.344615  6547
58.346807  6866
58.355337  7365
58.358923  7939
58.381806  9898
58.386371  10325
58.404230  8277
58.412860  8532
58.417285  8458
58.421490  8957
58.426015  9232
58.428647  9460
58.460042  8099
58.465987  8621
58.477609  9193
58.490505  9652
58.495110  9871
58.497103  7647
58.507446  6227
58.509519  6831
58.518229  8199
58.528405  7424
58.530418  7993
58.542139  7808
58.544052  8349
58.549296  4114
58.553701  5141
58.556113  10529
58.560079  10930
58.562451  5552
58.566436  11123
58.568309  11503
58.570921  8205
58.577339  11686
58.579472  12047
58.582164  8720
58.584516  8962
58.610247  8866
58.612180  9342
58.641568  8779
58.643541  9260
58.646053  10299
58.648585  10504
58.656056  8257
58.657729  8769
58.662713  8456
58.670804  8956
58.677521  9192
58.681566  9683
58.683759  10119
58.694380  7106
58.695993  8602
58.697986  7635
58.700418  9093
58.702670  9325
58.704823  10327
58.706716  7170
58.708649  7753
58.710801  10736
58.716899  9433
58.719391  9657
58.724016  10094
58.754130  12204
58.755703  12515
58.776253  9488
58.777866  9933
58.792454  10906
58.794866  10932
58.804195  11099
58.806248  11318
58.825620  9568
58.838895  10009
58.841127  10220
58.845772  10633
58.862192  11449
58.864764  11618
58.874887  7881
58.876640  8358
58.884420  9421
58.886013  9869
58.898966  9010
58.916505  9479
58.921089  9551
58.924875  8022
58.927048  9702
58.928621  9993
58.933645  5932
58.935618  12665
58.941796  12962
58.949000  13107
58.951153  13394
58.953465  10282
58.955178  10652
58.959862  13513
58.961475  13750
58.963847  13866
58.983794  10798
58.985447  11123
58.987719  10145
59.002747  11467
59.013370  10486
59.016042  10651
59.017935  11934
59.020147  10976
59.022819  12088
59.029256  10137
59.030829  10345
59.041811  10083
59.043464  10502
59.054446  11739
59.061943  11872
59.073406  8583
59.075099  9021
59.077291  10191
59.079384  9229
59.081237  10580
59.083429  8543
59.086141  8787
59.087874  12128
59.090526  9263
59.093158  12253
59.094831  12501
59.097423  10828
59.110698  11175
59.112990  11343
59.120481  11674
59.138520  14076
59.140473  14179
59.156019  6288
59.161637  6960
59.169854  11116
59.174039  12322
59.176511  11393
59.182114  12436
59.196103  12617
59.204054  12848
59.227058  11259
59.237680  11529
59.244138  11661
59.248403  11922
59.257252  12663
59.267574  9572
59.271959  9737
59.278177  10673
59.282522  10974
59.287047  11120
59.289200  12774
59.300936  10741
59.317556  10547
59.326326  14366
59.328478  10943
59.332623  11000
59.335195  14458
59.336768  11811
59.339240  12083
59.341892  11126
59.363037  14642
59.367082  12049
59.372740  12301
59.374373  14732
59.376306  14907
59.379177  14993
59.402655  11528
59.404368  11795
59.406500  12995
59.408972  11925
59.410685  13103
59.414710  13319
59.423520  11103
59.428325  11419
59.434782  11389
59.438827  11520
59.443052  12183
59.445384  11780
59.451761  12961
59.455687  13186
59.464576  11376
59.468961  11498
59.475279  9897
59.477811  11740
59.479963  10213
59.481796  9443
59.484228  13287
59.486001  9796
59.488553  13487
59.490865  9938
59.492538  13566
59.499156  13724
59.504340  10218
59.506712  12198
59.516795  12426
59.521080  12538
59.527358  7251
59.529331  12760
59.538520  15159
59.554587  15241
59.560706  7670
59.567683  7868
59.578038  13409
59.579911  13588
59.582423  12278
59.587602  12467
59.603109  13791
59.604762  13925
59.618016  11567
59.649615  12405
59.651747  12612
59.658464  12714
59.660317  12916
59.669946  13664
59.671739  13815
59.678476  10345
59.686047  10606
59.693543  11871
59.699562  12052
59.732631  15363
59.737436  11800
59.741501  15423
59.743074  11914
59.745426  12141
59.747738  11848
59.753816  12869
59.760454  13085
59.767051  12062
59.769842  13191
59.779925  15543
59.781498  15602
59.791034  13015
59.792607  15721
59.794420  15780
59.796852  13213
59.798525  13310
59.825054  12560
59.827107  12745
59.829279  13889
59.833324  14038
59.837689  14090
59.848439  14195
59.857235  12252
59.863093  12472
59.864746  12141
59.871505  12836
59.873118  12318
59.880674  13017
59.883286  12405
59.887891  12578
59.890483  13991
59.892216  14123
59.904131  12167
59.905764  12375
59.907577  10701
59.914813  12477
59.916926  10859
59.919198  10936
59.920971  12680
59.923623  10356
59.925776  14185
59.927689  11090
59.934526  10629
59.937717  14310
59.939390  14372
59.946027  14495
59.952274  10716
59.954586  10889
59.959091  10974
59.965809  13354
59.968121  13434
59.975952  13581
59.983228  13654
59.988766  15881
59.993611  15931
