# t(s) QueuingDelay(ms)
10.148239  0
10.154906  0
10.197050  0
10.201874  7
10.233342  10
10.237867  8
10.243745  13
10.260372  19
10.264517  28
10.295816  29
10.297968  15
10.303966  29
10.310563  25
10.355713  26
10.364022  44
10.401608  40
10.411117  57
10.415462  47
10.417555  64
10.427878  10
10.436667  27
10.444608  97
10.454411  30
10.477649  98
10.480321  104
10.489031  34
10.493216  81
10.512336  107
10.524741  116
10.530798  41
10.541161  115
10.547498  52
10.555429  177
10.566598  59
10.571103  145
10.575888  75
10.595021  178
10.634770  146
10.639015  90
10.645792  194
10.664412  92
10.666305  203
10.667878  162
10.674475  174
10.685058  111
10.700025  203
10.710295  222
10.721377  129
10.723070  204
10.735425  207
10.759528  243
10.788256  139
10.805962  244
10.814073  263
10.822170  148
10.834985  297
10.836978  174
10.843056  330
10.857554  196
10.860126  332
10.871653  213
10.873746  345
10.889033  216
10.892958  229
10.894531  346
10.906356  351
10.913713  264
10.922422  286
10.934198  357
10.949905  300
10.951498  361
10.968318  364
10.986791  241
10.998492  315
11.006763  318
11.014160  247
11.022051  367
11.030501  369
11.033472  320
11.039969  255
11.051776  397
11.058234  322
11.066583  256
11.074593  408
11.085496  411
11.092093  421
11.102856  422
11.109434  266
11.133391  5
11.143534  6
11.157028  335
11.181165  374
11.201981  394
11.203754  278
11.208059  444
11.219141  411
11.225519  289
11.237141  459
11.247864  472
11.256298  426
11.263155  485
11.270671  430
11.277268  495
11.278981  322
11.296049  326
11.302626  335
11.325070  376
11.349081  381
11.379894  500
11.399813  501
11.405711  391
11.423764  393
11.426036  569
11.451244  446
11.458600  497
11.464578  579
11.471395  588
11.476893  413
11.490175  515
11.492787  590
11.508054  613
11.511760  515
11.520130  516
11.530840  531
11.536528  430
11.545377  536
11.547649  615
11.560184  625
11.572719  445
11.574512  629
11.585533  661
11.595496  465
11.597089  544
11.602033  37
11.624357  663
11.634541  666
11.636893  555
11.653823  562
11.655896  680
11.657589  224
11.668119  474
11.670192  568
11.674717  684
11.685739  687
11.693950  685
11.700487  238
11.705172  683
11.716274  488
11.729849  503
11.734414  247
11.761257  542
11.763869  686
11.767794  273
11.780349  276
11.795958  699
11.805527  586
11.819207  589
11.853846  682
11.860184  553
11.880715  722
11.882448  60
11.889799  61
11.898169  726
11.906486  579
11.923026  751
11.929883  581
11.936001  778
11.944311  590
11.948956  792
11.951029  692
11.963544  797
11.973160  794
11.975113  697
11.992953  596
11.999730  778
12.008140  703
12.010852  601
12.014218  772
12.021474  718
12.036482  603
12.057587  772
12.073900  647
12.096159  733
12.105168  739
12.125130  88
12.156418  658
12.175590  666
12.205245  782
12.214279  691
12.240407  294
12.244952  761
12.273675  813
12.275768  747
12.294840  321
12.300024  813
12.312219  322
12.323062  778
12.351723  845
12.369562  855
12.373527  379
12.380105  856
12.412839  385
12.460034  870
12.469323  105
12.488477  389
12.506796  876
12.519272  882
12.534439  878
12.539043  939
12.547194  797
12.549866  390
12.577369  884
12.579781  807
12.592497  139
12.596802  922
12.604973  962
12.611790  795
12.631734  954
12.668932  966
12.676394  976
12.694628  984
12.699412  174
12.701644  967
12.708321  398
12.727533  1012
12.735504  1054
12.778075  829
12.797547  873
12.812335  855
12.816300  992
12.825429  984
12.854892  979
12.909964  861
12.927883  846
12.971711  1033
12.980521  1031
12.982654  411
13.050746  791
13.070423  433
13.072835  1031
13.106994  1024
13.115444  997
13.123954  440
13.148332  810
13.154909  816
13.165652  813
13.189550  446
13.220775  179
13.231957  720
13.247264  447
13.267016  451
13.302178  436
13.311231  672
13.312844  668
13.317469  667
13.321574  137
13.327952  660
13.347736  654
13.354173  652
13.360531  646
13.363003  351
13.371693  350
13.404072  152
13.429160  153
13.489738  117
13.519273  96
13.556984  611
13.563561  323
13.588691  300
13.614889  274
13.622165  270
13.659659  264
13.678492  543
13.682657  541
13.774568  525
13.802537  43
13.804150  266
13.827448  269
13.840914  271
13.858574  276
13.881992  530
13.888609  282
13.890342  556
13.894307  558
13.899885  560
13.913319  293
13.919776  304
13.922108  597
13.942914  71
13.953616  593
13.966871  14
13.997345  76
13.999557  306
14.093768  80
14.115556  81
14.134321  115
14.156373  165
14.160958  105
14.178157  141
14.183720  159
14.215393  145
14.231139  157
14.251642  167
14.268802  192
14.300071  19
14.327573  174
14.345481  597
14.347634  179
14.356184  329
14.376909  334
14.388652  189
14.407944  464
14.448780  41
14.483855  474
14.509321  487
14.538422  65
14.547292  28
14.584391  197
14.590709  194
14.595014  498
14.661030  217
14.663642  133
14.678430  192
14.683988  214
14.736911  214
14.747714  758
14.760630  604
14.764875  275
14.772092  613
14.784946  234
14.787079  776
14.795349  626
14.800193  817
14.802386  290
14.814167  818
14.826923  823
14.831228  238
14.841990  265
14.853492  821
14.862482  226
14.879822  340
14.890452  561
14.956573  407
14.981404  387
15.005381  193
15.023295  683
15.049750  687
15.063084  271
15.078812  718
15.159257  456
15.167687  374
15.169440  202
15.183820  297
15.192159  208
15.216596  578
15.257894  226
15.311932  377
15.345774  292
15.385197  581
15.388903  346
15.513121  291
15.588539  612
15.640598  767
15.680164  309
15.724413  330
15.751156  863
15.760126  353
15.764191  926
15.779088  809
15.788038  395
15.813182  285
15.838070  669
15.840702  385
15.877791  430
15.881976  336
15.914362  501
15.916854  699
15.965289  713
15.999301  752
16.015142  818
16.028716  850
16.045357  7
16.063576  501
16.065489  870
16.098286  105
16.140696  303
16.185953  420
16.203791  341
16.236199  431
16.241563  929
16.251726  444
16.274319  425
16.276412  22
16.290760  30
16.294505  567
16.398643  451
16.405400  451
16.411410  349
16.417348  657
16.486714  677
16.532934  115
16.540010  434
16.544994  123
16.574983  52
16.582359  750
16.597259  381
16.602263  462
16.630061  416
16.666512  461
16.678452  429
16.685353  443
16.692410  123
16.710653  788
16.731291  768
16.736654  527
16.799345  810
16.818642  437
16.833084  887
16.869839  450
16.880625  473
16.893699  500
16.932570  39
17.005329  130
17.023096  702
17.044363  169
17.049027  698
17.105904  167
17.109554  473
17.149804  117
17.159892  707
17.162364  732
17.171892  446
17.205288  451
17.284470  445
17.289374  991
17.292585  153
17.316281  488
17.323737  507
17.336915  490
17.354019  704
17.367158  500
17.393371  447
17.408049  507
17.417777  459
17.431250  480
17.433422  458
17.450195  476
17.454140  438
17.471024  111
17.493251  435
17.517551  475
17.522495  475
17.527179  215
17.572996  447
17.638447  447
17.643531  439
17.657189  433
17.659321  432
17.666697  446
17.669069  473
17.679891  443
17.682423  472
17.687277  439
17.696231  472
17.698363  122
17.723723  438
17.728007  436
17.740067  472
17.741980  472
17.747997  469
17.763538  959
17.770282  469
17.778497  471
17.792202  471
17.803415  959
17.806067  991
17.808359  442
17.812744  463
17.814996  426
17.817368  459
17.820559  980
17.823091  459
17.827336  949
17.831201  422
17.833713  419
17.835446  428
17.837299  416
17.841564  427
17.845609  426
17.861719  428
17.863312  424
17.866523  452
17.871187  424
17.898043  452
17.902008  417
17.904700  453
17.907332  22
17.917219  427
17.919851  454
17.927487  148
17.930873  142
17.953196  456
17.984805  23
17.996090  143
18.015553  456
18.051121  698
18.064614  156
18.088281  159
18.090972  458
18.093604  171
18.100814  169
18.102447  168
18.112394  168
18.123335  454
18.127660  452
18.130132  168
18.137827  452
18.139420  469
18.144224  466
18.146277  465
18.148589  147
18.153952  147
18.158177  460
18.163161  440
18.168305  424
18.199155  444
18.217019  445
18.224255  444
18.229399  467
18.244166  470
18.253475  112
18.257720  425
18.260432  425
18.287413  427
18.289725  149
18.291498  423
18.295903  460
18.299633  417
18.302265  416
18.303898  454
18.306190  415
18.307943  414
18.309776  431
18.312687  453
18.314460  427
18.318525  137
18.321137  451
18.324443  135
18.329786  427
18.332797  450
18.357948  452
18.387148  428
18.394105  429
18.406884  427
18.410179  436
18.427210  437
18.448758  457
18.453342  418
18.457347  423
18.468768  209
18.484134  205
18.558308  219
18.597948  115
18.616226  116
18.621757  426
18.631045  117
18.633557  121
18.635190  431
18.637902  124
18.640314  220
18.643800  419
18.646432  445
18.654661  423
18.656474  441
18.658107  428
18.671368  439
18.672961  427
18.693802  111
18.702871  435
18.704624  109
18.710806  424
18.712659  107
18.715211  422
18.724819  428
18.735785  419
18.754382  384
18.755995  371
18.759226  926
18.761718  889
18.771575  375
18.773308  372
18.790240  372
18.795503  381
18.797216  371
18.799708  383
18.803238  382
18.810754  378
18.815059  369
18.818210  375
18.824248  370
18.829731  368
18.832163  0
18.833956  361
18.841891  357
18.844063  365
18.848508  74
18.869521  363
18.871094  354
18.885631  76
18.913116  76
18.915688  73
18.917441  71
18.921386  70
18.965098  70
18.974686  73
18.982069  74
18.995682  67
18.997335  63
18.998928  58
19.006403  53
19.009614  53
19.013899  43
19.018703  581
19.022249  27
19.026554  26
19.031338  848
19.034988  294
19.074615  255
19.082175  0
19.088053  255
19.100408  252
19.118038  0
19.119771  254
19.125938  254
19.128630  253
19.131082  252
19.163752  215
19.184426  209
19.210487  228
19.216192  193
19.232975  0
19.252071  194
19.256045  192
19.327993  9
19.350865  208
19.354850  203
19.380643  189
19.386366  187
19.388778  205
19.397987  201
19.403530  10
19.426611  189
19.428204  188
19.430916  186
19.438152  183
19.458721  178
19.462966  177
19.502222  177
19.503900  731
19.507111  698
19.510641  164
19.514746  163
19.516459  156
19.518911  151
19.527369  142
19.540748  137
19.547245  136
19.575178  134
19.589475  0
19.601376  0
19.607054  0
19.615004  0
19.625271  0
19.649153  0
19.673725  661
19.681320  1
19.685505  1
19.721816  2
19.724368  14
19.727958  16
19.737885  416
19.748774  141
19.752264  0
19.754197  694
19.783716  136
19.797729  136
19.819205  136
19.832346  136
19.834658  136
19.836850  135
19.839621  135
19.844505  4
19.846478  3
19.862344  0
19.891631  147
19.894283  108
19.906298  0
19.918997  94
19.921289  92
20.022277  106
20.042148  83
20.044400  100
20.059567  1
20.061400  81
20.065405  82
20.154287  0
20.167973  3
20.172892  0
20.190770  472
20.212798  496
20.225333  184
20.234562  456
20.300496  0
20.307607  0
20.409788  0
20.440294  0
20.456586  1
20.463562  0
20.475450  0
20.486272  7
20.498112  7
20.572443  334
20.600389  71
20.606127  0
20.610192  355
20.614137  355
20.637134  0
20.815278  390
20.892364  12
20.894976  53
20.897408  55
20.938529  67
20.995013  1
20.997525  0
21.007540  2
21.011845  2
21.014237  78
21.015810  84
21.017583  85
21.023310  85
21.025083  82
21.042327  81
21.056141  86
21.058633  85
21.060606  0
21.080672  69
21.105675  0
21.109780  82
21.235218  38
21.306854  361
21.339902  80
21.373527  80
21.434976  114
21.490617  145
21.495082  166
21.515291  39
21.529938  49
21.545366  95
21.547079  59
21.571909  109
21.574581  111
21.576754  171
21.578906  185
21.585603  346
21.593094  186
21.596939  178
21.599611  173
21.607451  84
21.610023  425
21.644663  156
21.784018  144
21.796443  82
21.806850  410
21.811275  102
21.897539  7
22.011033  172
22.045452  38
22.100106  124
22.120256  28
22.139692  176
22.162821  460
22.212262  148
22.223883  149
22.245043  172
22.272054  502
22.284649  182
22.292280  301
22.298777  521
22.312425  308
22.349931  157
22.357027  319
22.364778  330
22.430569  85
22.503499  185
22.567177  322
22.569330  234
22.580540  556
22.586318  306
22.666618  78
22.757391  200
22.759683  216
22.781379  35
22.786363  381
22.787976  465
22.808946  281
22.818849  90
22.835497  521
22.855209  369
22.881086  166
22.888941  634
22.987790  48
23.028975  178
23.063200  178
23.087916  270
23.092261  136
23.100792  511
23.107430  237
23.120773  454
23.126451  511
23.128464  544
23.162843  287
23.173505  291
23.202706  422
23.219307  339
23.228387  641
23.238870  391
23.249133  578
23.260494  665
23.277274  579
23.285724  338
23.301191  340
23.337872  589
23.403620  153
23.421462  159
23.438846  539
23.490317  381
23.530500  580
23.532453  347
23.549018  716
23.565619  600
23.568231  384
23.586404  441
23.608348  160
23.629674  479
23.670930  469
23.764025  745
23.766457  598
23.824921  214
23.886693  606
23.888666  418
23.902079  434
23.904511  610
23.906364  218
23.992463  230
23.997007  437
24.017670  543
24.043004  784
24.051334  517
24.068119  520
24.095086  536
24.120021  622
24.160446  554
24.172467  583
24.200947  590
24.207524  588
24.218331  600
24.229193  909
24.259751  618
24.271726  821
24.320767  605
24.378999  620
24.421293  626
24.438512  639
24.490290  602
24.577315  608
24.619345  269
24.636070  602
24.676649  605
24.683366  589
24.713424  612
24.776524  641
24.794601  940
24.797073  612
24.804404  618
24.815150  465
24.925499  619
24.935687  610
24.937320  621
24.951133  622
24.964850  614
24.972106  612
25.039436  599
25.050062  604
25.077019  631
25.104519  633
25.111715  634
25.128247  633
25.142200  626
25.153447  626
25.210174  600
25.213924  624
25.220441  623
25.228576  952
25.235053  952
25.239857  622
25.247433  611
25.260856  600
25.263468  959
25.274443  580
25.286638  546
25.307228  568
25.339203  553
25.350184  549
25.361725  546
25.377590  534
25.399058  887
25.403882  542
25.525056  598
25.531294  485
25.533486  469
25.536158  749
25.549867  431
25.573748  427
25.576779  414
25.585568  769
25.588220  394
25.590432  768
25.592085  402
25.596110  399
25.598163  384
25.604325  360
25.608829  370
25.624432  383
25.626485  381
25.631549  366
25.633422  348
25.635994  728
25.641078  343
25.642831  353
25.644524  352
25.649588  342
25.656365  335
25.658398  322
25.661090  333
25.672871  354
25.682739  239
25.684692  230
25.706041  203
25.712558  196
25.721827  194
25.731670  159
25.750247  153
25.757703  152
25.774488  184
25.789800  516
25.791633  516
25.794744  514
25.807104  161
25.813482  169
25.818446  533
25.833732  143
25.885285  169
25.917766  496
25.928607  154
26.081908  252
26.087304  166
26.089437  539
26.138928  161
26.160866  156
26.176134  528
26.182652  153
26.191701  149
26.193394  146
26.197006  140
26.208515  233
26.215052  126
26.229345  147
26.237994  146
26.258723  124
26.271577  118
26.288601  114
26.300132  144
26.321627  487
26.326431  487
26.328543  486
26.335894  150
26.344723  112
26.359619  134
26.366715  114
26.425726  130
26.432723  133
26.498650  106
26.524358  86
26.594565  207
26.599569  495
26.628951  482
26.651334  102
26.675431  484
26.700187  102
26.707404  110
26.730175  202
26.767492  104
26.781724  101
26.794997  120
26.812224  134
26.820714  131
26.825399  130
26.829225  463
26.842360  134
26.856607  127
26.920817  119
26.963862  118
26.999659  73
27.009148  436
27.018177  67
27.042454  80
27.049730  106
27.067084  166
27.068757  452
27.118083  92
27.126833  451
27.158128  91
27.180192  82
27.185256  79
27.223464  99
27.229362  95
27.250041  75
27.256978  70
27.265448  64
27.267501  79
27.280216  90
27.284381  406
27.300472  83
27.330867  71
27.341410  449
27.348047  77
27.390574  94
27.402576  105
27.405822  104
27.440955  109
27.600033  446
27.609079  440
27.631284  70
27.652369  68
27.671901  67
27.673754  159
27.684097  61
27.693026  91
27.718221  64
27.724759  61
27.738094  77
27.774606  87
27.781264  87
27.785469  90
27.796650  58
27.853819  77
27.857884  88
27.876595  73
27.893094  66
27.896005  58
27.905325  56
27.909610  25
27.936119  28
27.937712  25
27.942157  45
27.950028  54
27.959318  405
27.961071  402
27.967816  116
28.010374  27
28.020526  46
28.025530  401
28.049627  22
28.087988  26
28.092134  115
28.094007  24
28.101937  15
28.104469  114
28.110647  41
28.114672  16
28.118997  38
28.135273  12
28.153459  26
28.178815  378
28.224840  16
28.425407  12
28.448793  23
28.466872  54
28.476565  401
28.482463  407
28.491072  36
28.496890  22
28.512202  19
28.578116  53
28.593571  56
28.612104  26
28.629084  53
28.641939  53
28.646423  54
28.651228  24
28.677751  37
28.706930  408
28.727196  42
28.740331  54
28.744456  48
28.763414  11
28.790777  18
28.797414  47
28.805325  406
28.816227  117
28.896217  402
28.913817  403
28.933015  39
28.970189  119
28.972022  46
28.975907  119
29.035334  24
29.053845  34
29.058809  384
29.087566  54
29.131116  41
29.141284  61
29.179313  24
29.181965  62
29.188143  119
29.226442  40
29.249888  68
29.251961  128
29.291420  30
29.309913  50
29.338795  412
29.366878  425
29.382464  50
29.406800  41
29.415670  69
29.428824  14
29.431336  34
29.520236  54
29.524940  384
29.531278  67
29.540387  393
29.553882  58
29.564784  48
29.619689  85
29.655288  47
29.661146  41
29.666944  75
29.677092  39
29.698817  51
29.705374  430
29.723360  85
29.733803  43
29.765125  412
29.802211  63
29.807195  68
29.816965  418
29.846599  435
29.856322  447
29.858794  74
29.902242  140
29.908939  86
29.913703  143
29.918228  42
29.933142  95
29.998731  59
30.006981  69
30.009513  412
30.026113  84
30.047498  89
30.077252  88
30.089492  95
30.091425  76
30.100969  91
30.107546  89
30.117414  113
30.136706  105
30.141391  155
30.147229  77
30.154720  84
30.161257  85
30.168154  97
30.170287  61
30.184835  65
30.191113  87
30.205721  181
30.209666  462
30.213931  76
30.216104  121
30.258334  95
30.265430  84
30.295824  92
30.308647  454
30.315944  117
30.323041  456
30.342554  463
30.351104  110
30.352717  82
30.356962  479
30.363100  98
30.395152  85
30.399916  184
30.413485  112
30.420842  187
30.423214  84
30.432178  84
30.447885  123
30.469976  425
30.513650  97
30.528618  436
30.533163  101
30.555547  468
30.557700  452
30.609205  91
30.610818  129
30.641594  191
30.643467  130
30.662960  124
30.667185  92
30.683845  124
30.703278  98
30.707703  114
30.713921  194
30.726235  110
30.740488  141
30.777026  104
30.788048  459
30.802356  108
30.833224  136
30.835037  473
30.845379  473
30.858682  493
30.874069  126
30.876242  495
30.882859  124
30.908167  128
30.918570  98
30.925826  105
30.932744  204
30.950743  205
30.957101  106
30.972408  140
30.995429  114
31.028657  116
31.041078  111
31.046836  117
31.052514  468
31.059710  141
31.065648  118
31.092971  116
31.102839  135
31.130821  112
31.143124  119
31.179644  141
31.192878  121
31.220839  115
31.225883  116
31.228315  123
31.243226  224
31.250463  120
31.254648  502
31.272148  154
31.285742  493
31.292859  478
31.352033  132
31.373509  145
31.378413  498
31.387462  506
31.407213  516
31.416962  149
31.424119  142
31.438153  125
31.444930  151
31.480411  224
31.514432  155
31.562082  127
31.570692  140
31.582792  128
31.615031  486
31.638041  153
31.648628  162
31.656823  159
31.665813  162
31.671871  156
31.690156  153
31.691729  514
31.712897  150
31.726080  128
31.737446  116
31.743189  115
31.748373  127
31.751065  126
31.765517  219
31.771755  131
31.773668  214
31.779885  130
31.793619  145
31.806479  477
31.813622  113
31.843527  112
31.856741  133
31.858474  120
31.880877  491
31.893800  144
31.912637  503
31.937531  150
31.940063  130
31.952903  118
31.957807  142
31.972319  209
31.983141  125
31.992559  145
32.012035  474
32.019172  140
32.028788  140
32.039190  99
32.055296  88
32.065225  117
32.069890  105
32.074375  87
32.089707  475
32.097523  457
32.099995  120
32.111916  451
32.143163  129
32.145316  126
32.152333  124
32.174637  106
32.181773  105
32.187551  97
32.196065  492
32.197918  492
32.202702  120
32.253051  108
32.258095  98
32.272268  201
32.280958  200
32.320248  133
32.325531  132
32.342310  95
32.359880  118
32.361493  107
32.366652  117
32.370717  114
32.392983  122
32.394616  121
32.396189  472
32.404659  472
32.406951  482
32.415506  474
32.433907  108
32.436379  105
32.453956  105
32.474686  197
32.483216  101
32.489953  119
32.495037  194
32.497289  123
32.522167  80
32.531710  73
32.542384  83
32.546489  69
32.548082  68
32.561936  450
32.568034  425
32.571646  95
32.616094  99
32.628813  106
32.631025  106
32.633297  105
32.643300  70
32.646431  99
32.657792  66
32.660923  65
32.663555  454
32.668079  80
32.680411  84
32.682723  55
32.685155  50
32.686908  48
32.694524  43
32.699168  49
32.700961  41
32.708761  45
32.710734  44
32.714444  137
32.719548  53
32.741138  74
32.750507  31
32.754332  64
32.773936  29
32.780653  27
32.791135  33
32.806162  400
32.817408  398
32.830609  411
32.833101  408
32.848527  46
32.850440  44
32.852373  33
32.859390  27
32.863575  14
32.872404  43
32.886732  105
32.895662  17
32.899168  27
32.902463  97
32.917350  0
32.934848  3
32.951873  368
32.956218  343
32.969453  339
33.001412  16
33.005067  5
33.018611  20
33.043313  0
33.049151  0
33.056587  380
33.076855  22
33.078548  0
33.104411  83
33.109495  0
33.134384  22
33.150830  364
33.174271  336
33.188164  353
33.194561  350
33.198966  356
33.218479  0
33.237657  0
33.249832  58
33.260895  0
33.292502  1
33.294754  1
33.296527  0
33.305436  332
33.328117  314
33.338460  0
33.353847  0
33.373998  0
33.396496  327
33.440206  32
33.481562  309
33.508070  289
33.599605  31
33.646025  312
33.660733  285
33.810865  0
33.820629  313
33.910394  6
33.926300  32
33.941227  33
33.977205  4
33.994046  318
34.039104  14
34.041057  11
34.051959  20
34.061442  21
34.067105  20
34.106348  1
34.110873  330
34.134032  37
34.142682  6
34.227212  325
34.236162  24
34.244632  325
34.277474  40
34.302111  15
34.316519  3
34.331567  17
34.334018  8
34.340775  43
34.345160  19
34.363313  23
34.373117  292
34.388903  9
34.409496  9
34.411369  23
34.420279  7
34.424344  12
34.443556  14
34.447662  17
34.452466  15
34.472063  18
34.492484  7
34.508311  49
34.520472  16
34.526135  50
34.558455  21
34.574319  301
34.598686  327
34.612220  332
34.632571  350
34.645686  24
34.659244  25
34.665109  18
34.668220  16
34.675277  56
34.687113  66
34.702134  73
34.710425  12
34.726095  39
34.728487  10
34.738790  85
34.743115  359
34.749313  26
34.757283  304
34.759276  32
34.768689  11
34.772075  362
34.798670  28
34.800843  57
34.806481  36
34.816189  36
34.817762  24
34.833149  37
34.837554  26
34.843572  30
34.852502  32
34.858880  347
34.865737  37
34.870222  64
34.882817  353
34.889235  20
34.893500  42
34.897925  365
34.899738  29
34.903923  86
34.929705  86
34.958205  46
34.960078  366
34.971239  56
34.993468  314
35.000005  333
35.028214  372
35.046034  65
35.059645  389
35.072260  66
35.076605  26
35.082943  70
35.085515  53
35.089880  62
35.094325  60
35.100802  92
35.118844  42
35.121496  100
35.135590  59
35.138182  45
35.143940  59
35.146332  62
35.154482  59
35.165664  116
35.171982  397
35.178779  339
35.188742  86
35.232030  59
35.240804  59
35.242717  31
35.264125  47
35.267531  63
35.271956  58
35.283098  87
35.297446  376
35.299439  64
35.310501  70
35.316899  379
35.318912  62
35.328741  83
35.330554  95
35.340083  380
35.349392  77
35.377954  80
35.379567  393
35.422933  371
35.463431  95
35.469189  99
35.478718  61
35.519562  99
35.523547  90
35.525140  102
35.539281  124
35.547472  125
35.581073  83
35.593968  96
35.597913  98
35.599826  89
35.611187  105
35.612820  134
35.617185  90
35.621630  400
35.626254  372
35.651565  111
35.660762  73
35.684998  94
35.702437  86
35.726813  92
35.737456  95
35.739648  93
35.761434  416
35.787084  94
35.822436  136
35.828274  83
35.836424  144
35.844601  418
35.865471  108
35.872148  126
35.890027  381
35.901090  387
35.922435  423
35.928852  103
35.934770  97
35.947624  437
35.966317  435
35.968689  106
35.982977  126
35.985529  132
35.994797  124
35.996590  152
36.001414  110
36.041117  109
36.045622  113
36.054252  123
36.056924  131
36.071553  117
36.076358  130
36.093817  399
36.106432  119
36.118488  127
36.125704  119
36.128216  129
36.139053  120
36.174272  119
36.204627  136
36.212677  123
36.229717  440
36.231810  129
36.248890  124
36.251482  445
36.254708  131
36.256880  156
36.314441  420
36.324170  156
36.338219  129
36.361182  420
36.365567  418
36.381612  117
36.387611  135
36.408376  441
36.434844  446
36.453362  136
36.481883  134
36.488041  450
36.511239  163
36.521982  131
36.528839  174
36.543327  149
36.559154  125
36.572670  186
36.594755  126
36.628054  157
36.629807  137
36.668951  128
36.679834  153
36.684579  143
36.710948  130
36.713101  167
36.743839  132
36.752309  140
36.759154  130
36.767724  153
36.773922  188
36.776154  473
36.780059  154
36.784404  171
36.804495  155
36.810992  189
36.851589  165
36.860898  167
36.883262  165
36.905984  161
36.910309  157
36.943124  153
36.947349  471
36.951894  484
36.959095  486
36.966771  506
36.992960  155
36.995153  164
37.001411  169
37.007868  177
37.016597  160
37.018330  200
37.024328  164
37.026800  203
37.036983  161
37.039335  190
37.047825  204
37.057454  171
37.066204  210
37.074734  156
37.076986  199
37.106583  448
37.114494  230
37.143015  475
37.150286  162
37.152438  185
37.172629  201
37.211076  164
37.226184  214
37.227897  477
37.229590  167
37.255640  178
37.258112  176
37.266822  489
37.270734  189
37.273286  202
37.279824  200
37.301669  197
37.303362  498
37.312371  181
37.318589  233
37.325406  523
37.327019  202
37.328632  208
37.342586  215
37.347171  179
37.357434  185
37.363336  234
37.370333  487
37.392237  239
37.394809  166
37.401946  195
37.410777  215
37.436446  188
37.442304  494
37.463454  494
37.470032  180
37.472244  205
37.493848  516
37.521935  205
37.530206  212
37.541747  522
37.546271  208
37.576474  242
37.603084  246
37.649304  211
37.650917  231
37.670150  209
37.675094  206
37.687789  538
37.690900  232
37.697717  184
37.714238  510
37.720796  225
37.737956  220
37.760181  233
37.779034  216
37.792648  212
37.794481  220
37.831278  529
37.838055  231
37.845311  204
37.850290  228
37.884968  252
37.887140  228
37.909623  228
37.911536  512
37.914248  220
37.929389  224
37.933614  254
37.962279  234
37.970928  227
38.004020  228
38.016035  515
38.035886  518
38.040989  211
38.045434  213
38.064713  232
38.077888  219
38.106769  551
38.111114  217
38.124283  544
38.133057  225
38.141427  231
38.148743  251
38.158558  558
38.161050  262
38.188581  231
38.213341  229
38.225009  229
38.228375  246
38.245140  242
38.252337  237
38.259533  272
38.268782  559
38.282430  519
38.307825  236
38.316096  237
38.328951  551
38.344158  251
38.361497  231
38.372859  238
38.374712  237
38.395797  240
38.406199  238
38.434800  237
38.439904  239
38.453058  236
38.462187  560
38.467750  235
38.469463  222
38.473258  236
38.488570  231
38.492655  225
38.515782  548
38.524851  230
38.566365  231
38.574415  226
38.587202  516
38.592366  241
38.606166  223
38.607739  513
38.627689  217
38.629362  224
38.647044  235
38.660158  544
38.664343  553
38.708749  244
38.717719  238
38.722304  253
38.741500  235
38.750509  232
38.759658  234
38.764662  227
38.791784  226
38.794376  224
38.797607  226
38.800059  235
38.807855  226
38.814612  230
38.817543  229
38.822607  260
38.825039  534
38.829384  222
38.840606  513
38.861615  222
38.870384  219
38.898306  233
38.920071  225
38.956396  229
38.994094  239
39.003557  228
39.012406  549
39.015098  233
39.030811  228
39.037647  511
39.049995  226
39.117996  226
39.132409  237
39.187641  237
39.200441  234
39.204886  238
39.214354  244
39.244389  551
39.261869  552
39.271593  535
39.276278  540
39.290366  230
39.302960  225
39.318067  222
39.322412  222
39.338279  205
39.339932  205
39.343143  204
39.344736  205
39.356464  203
39.358002  232
39.362088  514
39.368786  513
39.373391  202
39.375863  490
39.394596  205
39.433713  214
39.462150  208
39.474845  206
39.508152  216
39.524965  224
39.552522  207
39.567029  542
39.599121  231
39.604165  505
39.607651  227
39.643988  203
39.665862  217
39.679556  211
39.688106  211
39.708477  505
39.734215  198
39.740740  212
39.742992  202
39.744885  198
39.751203  210
39.757540  195
39.764078  199
39.772448  508
39.782611  510
39.793273  497
39.808367  189
39.817636  497
39.825172  186
39.829497  181
39.860612  187
39.862245  183
39.868642  180
39.870235  481
39.879752  174
39.895260  172
39.906342  168
39.915551  169
39.948687  478
39.961802  487
39.964134  168
39.972944  166
39.983287  170
39.989584  164
39.998414  171
40.000966  170
40.002604  170
40.004996  161
40.013666  165
40.022556  159
40.036612  166
40.046500  185
40.050985  153
40.057886  158
40.064503  164
40.066416  162
40.071480  474
40.077118  162
40.078751  160
40.085128  448
40.088834  442
40.115782  147
40.117455  458
40.127818  146
40.138501  137
40.149703  134
40.166603  130
40.179098  426
40.185776  141
40.198771  123
40.202676  116
40.220036  121
40.231298  434
40.238469  443
40.268263  433
40.288359  120
40.309644  123
40.315682  119
40.325690  121
40.334380  120
40.337626  429
40.346915  123
40.355805  115
40.361923  116
40.365788  119
40.385699  116
40.398633  426
40.411389  109
40.447711  121
40.454707  114
40.460415  113
40.474528  118
40.483198  111
40.496672  127
40.505202  115
40.517778  433
40.537590  404
40.568698  135
40.593334  117
40.644803  137
40.719382  169
40.740377  139
40.747374  431
40.760249  447
40.764554  118
40.796747  119
40.816840  451
40.825250  123
40.826883  454
40.853913  141
40.875683  156
40.952940  161
40.970540  129
40.995710  140
41.012151  145
41.020441  162
41.053730  412
41.070921  462
41.082203  158
41.097310  122
41.098983  123
41.116113  123
41.178093  142
41.179886  152
41.193946  464
41.204269  460
41.232531  466
41.244686  464
41.278060  155
41.301958  150
41.305903  155
41.325743  151
41.352194  138
41.379104  157
41.387055  458
41.405727  151
41.412064  151
41.422967  142
41.436422  158
41.462531  154
41.491732  141
41.510845  153
41.516049  155
41.522847  151
41.524680  145
41.543637  164
41.552187  153
41.608619  151
41.634530  155
41.676027  159
41.678020  143
41.756700  487
41.765010  487
41.771288  152
41.795785  163
41.808600  172
41.823827  158
41.834790  179
41.860139  180
41.874312  177
41.887650  169
41.897605  484
41.921483  154
41.932645  155
41.954490  174
41.964473  173
41.971130  177
41.987450  163
42.012207  168
42.016712  162
42.026955  166
42.029267  160
42.045367  167
42.047440  168
42.051845  167
42.056510  166
42.068965  164
42.070898  165
42.079828  166
42.084293  475
42.095515  166
42.128242  158
42.145932  173
42.165825  164
42.170510  156
42.174595  154
42.193856  160
42.196568  166
42.248428  138
42.297589  479
42.346520  488
42.360413  491
42.362146  179
42.384269  174
42.385862  172
42.477280  181
42.488582  181
42.534537  178
42.593967  484
42.638142  171
42.678306  155
42.680958  165
42.696165  165
42.698697  168
42.700730  165
42.715657  477
42.720042  166
42.728392  162
42.734849  160
42.749296  156
42.782456  176
42.800875  161
42.871005  477
42.886072  187
42.890137  485
42.896235  188
42.910959  187
42.930771  494
42.932804  166
42.960211  181
42.977249  162
42.984980  187
43.007762  183
43.016611  184
43.021455  188
43.031482  174
43.049142  176
43.101946  185
43.108564  184
43.121260  185
43.137680  174
43.148422  184
43.157492  183
43.194308  168
43.210749  174
43.213401  177
43.222031  178
43.229188  179
43.303277  181
43.316751  176
43.387064  179
43.392308  197
43.400039  184
43.402591  182
43.413098  183
43.462478  174
43.487594  185
43.495824  188
43.498276  188
43.500568  187
43.504813  188
43.537961  193
43.542106  194
43.544358  185
43.591682  192
43.639250  182
43.681384  188
43.685649  188
43.700689  202
43.723932  173
43.733241  184
43.755724  188
43.757537  187
43.761542  176
43.774656  177
43.785439  188
43.793989  180
43.822017  192
43.851142  189
43.868849  184
43.917572  202
43.921957  188
43.925843  186
43.929143  190
43.931715  185
43.936140  182
43.938752  182
43.951727  177
43.957055  169
43.974340  166
43.981936  166
44.003200  161
44.024784  157
44.042116  164
44.044408  162
44.048773  160
44.053857  155
44.058561  157
44.069423  155
44.078512  157
44.088460  155
44.094138  143
44.098443  141
44.113866  157
44.132845  152
44.135357  149
44.139742  143
44.156548  139
44.171320  148
44.195214  131
44.200193  129
44.223742  134
44.230579  123
44.234944  126
44.243953  122
44.258200  130
44.269542  131
44.309712  124
44.313897  132
44.324604  124
44.339751  117
44.349080  122
44.353445  109
44.361116  121
44.365361  107
44.368053  105
44.370625  102
44.373237  106
44.381647  99
44.384239  97
44.386891  89
44.389263  88
44.397993  89
44.409769  94
44.431633  100
44.448993  89
44.464000  105
44.472769  94
44.483451  94
44.496846  98
44.499498  93
44.509107  96
44.517976  95
44.522821  86
44.534477  90
44.552816  90
44.557521  82
44.573028  81
44.575959  80
44.586722  91
44.599576  64
44.623553  66
44.631213  60
44.638889  57
44.667625  71
44.673428  77
44.681399  75
44.686343  72
44.690388  67
44.719243  60
44.734330  59
44.744198  73
44.754281  70
44.758666  63
44.762771  61
44.764724  62
44.773634  60
44.784017  50
44.796158  51
44.834050  54
44.846306  60
44.867751  61
44.873394  54
44.885949  58
44.887942  52
44.892806  49
44.908733  42
44.917623  54
44.919596  51
44.931871  49
44.935137  42
44.944566  45
44.970321  61
44.983795  45
44.985388  39
45.033697  42
45.091479  63
45.138119  49
45.148902  44
45.174612  42
45.231943  56
45.260206  59
45.266983  50
45.338029  52
45.360906  52
45.363478  58
45.372847  62
45.432352  44
45.442754  57
45.461827  59
45.503951  75
45.529900  64
45.534684  67
45.549891  79
45.579213  46
45.592888  52
45.595540  61
45.662514  76
45.666559  53
45.673017  76
45.675249  78
45.687685  73
45.718320  53
45.738586  61
45.757978  65
45.773046  62
45.790206  68
45.842805  53
45.862257  67
45.869235  89
45.889047  67
45.898860  83
45.921243  93
45.934077  100
45.935690  56
45.962588  82
45.974224  85
45.981879  85
45.987557  54
46.017402  101
46.019355  107
46.024973  76
46.039440  83
46.043925  100
46.057779  64
46.064216  68
46.092099  92
46.109558  100
46.112270  100
46.122274  90
46.132577  95
46.144159  90
46.155461  69
46.176260  91
46.188882  72
46.194001  81
46.197746  90
46.203824  69
46.224954  107
46.249030  110
46.253135  65
46.268362  76
46.280717  94
46.304415  92
46.316510  97
46.324226  105
46.326658  98
46.333036  89
46.394266  91
46.400404  100
46.410368  86
46.426156  108
46.434486  107
46.448281  103
46.486954  107
46.505577  110
46.525449  108
46.554509  118
46.559214  97
46.583550  130
46.619242  117
46.626938  121
46.633416  92
46.646410  99
46.686455  103
46.690700  109
46.714020  112
46.726220  121
46.734811  112
46.736804  135
46.743501  113
46.748346  165
46.761241  104
46.771605  96
46.811961  106
46.818059  117
46.819992  126
46.823798  125
46.830672  144
46.849924  119
46.869955  140
46.889546  106
46.904553  94
46.917049  135
46.930024  136
46.940067  106
46.970125  165
46.976662  133
46.987928  124
46.991039  142
46.995903  153
47.013621  126
47.025624  148
47.048662  157
47.052927  140
47.063830  160
47.078987  129
47.094373  132
47.107009  119
47.108602  137
47.124049  123
47.130550  166
47.133042  128
47.140633  137
47.146081  165
47.153737  151
47.158681  132
47.182486  125
47.187071  152
47.189183  142
47.214103  155
47.230531  165
47.232584  162
47.236749  165
47.251856  166
47.258014  171
47.264851  98
47.280258  153
47.335003  155
47.364277  163
47.392558  155
47.403340  166
47.407566  148
47.430624  162
47.452468  164
47.457193  166
47.461618  177
47.465803  169
47.470268  158
47.518022  158
47.522626  178
47.539047  156
47.574638  196
47.576531  168
47.585401  164
47.595104  183
47.600907  186
47.618366  166
47.628688  171
47.632753  179
47.647669  185
47.670746  185
47.672859  162
47.703350  186
47.706541  172
47.708514  169
47.720016  180
47.724581  169
47.727847  173
47.757582  175
47.759215  201
47.786778  172
47.802565  192
47.815279  164
47.819604  166
47.837084  169
47.860463  177
47.877943  190
47.883582  186
47.885455  184
47.895662  165
47.908357  202
47.913121  193
47.979926  193
47.982258  185
48.015504  193
48.038970  202
48.055444  194
48.070161  193
48.088359  191
48.117962  215
48.127091  186
48.131695  196
48.150052  217
48.159800  189
48.161793  192
48.171301  192
48.180850  208
48.182703  217
48.200421  187
48.203707  194
48.224496  196
48.226329  189
48.230354  205
48.246739  222
48.253855  215
48.255808  205
48.261966  196
48.265871  207
48.272628  197
48.275160  197
48.304880  212
48.311737  206
48.315802  202
48.322899  205
48.327104  203
48.332742  200
48.341792  210
48.346577  212
48.349129  194
48.369140  203
48.373445  199
48.392182  196
48.396467  187
48.402944  191
48.404577  183
48.415324  186
48.440469  184
48.452856  191
48.469841  202
48.491230  195
48.502691  203
48.542042  205
48.587499  195
48.601013  200
48.630337  207
48.660115  207
48.671860  209
48.689466  209
48.742667  209
48.755901  200
48.775294  198
48.818660  197
48.865990  211
48.868182  211
48.881995  206
48.888353  204
48.899814  225
48.959871  200
48.965829  202
48.968541  210
48.973465  219
48.989651  211
48.991324  210
48.993776  207
49.001431  212
49.043584  214
49.054091  219
49.074327  230
49.091192  213
49.098548  194
49.118244  198
49.119997  198
49.129829  203
49.135307  198
49.158277  203
49.165034  202
49.205427  200
49.210770  210
49.219180  207
49.228908  207
49.253532  191
49.266866  213
49.279425  201
49.286681  206
49.309507  196
49.311959  196
49.314631  190
49.315870  189
49.332542  189
49.335114  183
49.336947  183
49.342894  184
49.344887  184
49.383770  180
49.385503  177
49.392774  177
49.397658  175
49.400649  183
49.422959  177
49.446053  182
49.450198  178
49.454403  174
49.470488  136
49.483043  151
49.490040  150
49.505766  155
49.519620  145
49.528059  150
49.532763  145
49.535674  137
49.537667  136
49.563489  143
49.571859  133
49.591977  139
49.594549  131
49.598654  129
49.601066  123
49.604572  123
49.616013  123
49.623077  126
49.629514  122
49.651118  110
49.652791  113
49.668462  113
49.670395  113
49.682217  113
49.691625  101
49.695810  103
49.702247  105
49.704859  98
49.706832  97
49.717139  99
49.721304  98
49.725289  98
49.726068  91
49.730693  84
49.735437  79
49.749351  82
49.751663  81
49.755888  81
49.759833  80
49.767364  80
49.791539  76
49.793452  74
49.798456  74
49.800249  73
49.802521  73
49.806132  70
49.816215  50
49.826462  47
49.836011  51
49.851857  39
49.856881  38
49.862898  47
49.866464  58
49.890298  54
49.904013  46
49.909337  37
49.933674  40
49.939572  28
49.941864  27
49.964647  29
49.969811  32
49.978381  22
50.001503  14
50.005728  24
50.007900  19
50.016670  17
50.021015  18
50.027213  16
50.032557  7
50.039094  11
50.041726  9
50.065223  10
50.071241  4
50.080664  0
50.082936  0
50.087780  0
50.090152  0
50.091725  0
50.096657  0
50.116268  0
50.122613  0
50.131063  0
50.149415  0
50.169152  0
50.182267  0
50.200373  13
50.239437  6
50.330210  0
50.334235  0
50.377031  1
50.380817  3
50.390328  0
50.407427  0
50.420761  2
50.427079  0
50.429351  0
50.433256  2
50.514514  0
50.575426  0
50.615823  0
50.646738  0
50.723385  0
50.971820  2
50.986647  4
51.010124  4
51.052733  4
51.069553  2
51.083347  9
51.089065  32
51.104373  34
51.116808  8
51.128569  16
51.137638  15
51.153165  15
51.162808  2
51.178674  10
51.189516  0
51.192822  20
51.207314  29
51.238403  5
51.275428  18
51.330765  25
51.342141  27
51.359001  24
51.361653  7
51.369303  13
51.380166  30
51.398425  42
51.400058  31
51.410221  32
51.432805  32
51.446340  30
51.451065  22
51.456932  32
51.461257  34
51.467494  58
51.471979  8
51.474032  3
51.480110  55
51.482282  38
51.492985  39
51.498872  42
51.507982  29
51.512227  34
51.514160  48
51.527015  50
51.541249  18
51.549479  36
51.569820  42
51.595474  40
51.606257  42
51.630507  41
51.658558  22
51.675738  50
51.693697  29
51.725071  46
51.732702  48
51.754390  42
51.761107  39
51.765472  52
51.769657  30
51.788511  57
51.801749  43
51.807232  43
51.811237  48
51.837286  60
51.850815  42
51.856578  54
51.858451  56
51.866401  56
51.868573  86
51.885033  49
51.891611  87
51.902833  65
51.904986  54
51.909291  50
51.920747  77
51.924013  76
51.977123  44
51.995737  85
52.012803  92
52.034389  66
52.061972  83
52.099185  82
52.101118  67
52.124556  78
52.136512  77
52.163100  84
52.182072  82
52.183725  89
52.194766  86
52.198032  74
52.200524  101
52.226893  90
52.228606  87
52.235603  96
52.239689  89
52.274808  86
52.276761  109
52.283738  59
52.285611  111
52.292248  69
52.294940  87
52.301837  78
52.314880  80
52.316653  75
52.322830  75
52.324823  108
52.344695  85
52.347486  86
52.353664  83
52.355796  111
52.372037  112
52.407496  90
52.426035  108
52.436458  114
52.464521  95
52.478056  110
52.498448  79
52.533966  112
52.555611  114
52.562368  109
52.564161  100
52.590571  114
52.592224  105
52.611840  111
52.622746  113
52.625318  108
52.639986  102
52.649000  118
52.653205  114
52.670765  111
52.676863  128
52.711863  111
52.715768  116
52.725512  126
52.734701  107
52.736694  118
52.744334  112
52.751910  117
52.756175  108
52.773533  127
52.797621  113
52.882736  120
52.886822  128
52.932017  112
52.963686  124
52.991088  117
53.005242  135
53.050037  110
53.070694  118
53.090112  136
53.096030  130
53.120825  126
53.138865  127
53.140438  120
53.155823  138
53.169457  147
53.182012  127
53.198121  144
53.227077  134
53.232181  135
53.239218  191
53.245735  122
53.247768  135
53.250400  124
53.258311  183
53.265148  125
53.277624  140
53.282009  188
53.286094  126
53.297176  175
53.301628  188
53.305434  139
53.315717  139
53.320162  168
53.328532  140
53.332497  165
53.339134  126
53.343100  132
53.361733  135
53.379353  154
53.393720  180
53.407888  140
53.426861  156
53.453111  166
53.472764  145
53.498908  155
53.503053  169
53.510249  191
53.515492  185
53.519737  169
53.535683  162
53.544353  186
53.552464  176
53.554976  177
53.575894  187
53.581513  181
53.598932  191
53.605976  184
53.638623  188
53.642448  186
53.665869  194
53.669275  179
53.674039  194
53.718563  180
53.749758  195
53.760720  198
53.765065  206
53.778419  178
53.780132  199
53.784138  169
53.824587  206
53.837542  211
53.866638  207
53.908825  197
53.914583  182
53.929750  206
53.996117  209
54.053700  192
54.055893  213
54.082743  196
54.098924  191
54.106001  213
54.119634  198
54.132609  211
54.149163  219
54.164609  215
54.193391  216
54.200268  212
54.202540  200
54.206945  200
54.225098  210
54.230716  217
54.238207  198
54.240859  216
54.251241  201
54.257179  220
54.259451  219
54.261803  213
54.267841  218
54.291327  213
54.309166  219
54.311358  213
54.319748  233
54.323074  245
54.325446  236
54.332443  217
54.340893  234
54.343045  204
54.347411  247
54.353788  210
54.363597  218
54.370768  230
54.382229  233
54.393611  234
54.397137  217
54.409318  215
54.410971  232
54.437581  201
54.441626  250
54.445112  228
54.447604  243
54.459385  219
54.467708  250
54.475738  246
54.490565  241
54.501694  246
54.531598  249
54.556941  236
54.579144  236
54.593212  222
54.602461  233
54.615335  242
54.631675  240
54.648799  238
54.656315  231
54.658468  238
54.665872  245
54.667705  248
54.682992  236
54.701091  240
54.702844  238
54.716005  238
54.753760  230
54.758952  247
54.760665  237
54.765130  248
54.781596  239
54.791105  227
54.793258  238
54.809970  232
54.811823  234
54.815668  235
54.819573  236
54.831833  239
54.886761  248
54.896130  239
54.906498  232
54.956288  240
54.969702  238
54.975739  222
54.986621  226
54.998131  237
55.030341  246
55.058774  239
55.120906  224
55.146734  233
55.155983  242
55.267528  243
55.319116  232
55.321628  243
55.343631  237
55.366392  241
55.372179  241
55.379490  235
55.381203  241
55.386666  241
55.405464  240
55.423986  239
55.431362  236
55.442388  238
55.447412  241
55.450343  239
55.452216  231
55.463457  229
55.466723  243
55.469295  226
55.477845  230
55.487688  235
55.496182  237
55.509541  236
55.513965  235
55.515858  233
55.524711  226
55.535213  235
55.540077  225
55.548212  235
55.558020  224
55.560971  235
55.572587  232
55.575239  236
55.586181  232
55.594196  231
55.634098  241
55.664671  226
55.718157  238
55.818403  232
55.822608  238
55.837854  237
55.868528  226
55.871120  240
55.879534  242
55.894881  236
55.899765  241
55.918250  238
55.919983  239
55.923733  239
55.930370  233
55.944928  236
55.954357  238
55.965538  226
55.968210  223
55.977579  208
55.988840  202
55.990413  217
55.997629  207
56.002933  213
56.019199  220
56.020932  218
56.024523  210
56.027095  203
56.029507  200
56.034091  198
56.036523  189
56.038655  201
56.054169  189
56.059573  202
56.065017  192
56.073667  189
56.105579  164
56.107152  145
56.109544  145
56.116361  157
56.131928  144
56.134360  142
56.136273  139
56.153034  132
56.160559  141
56.162152  141
56.172054  136
56.180983  133
56.185387  132
56.194406  131
56.198811  130
56.201902  122
56.217329  118
56.223653  129
56.228357  132
56.230889  125
56.252477  121
56.261187  121
56.267924  121
56.271769  121
56.283849  126
56.296369  110
56.310566  103
56.315130  85
56.316703  85
56.323280  91
56.332170  88
56.334103  87
56.359269  94
56.368878  93
56.371350  89
56.373762  79
56.375415  76
56.377587  74
56.381353  84
56.383426  69
56.385339  70
56.390223  75
56.392355  69
56.394428  66
56.398113  71
56.400026  68
56.404631  67
56.406863  68
56.408441  65
56.412626  63
56.414419  54
56.420976  45
56.431358  49
56.435069  47
56.462039  50
56.464371  31
56.476366  21
56.481969  25
56.496696  22
56.501301  27
56.517348  25
56.534493  12
56.544796  9
56.572303  7
56.595465  5
56.606247  1
56.615755  0
56.618901  0
56.641570  0
56.643263  0
56.658311  0
56.659884  0
56.667135  0
56.669607  0
56.675532  0
56.689706  0
56.702121  0
56.708638  0
56.734168  0
56.769007  0
56.814055  1
56.990858  1
57.005885  3
57.105284  1
57.139948  10
57.256389  2
57.287818  6
57.309009  1
57.317938  9
57.322463  1
57.339523  21
57.347713  3
57.349466  6
57.352138  2
57.358016  8
57.365453  28
57.370178  8
57.371911  28
57.378948  6
57.390230  7
57.394235  7
57.400712  10
57.415940  7
57.443382  8
57.445674  10
57.467479  9
57.486812  47
57.497215  54
57.505424  2
57.512895  34
57.525751  13
57.543590  17
57.554313  10
57.574646  36
57.594099  7
57.596571  38
57.612409  12
57.627257  33
57.640991  44
57.650974  42
57.659304  38
57.674971  0
57.681389  46
57.683981  40
57.694344  47
57.698469  44
57.700661  43
57.723399  42
57.735420  28
57.739585  35
57.746802  43
57.767361  38
57.800308  31
57.812863  38
57.847662  43
57.859304  14
57.872959  36
57.881848  49
58.022928  39
58.025260  44
58.033490  42
58.070876  42
58.080625  50
58.087103  50
58.109007  45
58.113312  43
58.119470  48
58.208395  65
58.225255  67
58.241401  58
58.288678  63
58.319627  55
58.334215  63
58.346183  58
58.357526  45
58.370480  37
58.374745  46
58.385487  55
58.391165  61
58.406112  48
58.408624  70
58.411076  49
58.422992  81
58.424725  62
58.440201  62
58.446862  67
58.451726  64
58.457584  65
58.465564  62
58.470508  59
58.472980  72
58.479557  66
58.484421  57
58.487536  77
58.501744  68
58.508581  66
58.510813  67
58.516551  66
58.520716  70
58.529326  68
58.535623  69
58.537755  66
58.562906  59
58.573256  58
58.586690  66
58.608957  92
58.623744  97
58.638831  53
58.640664  88
58.654417  63
58.663961  85
58.680787  82
58.684593  66
58.701194  78
58.728363  85
58.739293  92
58.741166  94
58.754580  88
58.774027  66
58.778372  86
58.794558  85
58.805341  92
58.811638  83
58.826393  93
58.828066  85
58.830678  90
58.836537  103
58.855890  95
58.864180  94
58.866432  87
58.876655  103
58.880720  94
58.882313  97
58.889549  76
58.897280  102
58.905770  98
58.915638  94
58.926489  95
58.944687  96
58.955230  104
58.967651  93
59.019670  104
59.023116  93
59.044201  111
59.062439  115
59.075234  105
59.080753  91
59.103236  115
59.105448  94
59.144702  97
59.173064  111
59.175196  102
59.185679  105
59.196382  117
59.216334  95
59.226218  104
59.231876  106
59.245360  112
59.246933  115
59.277192  113
59.279644  135
59.283609  116
59.292559  114
59.294272  135
59.304714  130
59.308859  110
59.310632  113
59.317689  109
59.322134  126
59.326579  116
59.328452  129
59.339295  131
59.344558  108
59.348983  136
59.354307  114
59.360465  113
59.364830  122
59.375113  124
59.379878  115
59.385596  134
59.392173  123
59.396718  121
59.403596  137
59.405669  125
59.418404  136
59.441047  121
59.467397  121
59.481825  130
59.490955  142
59.506117  140
59.517718  144
59.521723  121
59.535597  134
59.542062  123
59.552665  132
59.571299  140
59.602166  142
59.633079  138
59.642508  137
59.668858  137
59.690063  133
59.696021  132
59.704591  134
59.735885  150
59.738317  149
59.750493  137
59.752266  152
59.766638  144
59.772436  151
59.778953  133
59.782279  139
59.789610  130
59.792222  151
59.800991  154
59.805476  128
59.809581  152
59.811993  139
59.816018  144
59.819943  161
59.829906  147
59.832458  153
59.838756  143
59.859721  165
59.864485  157
59.874389  160
59.887763  153
59.903170  163
59.959446  157
59.970607  166
59.979977  161
59.994505  160
59.996278  139
59.997951  167
