# t(s) QueuingDelay(ms)
10.167365  0
10.177145  0
10.217345  0
10.257325  0
10.267567  0
10.316364  1
10.352931  12
10.366839  20
10.370964  6
10.408545  22
10.464502  25
10.466635  0
10.474765  26
10.496510  31
10.504960  30
10.507492  39
10.582919  68
10.600420  77
10.609689  44
10.611762  62
10.613375  79
10.626369  85
10.633211  97
10.650308  166
10.652860  95
10.659518  152
10.663903  193
10.666555  168
10.683035  212
10.684908  179
10.691416  206
10.697534  161
10.706584  161
10.719199  186
10.720892  171
10.733047  193
10.734620  194
10.757928  196
10.765819  217
10.781545  227
10.791389  232
10.816312  234
10.823169  251
10.827834  252
10.835745  259
10.869406  274
10.871958  241
10.879889  199
10.891411  209
10.906359  264
10.919653  277
10.921566  276
10.934541  285
10.945363  287
10.947136  245
10.981436  255
10.983609  284
10.995290  265
11.041545  317
11.048721  273
11.063429  281
11.091596  271
11.103232  328
11.105404  290
11.125356  394
11.137612  403
11.141777  450
11.152759  451
11.156964  286
11.194816  292
11.198542  458
11.216022  314
11.236808  317
11.258442  377
11.267331  422
11.280686  475
11.287543  299
11.296667  323
11.311920  340
11.316245  518
11.322422  350
11.379151  521
11.381403  351
11.396870  360
11.398563  530
11.415283  359
11.427718  353
11.435939  13
11.487136  6
11.499891  328
11.503257  327
11.566969  8
11.598743  11
11.608846  330
11.618415  330
11.622860  301
11.626486  295
11.637126  290
11.699348  2
11.701660  293
11.710450  292
11.714535  273
11.716708  270
11.745795  0
11.750640  270
11.760229  272
11.770492  276
11.810336  294
11.879396  15
11.896356  19
11.932467  4
11.939345  30
11.942017  14
11.953359  40
11.971078  50
11.979228  300
11.985006  337
12.003444  358
12.041806  346
12.050256  278
12.065604  355
12.074734  30
12.087614  63
12.090326  7
12.100868  364
12.103540  75
12.112850  376
12.116775  87
12.128096  381
12.135293  278
12.137745  91
12.147829  285
12.160612  360
12.180351  59
12.190435  389
12.195933  62
12.211144  397
12.215349  404
12.242861  73
12.244494  425
12.258288  16
12.294827  359
12.299372  33
12.301245  137
12.332963  144
12.347211  155
12.355026  362
12.365269  178
12.368635  54
12.384701  163
12.392152  13
12.396916  203
12.407778  173
12.414275  211
12.424837  390
12.434841  214
12.445962  233
12.456415  199
12.495760  237
12.535306  100
12.548280  425
12.554339  368
12.561396  463
12.563169  251
12.571839  396
12.576144  513
12.582641  258
12.584933  578
12.588739  106
12.604033  301
12.619201  402
12.629164  23
12.635242  9
12.655538  120
12.662395  497
12.665087  23
12.671345  264
12.676963  560
12.683040  271
12.685652  120
12.696414  295
12.702959  217
12.717312  226
12.729388  238
12.743301  246
12.753264  587
12.771023  596
12.784098  445
12.801909  541
12.842067  313
12.854942  325
12.863632  297
12.889222  33
12.902557  607
12.906203  226
12.962878  230
12.971088  334
12.983568  581
13.000768  332
13.003100  349
13.017689  591
13.019862  241
13.051015  249
13.073666  350
13.075719  342
13.106572  355
13.116175  363
13.129989  347
13.138081  422
13.194255  55
13.227891  387
13.258449  625
13.276968  347
13.283345  57
13.285118  423
13.304310  627
13.315972  255
13.332893  99
13.351632  127
13.358130  641
13.370726  139
13.388325  262
13.448815  272
13.458292  377
13.467362  673
13.480157  301
13.482729  669
13.486834  421
13.495864  323
13.504195  22
13.530485  362
13.533097  415
13.553450  381
13.609654  430
13.634852  612
13.676783  629
13.681547  350
13.704465  429
13.736973  3
13.740239  738
13.761271  718
13.769781  9
13.795160  75
13.800878  74
13.881992  420
13.904616  435
13.933278  427
13.947312  441
13.951217  448
13.971910  171
13.984266  477
14.012947  522
14.021377  522
14.044714  439
14.046487  548
14.088058  550
14.130499  537
14.141608  182
14.168541  509
14.328995  376
14.358949  85
14.377083  209
14.441346  123
14.455020  683
14.459265  453
14.471788  89
14.511073  512
14.526160  382
14.546925  104
14.628902  122
14.660491  540
14.674389  697
14.688630  927
14.704691  458
14.716307  157
14.743235  392
14.777056  167
14.837818  696
14.882361  473
14.929759  86
14.962080  459
14.999672  222
15.025062  124
15.097154  71
15.118834  550
15.122999  721
15.124572  254
15.136213  313
15.155630  479
15.159795  392
15.164359  727
15.167290  109
15.202524  395
15.227420  534
15.254883  707
15.273856  859
15.294628  896
15.351576  879
15.357574  199
15.366004  183
15.374214  488
15.391014  586
15.442897  887
15.450037  511
15.461379  934
15.464071  709
15.472052  193
15.488813  205
15.506892  533
15.517334  390
15.573913  955
15.597589  778
15.613842  983
15.615695  282
15.660413  845
15.686862  615
15.697751  653
15.741708  831
15.878834  539
15.897585  181
15.909452  548
15.974672  566
15.999209  617
16.005127  896
16.018981  202
16.046315  893
16.050600  256
16.063578  314
16.099920  878
16.117244  348
16.131517  195
16.148222  218
16.230827  745
16.238063  678
16.265079  694
16.295888  764
16.345785  697
16.416974  695
16.476842  912
16.487138  239
16.522894  621
16.538452  463
16.555411  625
16.619117  274
16.648685  312
16.650797  820
16.686038  624
16.691716  832
16.745583  688
16.832826  742
16.906965  696
16.922117  698
16.928324  696
16.952999  696
16.957978  692
16.989229  626
17.047063  614
17.085522  359
17.087395  704
17.110177  369
17.111810  305
17.121079  362
17.139844  338
17.166536  708
17.195485  461
17.315185  7
17.371075  1041
17.374306  705
17.382501  704
17.393675  701
17.411438  451
17.413650  685
17.418454  362
17.424716  616
17.431308  444
17.437705  352
17.444621  972
17.446374  345
17.450918  607
17.454628  607
17.456820  437
17.458573  345
17.465796  590
17.468408  340
17.470141  339
17.503520  324
17.545157  598
17.548723  440
17.550336  957
17.564210  333
17.568914  443
17.580675  605
17.591222  444
17.600730  338
17.607646  336
17.610058  333
17.618827  326
17.643866  339
17.646338  322
17.648910  316
17.653694  583
17.656166  938
17.660471  310
17.662683  578
17.666758  330
17.669390  652
17.684569  423
17.687560  928
17.696514  639
17.698267  316
17.706242  638
17.707835  315
17.709568  920
17.715790  635
17.731276  541
17.764395  911
17.766128  630
17.775731  617
17.778043  625
17.786659  623
17.805382  914
17.807535  295
17.824839  543
17.829883  541
17.832335  614
17.838632  910
17.840625  540
17.847801  614
17.887548  623
17.890439  624
17.909955  541
17.914879  629
17.917431  630
17.922275  547
17.933437  632
17.935869  552
17.944897  629
17.953287  629
17.955939  548
17.959669  259
17.966206  628
17.970451  548
17.976169  544
17.986459  254
17.991343  294
17.993875  253
18.001730  544
18.006714  544
18.008527  544
18.010260  251
18.014984  629
18.016577  540
18.027579  252
18.032882  253
18.036927  251
18.039439  227
18.054301  227
18.057052  0
18.069252  251
18.073517  615
18.077842  253
18.082826  227
18.086092  226
18.093149  623
18.110481  623
18.117852  225
18.127919  387
18.176850  0
18.194085  392
18.197296  237
18.202000  9
18.203933  392
18.210122  248
18.213193  16
18.220856  2
18.232281  617
18.248634  623
18.256883  540
18.264219  666
18.266871  669
18.271595  671
18.274047  21
18.275166  958
18.277878  670
18.280090  958
18.282722  34
18.285254  39
18.287227  45
18.289399  45
18.291192  670
18.295656  668
18.298328  667
18.302293  410
18.308044  667
18.310356  418
18.312908  660
18.315060  419
18.319924  416
18.322416  415
18.324828  646
18.329892  643
18.334316  637
18.341712  560
18.351860  395
18.363061  296
18.364674  556
18.371850  395
18.378132  306
18.386941  306
18.459026  312
18.465523  563
18.477003  322
18.482207  322
18.488923  323
18.491894  566
18.494606  321
18.496738  570
18.499090  400
18.511964  401
18.521033  591
18.525497  430
18.527170  428
18.528763  312
18.533467  420
18.546205  581
18.554854  418
18.556567  312
18.559773  578
18.562445  310
18.587611  314
18.589224  320
18.602263  322
18.612319  327
18.614072  314
18.615765  314
18.623500  311
18.629103  328
18.630676  631
18.633308  306
18.639905  323
18.642277  412
18.653399  320
18.678210  643
18.720973  580
18.741310  956
18.750919  584
18.759388  663
18.761041  955
18.769790  663
18.805339  646
18.810243  585
18.812875  651
18.816086  38
18.831653  654
18.866822  667
18.876710  669
18.890963  589
18.897101  672
18.906269  592
18.916137  595
18.928921  674
18.950684  680
18.960192  325
18.962804  596
18.972132  599
18.973905  335
18.977096  345
18.980027  596
18.981840  596
18.984472  596
18.994299  593
18.995992  593
19.006319  251
19.009350  261
19.012002  266
19.016966  266
19.019498  266
19.023687  267
19.028651  263
19.030963  259
19.032816  648
19.040552  257
19.044517  257
19.051114  654
19.068008  654
19.071913  257
19.082001  31
19.090171  407
19.092623  251
19.095075  405
19.112220  250
19.122303  247
19.132146  402
19.169716  27
19.171449  24
19.180998  637
19.186816  564
19.191740  23
19.198217  646
19.200909  642
19.230108  649
19.232680  651
19.234313  938
19.236665  25
19.240870  645
19.246653  319
19.265990  407
19.268222  651
19.273446  408
19.276058  408
19.283354  558
19.291050  394
19.296254  628
19.303690  309
19.315158  302
19.316791  391
19.319982  299
19.328772  380
19.338081  291
19.346511  286
19.361298  271
19.402239  272
19.406963  273
19.419284  1
19.432658  376
19.435849  270
19.437502  367
19.441647  261
19.444359  365
19.449163  362
19.451056  351
19.453248  245
19.455840  241
19.457473  232
19.460085  232
19.462677  225
19.464270  225
19.466083  242
19.471474  234
19.474405  227
19.478015  212
19.486170  211
19.489341  225
19.491014  206
19.492647  219
19.495558  308
19.498789  211
19.501181  200
19.505286  803
19.516128  801
19.526451  793
19.531216  789
19.535721  785
19.542818  784
19.547043  764
19.551488  139
19.557605  753
19.561670  0
19.563723  726
19.604600  35
19.611836  0
19.622078  27
19.623711  16
19.626762  15
19.629573  339
19.635336  0
19.660612  28
19.662884  27
19.667409  26
19.710546  16
19.803142  26
19.809859  34
19.815897  41
19.820502  571
19.825226  0
19.837121  265
19.843658  176
19.848162  240
19.853486  10
19.874516  0
19.978275  0
19.984632  448
20.004363  461
20.027660  462
20.031645  461
20.035311  461
20.037883  0
20.076826  5
20.094804  9
20.101801  12
20.106346  179
20.117148  22
20.128090  35
20.145969  20
20.182873  5
20.285592  28
20.314793  33
20.316786  481
20.343376  202
20.350412  38
20.359322  131
20.365999  53
20.370823  211
20.383644  0
20.396004  56
20.411452  77
20.430291  89
20.454357  115
20.594377  450
20.601868  457
20.621200  466
20.633646  465
20.645307  585
20.652065  126
20.660575  588
20.666633  138
20.668965  597
20.676002  605
20.686792  149
20.694742  616
20.724844  154
20.742387  169
20.756721  186
20.763697  7
20.775758  196
20.781996  17
20.786601  210
20.792219  219
20.828312  222
20.834930  148
20.844499  223
20.855641  153
20.872036  237
20.895874  241
20.920250  253
20.926368  160
20.954531  253
20.967705  244
21.010796  29
21.054406  42
21.061822  262
21.087732  281
21.092137  115
21.153189  299
21.177352  323
21.202555  327
21.226910  570
21.233108  339
21.260177  348
21.325756  352
21.352965  353
21.429808  253
21.505483  579
21.516105  621
21.520210  621
21.521883  778
21.528001  630
21.543028  357
21.551478  873
21.566925  401
21.591201  416
21.592914  879
21.632383  420
21.666264  426
21.679686  435
21.701135  462
21.714949  180
21.719174  157
21.723279  476
21.727084  168
21.731729  485
21.740406  479
21.749676  190
21.753901  47
21.758086  493
21.760239  206
21.779672  505
21.809415  323
21.813960  518
21.818544  856
21.822810  478
21.829847  532
21.841343  499
21.845308  537
21.863487  554
21.881660  562
21.895399  566
21.911839  578
21.936729  581
21.949583  578
21.980161  556
22.003399  515
22.055870  708
22.069805  712
22.092528  269
22.175239  614
22.195902  622
22.207023  631
22.225980  579
22.293045  5
22.314295  404
22.318540  284
22.394581  637
22.438005  646
22.444902  509
22.464438  648
22.480822  65
22.502491  682
22.526846  885
22.546944  890
22.574371  536
22.607026  554
22.616814  918
22.623136  556
22.744668  505
22.758121  365
22.763544  506
22.769786  324
22.775524  524
22.819316  540
22.827052  559
22.835602  331
22.852027  343
22.901729  565
22.950255  633
22.960263  532
23.018911  685
23.046933  711
23.063545  728
23.089268  736
23.093533  762
23.116880  765
23.144890  367
23.153045  423
23.285601  781
23.293856  473
23.327419  470
23.367082  829
23.372026  853
23.375991  835
23.382133  788
23.455709  535
23.486210  766
23.494844  433
23.510516  752
23.515100  734
23.522444  725
23.525056  700
23.542540  992
23.547568  683
23.550519  642
23.552851  951
23.558654  974
23.561086  627
23.563758  611
23.572357  574
23.589242  570
23.598570  564
23.605247  561
23.613024  548
23.616390  545
23.620655  542
23.630353  553
23.642692  537
23.646083  992
23.709524  464
23.712096  539
23.717120  540
23.726768  543
23.762489  527
23.789457  536
23.794740  465
23.805087  542
23.811724  541
23.827730  538
23.835924  528
23.837657  361
23.871426  364
23.879476  385
23.884340  382
23.969218  529
24.014767  963
24.071159  949
24.080867  923
24.083099  379
24.097121  640
24.163607  623
24.166758  281
24.183777  619
24.191048  403
24.196526  613
24.206853  605
24.208726  603
24.213929  374
24.223425  323
24.307917  379
24.315732  377
24.318683  374
24.321634  290
24.323287  289
24.325080  285
24.332456  340
24.346848  786
24.348841  767
24.362120  748
24.381798  297
24.400182  271
24.432281  186
24.434394  183
24.453690  266
24.471010  230
24.475794  229
24.482191  222
24.483964  219
24.485537  218
24.488708  157
24.490521  157
24.512185  199
24.515416  36
24.526704  197
24.529196  33
24.531029  32
24.536612  31
24.538505  25
24.553724  27
24.628696  191
24.675950  632
24.728525  642
24.740705  273
24.759662  272
24.807719  125
24.809472  123
24.812044  120
24.813737  339
24.828349  333
24.840589  332
24.842322  119
24.844854  116
24.870611  117
24.872684  351
24.956175  180
24.960100  179
24.962492  179
24.964245  177
24.973159  114
24.987112  185
25.002384  641
25.004017  626
25.008422  624
25.048580  207
25.100946  193
25.130083  181
25.151505  187
25.153877  188
25.171776  181
25.176820  19
25.179012  18
25.181344  17
25.184056  16
25.196016  17
25.203340  17
25.207485  16
25.327869  623
25.383769  640
25.389652  637
25.392883  268
25.490811  130
25.504232  336
25.519104  339
25.528673  115
25.554129  168
25.561745  133
25.563678  131
25.567923  49
25.572248  115
25.580398  563
25.583988  550
25.585007  547
25.587279  542
25.602027  102
25.660962  52
25.667220  51
25.671705  50
25.686593  0
25.697236  0
25.711217  47
25.713609  1
25.721984  4
25.724576  0
25.734604  0
25.745131  23
25.790719  415
25.799729  401
25.802061  397
25.804573  22
25.833625  0
25.849072  33
25.867910  46
25.870342  0
25.897575  0
25.907927  0
25.918329  323
25.921041  306
25.930070  0
25.978513  0
26.008716  0
26.029386  0
26.037121  0
26.039793  0
26.090168  16
26.111939  295
26.116858  295
26.131151  0
26.223449  58
26.225801  64
26.227694  77
26.410698  0
26.426959  93
26.432103  98
26.435549  100
26.447889  101
26.449462  101
26.462776  22
26.546936  29
26.555146  44
26.585955  40
26.595344  52
26.614716  354
26.718086  73
26.720199  89
26.779638  80
26.791154  86
26.797571  81
26.820854  93
26.858333  46
26.877445  97
26.893790  81
26.928103  366
26.942391  370
26.944583  60
26.956938  64
26.976355  81
26.978807  86
26.985604  85
26.987197  90
26.997719  83
27.002323  85
27.006608  63
27.046184  86
27.114357  95
27.120734  87
27.148081  377
27.182065  77
27.195180  88
27.218544  88
27.229905  87
27.231658  89
27.239648  85
27.243553  62
27.252043  81
27.302607  86
27.312520  355
27.324201  352
27.355782  72
27.388229  70
27.413705  74
27.422654  71
27.441032  77
27.447549  86
27.463257  103
27.469634  78
27.480042  369
27.495335  87
27.588916  65
27.713377  89
27.724507  85
27.728992  92
27.732837  176
27.738475  107
27.763278  166
27.765351  91
27.817559  363
27.828681  383
27.840337  74
27.843548  76
27.852727  131
27.860223  127
27.890507  94
27.939060  380
27.941492  80
27.969021  108
27.987095  103
28.057954  117
28.066292  121
28.068764  386
28.077534  424
28.158461  153
28.179937  178
28.186115  169
28.191298  389
28.215497  175
28.217390  175
28.226419  181
28.229051  187
28.231024  141
28.240394  132
28.250166  170
28.256174  181
28.264764  169
28.273593  177
28.279591  113
28.291686  444
28.345484  160
28.348830  161
28.356186  165
28.358159  150
28.367407  172
28.371472  168
28.401148  147
28.421119  110
28.429449  183
28.478448  182
28.485365  462
28.503944  188
28.505937  176
28.565606  460
28.583205  173
28.597078  471
28.602082  189
28.690628  119
28.740254  153
28.780788  194
28.785333  155
28.787745  186
28.791831  476
28.812857  180
28.829098  190
28.836055  195
28.847461  178
28.852505  305
28.861874  302
28.863447  181
28.875352  178
28.886094  187
28.895503  464
28.904513  465
28.916015  468
28.937899  303
28.940271  258
28.944297  261
28.947009  159
28.964488  170
28.973438  263
28.975351  189
28.982148  489
28.984280  259
28.996320  198
29.077658  207
29.098723  208
29.106634  205
29.113331  190
29.116877  498
29.140994  291
29.152982  227
29.164938  570
29.186103  521
29.221341  229
29.250067  225
29.260414  302
29.269084  294
29.304536  220
29.320601  151
29.323752  243
29.331275  575
29.355325  254
29.408125  161
29.430687  197
29.433973  313
29.442991  267
29.454868  328
29.458993  306
29.488549  309
29.496100  311
29.497993  330
29.505050  312
29.514020  279
29.518325  352
29.525602  351
29.556720  331
29.559432  301
29.583030  570
29.596604  616
29.611032  312
29.616680  353
29.621903  339
29.628420  261
29.632086  342
29.657936  344
29.664035  285
29.680301  345
29.723145  304
29.772864  614
29.782727  322
29.792015  340
29.802678  332
29.821895  268
29.856709  530
29.863466  353
29.892171  322
29.901999  336
29.915100  333
29.922097  354
29.924709  332
29.926622  338
29.928515  344
29.931027  603
29.969830  357
29.989865  297
29.992437  331
30.032683  636
30.074946  331
30.105903  362
30.130837  370
30.135562  356
30.139668  347
30.178818  354
30.183043  357
30.187068  355
30.195098  360
30.202414  621
30.213637  362
30.234428  361
30.239192  635
30.244176  631
30.272656  347
30.275228  330
30.281765  330
30.283438  329
30.290734  325
30.294839  320
30.297551  334
30.309966  631
30.327552  318
30.362895  328
30.374084  337
30.419641  330
30.424545  631
30.436266  353
30.534892  337
30.605790  630
30.630338  370
30.652902  305
30.688225  316
30.736838  321
30.817915  356
30.824272  645
30.826504  357
30.853830  363
30.864852  365
30.882670  352
30.887574  336
30.892898  348
30.910776  361
30.931307  632
30.938711  647
30.950572  347
30.961214  344
30.971142  335
30.973494  352
31.001640  361
31.005645  338
31.019358  370
31.055292  353
31.141530  355
31.184559  358
31.205488  348
31.213603  348
31.227835  350
31.262105  372
31.285621  372
31.289726  372
31.295948  652
31.300053  374
31.302565  646
31.381165  345
31.390993  330
31.402255  317
31.426496  356
31.438277  324
31.484283  355
31.486815  359
31.491299  652
31.501407  354
31.513989  356
31.516701  651
31.538030  358
31.542595  352
31.551384  351
31.553596  349
31.557641  350
31.563978  348
31.570875  633
31.573227  351
31.578471  630
31.580104  355
31.598569  631
31.609890  326
31.614115  350
31.632192  347
31.641760  326
31.655214  643
31.675554  365
31.715461  347
31.764263  349
31.771694  643
31.793128  339
31.795580  340
31.804629  337
31.819663  315
31.839453  307
31.841066  310
31.851063  309
31.868566  351
31.889995  303
31.891848  324
31.893960  328
31.898225  298
31.903748  312
31.910505  603
31.912098  602
31.915229  597
31.923024  321
31.939330  274
31.991328  273
31.998844  268
32.023640  299
32.038412  269
32.061569  287
32.063402  260
32.082558  286
32.084770  291
32.087162  290
32.089814  288
32.091567  585
32.110788  288
32.112940  287
32.117772  287
32.119944  284
32.125822  286
32.128354  285
32.130047  284
32.134791  254
32.136589  276
32.142012  277
32.146517  276
32.155386  276
32.162642  277
32.164315  545
32.186862  248
32.189653  249
32.193758  244
32.195351  243
32.209903  237
32.218833  237
32.220686  270
32.222978  552
32.229695  266
32.234100  230
32.271603  241
32.312392  526
32.333432  229
32.336523  235
32.356977  210
32.376548  196
32.391799  218
32.393572  234
32.440197  241
32.456512  241
32.489715  211
32.528026  252
32.558219  241
32.587934  209
32.604993  250
32.612928  217
32.614621  220
32.628054  236
32.630566  235
32.632159  526
32.649138  229
32.651750  220
32.655795  519
32.658027  225
32.659600  225
32.663730  228
32.673739  206
32.675512  221
32.679817  222
32.684801  200
32.687213  221
32.688986  220
32.693671  227
32.695664  502
32.745583  204
32.755311  508
32.761409  243
32.765274  240
32.767187  199
32.790469  208
32.794514  195
32.824298  494
32.833093  189
32.835725  195
32.839950  194
32.843836  188
32.856443  175
32.867525  159
32.873148  189
32.877413  183
32.881518  151
32.887916  142
32.892221  138
32.896446  117
32.898299  147
32.911035  426
32.915540  144
32.925528  126
32.928100  103
32.961665  111
32.976972  88
32.985826  84
32.994855  113
32.999300  78
33.005477  104
33.034526  97
33.047661  101
33.049833  397
33.051846  95
33.060816  390
33.064821  97
33.077895  104
33.084692  95
33.093222  75
33.095015  95
33.097188  372
33.101933  101
33.128443  74
33.140105  70
33.157715  385
33.169156  72
33.173960  110
33.193012  91
33.201431  81
33.250394  394
33.267325  87
33.271750  86
33.308547  80
33.362284  70
33.416097  117
33.445099  126
33.509834  86
33.518936  106
33.527306  379
33.542972  81
33.571173  77
33.572946  394
33.582575  120
33.584628  115
33.613887  84
33.655561  395
33.682014  99
33.689624  87
33.701401  109
33.737002  79
33.741966  111
33.746411  91
33.776800  89
33.779332  93
33.781365  93
33.783957  93
33.785590  90
33.790154  95
33.808403  77
33.834412  83
33.836005  121
33.840290  82
33.842323  117
33.851032  117
33.886511  111
33.888544  106
33.920382  105
33.928312  385
33.930564  111
33.932497  385
33.974519  85
33.988253  89
33.990206  396
34.010857  90
34.033560  101
34.040497  86
34.084322  90
34.092661  402
34.097705  101
34.110165  111
34.135547  107
34.150594  93
34.153226  92
34.160262  124
34.166839  111
34.168992  387
34.178380  124
34.182365  98
34.194261  113
34.207015  126
34.241849  85
34.248287  107
34.252792  112
34.258595  117
34.264553  96
34.271150  144
34.275315  110
34.277907  137
34.302070  111
34.306295  101
34.310860  113
34.315265  101
34.319690  110
34.326567  135
34.341614  105
34.348491  105
34.357640  109
34.368886  129
34.410103  104
34.430215  422
34.437012  106
34.440378  141
34.442710  99
34.453892  107
34.460789  94
34.480999  400
34.485344  79
34.487976  95
34.494253  100
34.497639  390
34.506987  93
34.508720  96
34.513005  391
34.517410  103
34.522135  99
34.526760  99
34.528673  91
34.535111  92
34.537703  376
34.567618  109
34.589243  75
34.591376  73
34.609828  386
34.642348  74
34.650418  59
34.658348  70
34.663227  60
34.666258  102
34.667931  68
34.669704  94
34.677340  58
34.684471  60
34.688466  78
34.692371  90
34.694084  56
34.695857  80
34.700960  53
34.705165  71
34.714873  81
34.716506  71
34.721370  369
34.725775  367
34.727788  72
34.732552  48
34.740383  74
34.749412  72
34.753657  78
34.758202  354
34.772530  46
34.784725  44
34.793235  43
34.801885  43
34.805500  358
34.810384  42
34.814469  76
34.832529  68
34.840460  52
34.865958  369
34.876665  79
34.954547  84
35.027717  85
35.065488  98
35.076598  43
35.089493  57
35.093518  69
35.098622  69
35.104600  81
35.126599  379
35.128292  74
35.137875  58
35.142799  81
35.231127  66
35.248347  69
35.299356  89
35.308560  380
35.318567  84
35.325364  88
35.338059  72
35.354840  96
35.361504  78
35.379004  82
35.390466  104
35.392239  365
35.397223  106
35.403880  75
35.418548  102
35.424726  381
35.430491  76
35.445126  102
35.471471  112
35.484286  78
35.486259  62
35.494949  75
35.500687  89
35.505551  78
35.513862  87
35.525391  109
35.540227  392
35.542939  84
35.553642  89
35.555355  79
35.562252  98
35.564904  102
35.577799  372
35.612480  79
35.632911  396
35.639509  81
35.643734  116
35.647360  82
35.659580  93
35.718715  378
35.723699  109
35.733502  112
35.744703  399
35.751340  384
35.755925  93
35.767027  96
35.769180  112
35.776163  113
35.778056  84
35.789792  123
35.794097  100
35.795790  380
35.800015  113
35.819432  124
35.845422  114
35.879789  128
35.891291  82
35.894917  87
35.899222  121
35.908412  91
35.912257  98
35.918754  85
35.927124  99
35.933262  126
35.942371  116
35.947515  101
35.953853  105
35.957659  105
35.959911  102
35.964675  401
35.972526  408
35.976411  87
35.983228  106
35.989406  112
35.992118  117
35.999115  111
36.001148  389
36.029870  84
36.048411  82
36.091269  107
36.098186  115
36.144287  97
36.160012  414
36.173447  113
36.244481  394
36.252372  142
36.283684  144
36.302167  147
36.303960  92
36.354949  130
36.368378  98
36.372630  152
36.379954  107
36.388744  112
36.404090  157
36.407956  130
36.413040  154
36.414613  117
36.418399  112
36.424557  109
36.434440  411
36.442435  441
36.448513  124
36.452618  112
36.454591  148
36.458696  150
36.465054  169
36.475636  433
36.507692  91
36.522339  132
36.526544  153
36.549102  118
36.567121  132
36.578543  113
36.609071  137
36.622524  128
36.624277  154
36.628222  424
36.638844  148
36.643269  144
36.651320  152
36.658337  151
36.660410  149
36.662982  443
36.667287  441
36.671672  145
36.679783  143
36.694216  147
36.700054  128
36.759837  433
36.779730  152
36.784115  138
36.811145  139
36.843431  148
36.845224  156
36.850008  140
36.857639  132
36.882181  172
36.886686  166
36.890591  441
36.915642  446
36.924591  150
36.938824  438
36.940517  153
36.982409  123
37.014362  134
37.021859  453
37.035234  149
37.045664  137
37.057959  136
37.092746  157
37.102973  164
37.130715  157
37.144229  453
37.152879  145
37.161609  454
37.168047  156
37.178510  167
37.185546  139
37.253824  172
37.260130  143
37.267681  142
37.278743  461
37.296663  146
37.329769  156
37.333574  175
37.335247  179
37.348921  160
37.353486  152
37.367620  449
37.373578  169
37.375451  184
37.381708  186
37.383401  163
37.403653  464
37.409671  167
37.413617  165
37.417622  171
37.421108  465
37.434070  178
37.438335  442
37.440827  178
37.447624  448
37.488542  130
37.492987  149
37.499625  158
37.501757  193
37.510287  466
37.535579  171
37.539924  159
37.543729  168
37.553552  154
37.587139  464
37.588912  173
37.610297  168
37.636305  176
37.639376  192
37.652351  480
37.657202  469
37.663700  452
37.665773  167
37.672610  193
37.683561  172
37.689659  177
37.691232  183
37.714163  195
37.720301  139
37.739135  175
37.760200  466
37.762892  183
37.777501  197
37.781386  194
37.817444  179
37.832991  181
37.841681  196
37.845906  208
37.868309  159
37.877518  200
37.888082  186
37.895119  187
37.901816  193
37.911286  208
37.919042  186
37.921674  491
37.931877  197
37.934089  175
37.936102  196
37.944552  201
37.946205  470
37.950849  492
37.964084  478
38.001829  155
38.023343  493
38.056814  187
38.058727  177
38.069868  194
38.086128  197
38.092885  178
38.097690  193
38.116128  194
38.118061  177
38.129230  486
38.136107  199
38.145555  198
38.177541  497
38.182413  195
38.200012  206
38.202304  200
38.206090  162
38.222057  203
38.237184  208
38.256342  203
38.282475  204
38.317466  215
38.351882  202
38.372816  213
38.374409  495
38.378734  180
38.391734  183
38.398371  199
38.425498  205
38.428269  195
38.430481  217
38.438096  198
38.439969  195
38.444973  177
38.446606  502
38.450511  207
38.455715  206
38.467036  485
38.533377  184
38.545565  216
38.548177  188
38.562425  184
38.587650  208
38.597678  196
38.600864  188
38.610951  212
38.622472  207
38.644775  192
38.652825  499
38.667572  204
38.678693  203
38.681185  209
38.688042  488
38.689655  501
38.695473  489
38.698684  506
38.705361  207
38.724753  214
38.729816  179
38.734061  194
38.736373  211
38.742051  207
38.763390  215
38.801658  198
38.811685  207
38.818083  212
38.826432  216
38.828205  212
38.834402  216
38.853705  191
38.866425  201
38.870870  204
38.875115  186
38.879620  213
38.882192  491
38.884844  199
38.893933  178
38.901209  176
38.903441  175
38.905833  182
38.908125  199
38.913069  211
38.925964  194
38.927597  197
38.933479  196
38.949549  181
38.955567  494
38.968486  184
38.973051  174
38.975683  173
38.977955  477
38.981980  490
38.985051  195
38.987184  473
38.990555  488
39.029089  173
39.035826  169
39.047788  204
39.061840  166
39.065126  203
39.085461  187
39.087973  164
39.094870  171
39.096623  171
39.098256  171
39.100568  170
39.107405  186
39.113902  160
39.116414  184
39.132025  181
39.155742  484
39.157635  187
39.171868  197
39.178226  199
39.180359  189
39.188849  482
39.196299  471
39.224051  193
39.228955  167
39.235093  170
39.247448  187
39.254584  189
39.278059  189
39.284436  188
39.291952  193
39.304986  467
39.311903  186
39.317721  198
39.327796  157
39.342848  156
39.345679  156
39.354887  176
39.357499  181
39.361704  160
39.367842  190
39.370334  180
39.374479  470
39.387613  152
39.392357  160
39.395069  176
39.404938  189
39.414674  161
39.417246  180
39.422737  186
39.425349  184
39.427222  160
39.440876  161
39.447453  174
39.449386  174
39.451019  176
39.453231  146
39.459788  453
39.463953  467
39.466305  449
39.470510  465
39.476452  175
39.505152  139
39.511929  143
39.520893  175
39.525897  141
39.532594  137
39.563440  167
39.572669  147
39.578132  160
39.589094  162
39.590807  139
39.602268  158
39.604560  158
39.621940  153
39.628457  453
39.640313  154
39.644458  443
39.649602  431
39.652014  148
39.662357  427
39.671106  145
39.676010  145
39.681968  148
39.686533  139
39.689165  114
39.692990  138
39.694943  122
39.703580  142
39.715523  144
39.737367  145
39.752695  141
39.757419  424
39.761484  142
39.769177  154
39.771669  111
39.774121  110
39.789448  136
39.800210  134
39.802882  139
39.806068  119
39.808580  134
39.815397  426
39.823607  117
39.830184  109
39.832356  108
39.835008  127
39.839053  112
39.850575  110
39.852927  123
39.855539  124
39.862017  99
39.866202  125
39.868255  123
39.870787  104
39.875052  119
39.879317  120
39.881070  120
39.883722  123
39.888447  101
39.893311  404
39.896677  418
39.898530  403
39.901601  416
39.907799  127
39.920473  78
39.927630  82
39.941173  123
39.955840  117
39.979223  105
39.980836  81
39.991718  102
40.003619  412
40.007864  104
40.020919  106
40.044277  397
40.055518  111
40.062155  383
40.067933  395
40.073461  380
40.089126  104
40.098125  72
40.104623  83
40.109347  94
40.121308  91
40.132190  80
40.140760  86
40.145165  94
40.151103  362
40.161667  57
40.171255  50
40.173787  74
40.188475  76
40.190488  84
40.195293  83
40.204641  368
40.206993  57
40.232802  66
40.246097  81
40.250422  85
40.255107  56
40.281337  51
40.285402  53
40.292059  380
40.294092  361
40.311372  91
40.331744  56
40.345438  59
40.350734  61
40.387067  84
40.413856  77
40.522738  90
40.545821  92
40.560109  85
40.569358  79
40.580020  86
40.583346  84
40.592055  81
40.597274  378
40.599486  63
40.608975  375
40.618938  78
40.621510  60
40.632272  63
40.634225  74
40.636397  74
40.666633  77
40.678455  362
40.685412  362
40.689577  376
40.716250  56
40.733150  93
40.734201  55
40.775958  73
40.788853  74
40.826005  372
40.836707  352
40.840233  79
40.848235  371
40.858298  60
40.862543  74
40.886587  53
40.914290  79
40.977684  84
40.987947  90
41.074276  76
41.079674  80
41.090056  56
41.098266  61
41.107654  92
41.115884  376
41.147670  93
41.162997  100
41.186631  87
41.212540  88
41.228556  371
41.256438  73
41.258191  99
41.269154  386
41.276471  87
41.286994  87
41.305833  106
41.318708  381
41.346040  80
41.348332  70
41.358295  92
41.364712  108
41.368917  88
41.381512  110
41.389822  93
41.405248  110
41.411306  117
41.415431  107
41.426713  121
41.441648  124
41.458128  404
41.470296  94
41.484705  94
41.493535  101
41.498140  72
41.502066  98
41.510376  101
41.514421  96
41.524684  92
41.537959  56
41.542324  42
41.546170  45
41.557292  53
41.583522  88
41.585635  76
41.592252  87
41.596617  81
41.611924  128
41.631316  112
41.654753  116
41.683458  81
41.708235  125
41.713459  109
41.717744  86
41.719457  112
41.731315  111
41.733727  106
41.735840  91
41.740085  109
41.752836  125
41.767744  101
41.776012  70
41.798736  114
41.803521  109
41.816096  109
41.820861  96
41.827758  138
41.843665  146
41.849992  114
41.861693  125
41.868111  117
41.878953  149
41.883138  150
41.885610  121
41.897966  158
41.907075  110
41.915665  132
41.944841  115
41.950979  105
41.957856  110
41.959809  106
41.966367  130
41.970991  120
41.975076  152
41.979700  123
41.981513  137
41.986178  124
42.007663  134
42.014780  158
42.030068  86
42.039038  112
42.050061  119
42.051914  138
42.055360  108
42.073878  149
42.090085  140
42.095164  169
42.156488  124
42.163246  127
42.176500  126
42.190648  142
42.197205  139
42.210959  137
42.219010  151
42.221542  139
42.234098  143
42.248486  120
42.255263  90
42.281926  148
42.288444  133
42.295401  145
42.300066  137
42.302778  149
42.308717  148
42.329567  162
42.335445  111
42.352433  160
42.367008  163
42.376337  122
42.380922  163
42.406100  162
42.426391  160
42.429043  142
42.437987  150
42.448394  151
42.456405  154
42.460390  125
42.470753  173
42.472726  157
42.482155  172
42.486380  170
42.488213  152
42.498536  159
42.503421  113
42.505613  90
42.507626  162
42.527604  105
42.550863  143
42.553415  155
42.567529  123
42.569382  125
42.573427  136
42.591817  167
42.594129  170
42.597555  151
42.667398  150
42.691524  169
42.699914  177
42.702046  175
42.705177  150
42.706890  170
42.739377  182
42.741869  156
42.761682  123
42.790865  176
42.798325  166
42.807134  182
42.809386  153
42.843206  182
42.854894  179
42.867410  176
42.871675  190
42.881818  154
42.924727  181
42.931345  163
42.941948  155
42.958013  171
42.960126  168
42.973694  175
42.987407  187
42.990653  173
43.006899  143
43.022028  178
43.033824  124
43.051943  157
43.056608  191
43.064678  166
43.118330  190
43.143280  189
43.178977  157
43.182743  165
43.193841  175
43.207254  177
43.209406  189
43.216777  179
43.229472  179
43.240235  192
43.245613  176
43.264945  195
43.270189  166
43.271782  182
43.287209  135
43.318663  177
43.322908  192
43.328706  189
43.338929  193
43.345866  179
43.354815  200
43.367131  196
43.384945  189
43.396406  203
43.400631  157
43.436903  208
43.446472  175
43.455522  174
43.468596  199
43.475153  180
43.485905  187
43.494175  192
43.496308  208
43.505198  193
43.531113  191
43.533246  205
43.537551  198
43.545542  169
43.560909  154
43.574827  179
43.576500  154
43.586568  194
43.595917  216
43.610065  158
43.614190  160
43.621481  174
43.636520  219
43.651654  191
43.664762  209
43.724777  212
43.738112  206
43.749594  197
43.754698  204
43.761056  202
43.763268  211
43.765321  197
43.772745  187
43.781355  199
43.791199  217
43.795883  201
43.809277  193
43.816693  157
43.860854  195
43.864429  205
43.895627  218
43.899412  209
43.913605  202
43.937760  182
43.940352  207
43.961282  218
43.988394  191
44.003840  217
44.010897  218
44.015122  199
44.020960  213
44.031137  199
44.038513  207
44.058343  220
44.087076  157
44.091681  203
44.117196  220
44.124233  218
44.180554  184
44.187770  189
44.189803  215
44.194747  214
44.224216  193
44.237873  187
44.240485  204
44.242118  181
44.260697  193
44.264602  195
44.274135  188
44.275828  190
44.278000  181
44.280572  190
44.288582  176
44.290934  183
44.294005  142
44.306160  178
44.310385  209
44.329236  184
44.361357  211
44.369452  211
44.371065  190
44.382414  203
44.408252  202
44.416941  210
44.418674  192
44.429121  195
44.437056  195
44.440502  207
44.453516  171
44.465564  194
44.475971  207
44.477824  202
44.495068  202
44.496661  203
44.498454  175
44.500706  176
44.516716  208
44.531249  189
44.547494  185
44.549067  189
44.570683  202
44.573854  204
44.588992  142
44.593117  193
44.596467  187
44.598260  139
44.617013  187
44.631466  203
44.635511  178
44.637883  202
44.644161  201
44.657364  170
44.666393  169
44.693585  168
44.700646  201
44.732981  182
44.748571  173
44.751283  199
44.753535  173
44.807837  201
44.814534  175
44.817186  189
44.823324  187
44.837577  204
44.886952  188
44.889104  203
44.891536  185
44.900046  195
44.901799  182
44.924753  195
44.926925  202
44.933482  195
44.943051  193
44.949787  192
44.973229  166
44.977673  192
44.984649  201
44.993767  202
45.000144  191
45.014117  177
45.017208  175
45.021513  175
45.025518  199
45.028170  199
45.030842  183
45.038318  197
45.040750  182
45.067883  176
45.079145  202
45.081617  199
45.084169  203
45.086421  196
45.088673  194
45.113836  141
45.118180  188
45.124777  182
45.129481  185
45.137217  166
45.160060  158
45.168210  157
45.177159  156
45.192310  154
45.197848  187
45.203011  185
45.218536  181
45.240503  154
45.242875  179
45.244528  153
45.247140  176
45.265057  159
45.271144  155
45.273836  153
45.279774  114
45.287170  137
45.297796  111
45.302620  76
45.326090  134
45.328802  132
45.336059  123
45.338251  123
45.340563  114
45.342456  111
45.344029  105
45.352004  90
45.360773  47
45.362626  44
45.369917  78
45.371690  69
45.375400  65
45.377273  56
45.380464  25
45.389573  55
45.392145  54
45.393998  37
45.395791  50
45.405480  38
45.417380  0
45.435067  32
45.436720  25
45.438613  48
45.441045  45
45.442618  42
45.448276  36
45.470452  30
45.474957  2
45.477469  27
45.501565  0
45.537381  27
45.553805  25
45.570170  10
45.582058  28
45.584290  1
45.598039  2
45.599652  6
45.606868  0
45.610874  0
45.635010  1
45.640928  0
45.649857  0
45.671601  0
45.678978  0
45.690021  0
45.696418  0
45.707340  0
45.753147  0
45.837277  0
45.856674  0
46.022416  0
46.071377  0
46.097507  1
46.175224  26
46.183694  9
46.236611  6
46.256956  12
46.262315  4
46.267814  16
46.281283  6
46.296573  7
46.305742  9
46.312978  11
46.324300  2
46.345165  4
46.362999  16
46.393820  33
46.432245  14
46.434398  5
46.446119  21
46.449925  35
46.476941  40
46.483818  12
46.487264  12
46.507000  47
46.511785  9
46.541221  14
46.543613  29
46.553976  30
46.558001  25
46.562166  33
46.566411  7
46.575121  26
46.586203  29
46.588715  26
46.599818  29
46.611139  35
46.618376  38
46.646426  18
46.656015  33
46.660100  0
46.672076  23
46.676501  6
46.721609  31
46.741415  20
46.745320  21
46.790964  56
46.792897  18
46.800013  31
46.825623  35
46.831561  38
46.833713  57
46.853120  33
46.855273  34
46.868328  33
46.888240  21
46.892386  47
46.902229  26
46.914050  53
46.960331  40
46.972827  20
46.988802  41
47.002156  9
47.009867  24
47.016204  17
47.024102  48
47.048845  36
47.065526  54
47.092055  43
47.099985  41
47.111864  47
47.116189  49
47.132577  58
47.138715  36
47.147205  49
47.154122  56
47.160140  87
47.170023  58
47.179080  56
47.181732  49
47.190042  88
47.195066  50
47.208514  42
47.213019  43
47.221869  54
47.240309  56
47.247486  40
47.249079  83
47.251152  54
47.255097  57
47.264186  57
47.270903  82
47.283549  63
47.295250  79
47.305594  72
47.322099  28
47.323832  80
47.326384  64
47.328257  62
47.343644  68
47.353647  77
47.358112  70
47.362257  52
47.364250  20
47.375712  47
47.378384  76
47.391619  72
47.412144  67
47.436855  48
47.443692  78
47.445865  81
47.462750  47
47.466655  47
47.471460  88
47.477518  91
47.483795  83
47.512545  77
47.523407  104
47.538355  89
47.544732  83
47.562320  88
47.568138  93
47.579201  86
47.593608  82
47.613440  98
47.628154  81
47.630806  71
47.656876  106
47.667419  91
47.678741  98
47.682347  93
47.723917  58
47.728442  69
47.734979  71
47.740517  91
47.749267  52
47.758256  65
47.779662  100
47.800408  102
47.813942  103
47.840229  77
47.841882  93
47.846267  89
47.848420  89
47.860081  87
47.865919  99
47.868251  110
47.879633  118
47.893028  105
47.902357  107
47.915691  97
47.922168  107
47.926413  130
47.931931  147
47.940621  108
47.948851  98
47.957781  141
47.968790  100
47.984353  72
47.986106  103
47.997802  108
48.007410  90
48.017933  115
48.020026  116
48.024751  123
48.034714  118
48.039219  131
48.076472  132
48.079958  123
48.093413  117
48.104995  123
48.111140  103
48.122763  84
48.141392  95
48.144738  73
48.159226  93
48.167281  110
48.175411  97
48.184720  105
48.193170  121
48.213409  122
48.223861  138
48.228346  111
48.235063  134
48.248258  135
48.259760  124
48.262232  122
48.266357  122
48.270462  127
48.274447  127
48.292135  125
48.294407  127
48.303017  149
48.305269  135
48.316611  150
48.318524  145
48.333471  137
48.346466  138
48.352604  131
48.374308  176
48.386244  133
48.392561  177
48.398479  174
48.408622  129
48.410575  151
48.428134  137
48.451492  138
48.454164  157
48.458369  166
48.490677  151
48.494422  170
48.499506  126
48.517306  166
48.518979  170
48.543775  177
48.563174  113
48.567839  144
48.579655  130
48.586432  130
48.590897  144
48.592710  144
48.599667  160
48.601520  118
48.615193  122
48.617186  169
48.623044  129
48.634725  134
48.638691  161
48.648914  156
48.677609  160
48.692982  160
48.699519  162
48.708168  172
48.717871  167
48.722556  167
48.730467  170
48.739843  154
48.766852  170
48.770577  175
48.830667  179
48.838797  184
48.844436  169
48.855818  181
48.876683  178
48.888738  171
48.897768  165
48.904405  176
48.908430  176
48.918673  173
48.922998  178
48.933261  174
48.976710  176
48.978882  183
48.981434  179
48.994629  179
49.016468  190
49.031615  139
49.035780  155
49.049409  155
49.053934  168
49.058598  164
49.069341  176
49.079177  157
49.085575  158
49.087188  178
49.103649  168
49.116424  172
49.125573  177
49.132550  181
49.157461  179
49.170256  178
49.187335  189
49.188968  185
49.196164  192
49.203506  184
49.209644  181
49.214029  177
49.225371  183
49.234661  193
49.248035  195
49.277275  181
49.311034  202
49.317771  212
49.322136  217
49.326241  185
49.332359  196
49.334292  188
49.340070  210
49.360702  178
49.362735  198
49.375758  200
49.377611  189
49.396010  184
49.400235  194
49.411797  209
49.416042  204
49.417935  185
49.425865  194
49.431883  204
49.453067  199
49.464129  208
49.466162  215
49.483602  210
49.490519  185
49.508039  218
49.520734  188
49.526572  178
49.537654  190
49.539527  183
49.543932  191
49.555914  202
49.562751  198
49.568769  181
49.574707  199
49.581344  189
49.591587  185
49.597765  203
49.614565  205
49.654757  202
49.657968  212
49.673131  214
49.680387  216
49.684832  204
49.686525  219
49.698230  221
49.703134  206
49.713936  212
49.723305  215
49.734647  193
49.750868  217
49.762983  229
49.769561  215
49.802808  196
49.809365  235
49.818155  220
49.830911  244
49.835616  246
49.841594  214
49.859253  250
49.867583  227
49.892981  235
49.897266  221
49.910221  221
49.911934  239
49.934238  248
49.938983  211
49.943288  221
49.947253  226
49.982799  225
49.991629  239
50.017598  225
50.034518  246
50.045141  214
50.049546  203
50.058456  206
50.071316  215
50.085744  235
50.102544  233
50.108222  233
50.117411  216
50.138436  246
50.145952  228
50.150791  251
50.191176  243
50.199866  229
50.201439  254
50.203292  230
50.208995  245
50.216406  261
50.227628  240
50.232033  237
50.241442  261
50.243614  253
50.246206  244
50.252411  254
50.264954  228
50.269339  251
50.279662  255
50.292621  252
50.315399  238
50.329208  239
50.356705  262
50.366628  276
50.369140  258
50.381136  278
50.389106  272
50.392851  250
50.398689  249
50.405666  259
50.411691  244
50.421934  261
50.435788  255
50.452928  263
50.461938  265
50.466223  247
50.476746  253
50.490441  254
50.492134  231
50.517250  264
50.525720  264
50.534993  242
50.536966  265
50.540791  266
50.561403  271
50.592198  260
50.597102  245
50.607765  255
50.612290  256
50.614982  272
50.629790  258
50.638440  247
50.644717  255
50.694114  258
50.707189  260
50.743701  268
50.750578  267
50.752211  260
50.756975  262
50.762873  268
50.769590  268
50.777820  260
50.783638  266
50.797292  264
50.798865  266
50.808334  277
50.817623  275
50.831924  266
50.833517  275
50.839195  260
50.854422  283
50.873839  262
50.882429  253
50.888567  270
50.913411  280
50.920428  276
50.928978  299
50.941213  300
50.947271  300
50.953868  264
50.976746  270
50.984070  289
50.993260  290
50.999817  285
51.016977  268
51.032418  298
51.034431  291
51.041068  284
51.049857  280
51.083404  295
51.091060  279
51.101123  297
51.107680  256
51.111765  279
51.119836  279
51.150370  290
51.158760  263
51.176800  271
51.187703  266
51.201671  302
51.208089  284
51.212174  258
51.220953  273
51.230737  271
51.234882  289
51.238668  287
51.244351  293
51.248976  262
51.258066  271
51.262112  293
51.277580  298
51.300005  301
51.314937  300
51.341270  290
51.352870  295
51.357395  307
51.362239  286
51.367218  298
51.369570  307
51.380751  309
51.382344  299
51.395163  304
51.397096  311
51.398929  308
51.404193  283
51.408319  299
51.414836  309
51.419321  285
51.430443  307
51.432616  288
51.445430  310
51.449595  288
51.459583  307
51.476503  300
51.480029  317
51.482181  315
51.499621  323
51.506757  320
51.519611  324
51.543693  307
51.545925  313
51.552841  302
51.556806  298
51.572294  316
51.594733  306
51.609632  308
51.612878  309
51.629151  310
51.631942  312
51.637900  306
51.648187  305
51.652851  285
51.662360  308
51.664592  308
51.671469  303
51.709912  304
51.712164  302
51.726297  290
51.731855  299
51.743816  294
51.752685  287
51.765760  282
51.768092  292
51.778235  278
51.782740  280
51.788183  288
51.790715  292
51.801643  266
51.804949  264
51.817030  262
51.865382  292
51.867155  285
51.870541  288
51.903895  279
51.911111  304
51.921074  300
51.934652  311
51.953768  290
51.973725  300
51.985965  296
51.997166  290
52.007433  310
52.015428  299
52.049196  307
52.074695  303
52.084083  290
52.101847  291
52.104239  290
52.111183  282
52.122249  293
52.133010  294
52.139707  293
52.149395  288
52.161375  287
52.174449  292
52.187428  295
52.206264  285
52.209450  279
52.215013  292
52.226838  289
52.229390  288
52.241598  286
52.263745  294
52.265378  275
52.273573  294
52.294262  281
52.346053  280
52.349938  296
52.355361  280
52.360265  273
52.362837  270
52.371027  276
52.377085  284
52.382029  284
52.396007  274
52.400671  272
52.404963  266
52.437253  278
52.454696  278
52.459420  278
52.460179  278
52.464883  288
52.468269  285
52.485241  285
52.490145  287
52.500872  279
52.503484  276
52.506196  279
52.508668  279
52.510980  274
52.514850  272
52.516763  268
52.522968  269
52.535355  266
52.537428  265
52.539680  252
52.543885  261
52.549289  244
52.559477  247
52.564262  258
52.572277  265
52.575503  256
52.576901  255
52.594400  263
52.596752  262
52.610256  253
52.612413  253
52.614745  248
52.624145  244
52.625898  244
52.635307  243
52.640131  244
52.648740  233
52.650333  231
52.656435  226
52.663652  231
52.667517  221
52.685630  229
52.686449  226
52.697855  228
52.702479  217
52.704492  222
52.737337  214
52.739050  196
52.768679  195
52.770452  210
52.777149  208
52.783566  204
52.788130  190
52.802960  195
52.805592  207
52.807265  206
52.812353  188
52.815005  188
52.828463  195
52.830056  205
52.892614  195
52.897018  187
52.916159  184
52.917792  180
52.928574  183
52.929513  177
52.938307  165
52.942592  167
52.953294  148
52.959951  125
52.969259  132
52.985085  141
53.003898  110
53.018212  115
53.033785  106
53.042635  108
53.078927  115
53.083491  105
53.085364  114
53.119005  121
53.127128  110
53.148247  108
53.158494  128
53.203855  106
53.206527  106
53.213285  114
53.215258  94
53.222314  102
53.228772  104
53.242746  106
53.249163  84
53.279343  82
53.289415  79
53.309327  64
53.311499  64
53.315884  66
53.332250  61
53.344626  62
53.361172  56
53.371245  61
53.392757  61
53.413389  68
53.417274  58
53.420960  68
53.460623  79
53.462816  57
53.489505  80
53.509556  89
53.538198  85
53.575604  71
53.577537  79
53.588179  80
53.616128  69
53.642298  47
53.651387  56
53.672452  62
53.679709  49
53.690431  52
53.701633  52
53.706318  53
53.710543  47
53.712675  45
53.716621  54
53.730315  48
53.734980  46
53.743990  42
53.752500  56
53.762169  52
53.779189  52
53.781282  34
53.798188  34
53.802493  48
53.806818  29
53.812436  28
53.819193  22
53.821685  53
53.826170  48
53.832068  36
53.834620  27
53.843150  52
53.847195  24
53.850960  47
53.853073  35
53.857737  34
53.864035  38
53.894909  40
53.899114  41
53.913683  41
53.924506  37
53.928491  35
54.024855  44
54.029040  37
54.042055  43
54.063699  40
54.095148  55
54.143942  54
54.178371  26
54.191445  34
54.201728  55
54.223193  34
54.228317  55
54.267910  51
54.275981  68
54.294679  40
54.313598  65
54.336524  49
54.350318  70
54.359247  79
54.404990  57
54.418663  46
54.428473  78
54.437183  52
54.463433  67
54.475888  67
54.478220  56
54.490715  57
54.497093  26
54.499205  70
54.507436  82
54.512161  73
54.539604  87
54.544089  72
54.548274  65
54.550407  87
54.565733  75
54.571731  75
54.580221  77
54.588971  85
54.600553  68
54.606511  70
54.623317  79
54.627322  75
54.660769  73
54.664794  45
54.674083  53
54.680561  70
54.682454  73
54.695849  80
54.702886  81
54.745456  83
54.787227  78
54.791732  78
54.795817  68
54.801895  81
54.808093  88
54.816823  69
54.832230  101
54.840660  84
54.861492  78
54.870542  75
54.875147  90
54.879352  53
54.881704  95
54.887108  91
54.901556  86
54.914251  89
54.928244  89
54.934988  115
54.937520  104
54.954421  101
54.980270  106
54.987286  112
55.002613  85
55.008931  80
55.021327  104
55.026710  100
55.039233  112
55.062037  101
55.079077  92
55.094045  93
55.098030  99
55.111065  101
55.115270  104
55.118976  113
55.121448  105
55.140161  117
55.142693  120
55.144965  101
55.153175  106
55.165891  119
55.187735  90
55.192280  108
55.203383  94
55.217716  118
55.219629  122
55.226247  102
55.241124  120
55.243596  114
55.252665  124
55.256491  81
55.269685  107
55.276003  82
55.281187  106
55.283120  96
55.284933  127
55.289038  115
55.293783  129
55.298308  121
55.308650  111
55.318993  119
55.344084  130
55.352814  133
55.361005  121
55.364970  119
55.382890  119
55.399250  126
55.403255  137
55.409553  115
55.438488  125
55.451443  127
55.494234  113
55.501031  124
55.531206  138
55.551797  142
55.566925  140
55.575934  132
55.617364  111
55.622456  147
55.628833  127
55.632858  125
55.651451  151
55.664006  131
55.666039  130
55.672276  129
55.676361  141
55.687523  128
55.690115  134
55.695813  144
55.700098  129
55.715825  149
55.724395  151
55.728740  143
55.731152  147
55.740146  164
55.749019  134
55.753384  135
55.764385  152
55.776927  167
55.783983  148
55.805328  142
55.807181  147
55.809274  159
55.822629  144
55.824462  151
55.852599  164
55.862328  144
55.875802  152
55.879767  160
55.882099  143
55.899600  161
55.929835  162
55.938385  132
55.942330  145
55.955186  149
55.976311  170
55.984661  160
55.993751  173
56.001781  156
56.007399  179
56.013297  164
56.016743  175
56.024219  161
56.035781  175
56.052122  168
56.066275  162
56.070340  150
56.072213  164
56.084648  179
56.109186  182
56.119569  169
56.121542  151
56.137747  163
56.141932  163
56.147890  163
56.162263  177
56.172346  155
56.174978  137
56.179703  179
56.186161  174
56.190446  174
56.196264  182
56.209058  185
56.215096  175
56.220000  164
56.235731  188
56.255763  182
56.262220  177
56.270290  176
56.290949  183
56.292862  167
56.305237  179
56.319391  189
56.328341  164
56.336991  178
56.346355  179
56.351738  188
56.400685  192
56.406344  156
56.412928  188
56.425288  181
56.429653  183
56.440603  185
56.492737  207
56.494370  192
56.502440  193
56.506425  204
56.512923  188
56.521493  200
56.530783  193
56.547443  199
56.549596  189
56.552208  170
56.565104  210
56.577719  179
56.589295  200
56.593460  199
56.597485  183
56.601230  181
56.614305  200
56.618730  207
56.631265  171
56.632978  195
56.635051  191
56.637204  206
56.660427  206
56.674935  200
56.678720  212
56.681232  180
56.690561  207
56.692454  190
56.697758  197
56.701064  197
56.709654  213
56.715632  215
56.733858  201
56.744999  200
56.766223  199
56.786269  199
56.805028  215
56.814437  201
56.817823  195
56.824520  201
56.842773  205
56.845165  207
56.849390  210
56.866690  211
56.889856  200
56.915745  195
56.929934  212
56.951560  214
56.954072  213
56.986320  233
57.001367  213
57.010176  212
57.016854  239
57.030687  216
57.032800  233
57.071245  234
57.088945  234
57.097296  221
57.108976  210
57.117446  214
57.119039  213
57.123723  205
57.130241  231
57.147141  217
57.148974  206
57.153259  208
57.162269  220
57.167253  220
57.176063  219
57.184713  195
57.200340  210
57.207257  222
57.219792  235
57.224356  244
57.230514  222
57.244163  231
57.246595  223
57.264842  234
57.273632  232
57.277738  223
57.285538  249
57.299279  228
57.334706  242
57.343815  220
57.356534  220
57.379791  237
57.386528  237
57.411367  215
57.445527  234
57.452105  235
57.460375  240
57.464081  240
57.504717  240
57.535142  244
57.537494  253
57.546153  238
57.552271  225
57.556776  246
57.558849  252
57.564253  248
57.578601  233
57.589983  252
57.598613  252
57.608996  226
57.622038  220
57.633081  235
57.635154  226
57.637446  250
57.643903  218
57.652533  258
57.656658  254
57.663415  249
57.670332  228
57.678483  239
57.685180  252
57.687772  232
57.696661  235
57.722211  249
57.732974  239
57.739639  253
57.744164  252
57.748769  273
57.757059  256
57.758672  254
57.769933  254
57.780517  257
57.796263  254
57.804653  252
57.812904  270
57.821514  259
57.826079  248
57.835289  249
57.872229  260
57.883013  257
57.902411  261
57.925174  264
57.930093  253
57.983509  239
57.995744  256
58.006647  258
58.008220  263
58.040670  259
58.059316  260
58.066213  266
58.076496  275
58.087778  262
58.099249  265
58.103234  260
58.105207  282
58.113797  261
58.117882  267
58.119475  280
58.121827  273
58.150450  268
58.158500  293
58.169163  288
58.180384  284
58.201448  243
58.211338  275
58.213311  274
58.228318  255
58.242767  264
58.249125  246
58.255503  274
58.262539  278
58.264492  270
58.268657  270
58.276497  279
58.278370  264
58.290650  256
58.293322  289
58.297827  266
58.302351  292
58.311859  270
58.317063  273
58.321149  289
58.339980  275
58.347296  281
58.352120  283
58.361989  274
58.364561  283
58.369265  292
58.379093  274
58.383438  272
58.388976  284
58.408507  271
58.422680  281
58.431749  280
58.434301  280
58.447636  268
58.456485  272
58.468710  267
58.471022  279
58.485045  272
58.502425  283
58.512268  269
58.513981  276
58.530865  258
58.585033  282
58.602151  275
58.613610  280
58.642590  275
58.648348  267
58.652513  244
58.655564  263
58.677607  274
58.682800  260
58.686350  267
58.696097  274
58.698070  251
58.699643  272
58.702055  255
58.712307  271
58.718105  270
58.721216  270
58.745827  254
58.750571  275
58.782654  246
58.786739  266
58.796648  265
58.798800  273
58.803325  257
58.805797  266
58.810681  256
58.812394  272
58.814586  242
58.817657  249
58.822441  249
58.827145  248
58.829637  267
58.832189  261
58.842297  270
58.851653  260
58.857897  258
58.888457  262
58.896592  265
58.903449  272
58.905162  263
58.949572  259
58.952503  259
58.961703  258
58.977489  262
58.980580  259
58.983032  259
58.994613  248
59.010225  255
59.030042  239
59.032394  237
59.046427  230
59.048999  230
59.058448  247
59.060880  244
59.083849  249
59.099764  239
59.121396  248
59.124642  248
59.127773  254
59.132457  254
59.144287  244
59.154714  250
59.167774  237
59.175385  245
59.195386  251
59.199391  246
59.200929  244
59.206567  245
59.208260  232
59.214402  236
59.216315  244
59.221763  244
59.227486  225
59.230992  224
59.232665  222
59.246947  216
59.248640  238
59.251491  237
59.254183  232
59.255861  234
59.262478  216
59.265409  216
59.275416  207
59.278387  224
59.290428  229
59.292980  237
59.300416  212
59.302608  232
59.305240  205
59.307552  212
59.309145  204
59.310758  210
59.318853  219
59.324411  220
59.332866  213
59.334459  221
59.336776  217
59.351922  197
59.357512  195
59.360024  187
59.361737  186
59.366421  175
59.390880  171
59.396638  168
59.413886  167
59.416837  168
59.422795  165
59.425866  153
59.434795  164
59.475462  143
59.487063  163
59.491827  163
59.500881  161
59.510450  165
59.511988  163
59.522989  148
59.538496  151
59.547925  147
59.556894  140
59.562682  117
59.565374  139
59.567526  131
59.572350  129
59.574822  131
59.578667  127
59.583551  121
59.584230  111
59.586622  120
59.594053  118
59.596545  114
59.599556  112
59.601489  96
59.605534  97
59.617214  85
59.619067  110
59.626183  106
59.640975  80
59.643128  94
59.651563  96
59.655868  106
59.658400  98
59.660632  70
59.661719  67
59.663911  69
59.666383  80
59.673160  86
59.678718  78
59.681070  89
59.701707  84
59.703360  78
59.704973  77
59.710556  66
59.726362  68
59.756076  59
59.760101  56
59.762733  58
59.793886  34
59.795859  34
59.820494  22
59.829224  19
59.843416  16
59.847601  14
59.852645  12
59.860216  9
59.862089  2
59.873410  13
59.878214  13
59.880666  1
59.893268  13
59.900785  4
59.907003  0
59.912681  0
59.924817  12
59.932013  0
59.943868  0
59.952818  10
59.967565  0
59.969937  0
59.972609  0
59.974542  3
