# t(s) QueuingDelay(ms)
10.228622  8
10.230215  4
10.232308  3
10.238965  2
10.243550  14
10.253163  22
10.273155  34
10.289002  36
10.329888  21
10.338558  37
10.340691  42
10.345396  46
10.352353  54
10.358910  83
10.360503  56
10.369453  82
10.371945  62
10.393618  72
10.411917  83
10.427015  75
10.428908  84
10.437998  94
10.444196  84
10.455298  96
10.495216  100
10.499701  103
10.512216  106
10.521086  141
10.547795  106
10.585727  143
10.594117  5
10.606384  145
10.622331  143
10.648221  155
10.655472  174
10.661809  6
10.666753  143
10.674124  184
10.680941  189
10.685386  9
10.691324  217
10.696029  26
10.710717  66
10.722802  223
10.732051  211
10.757168  218
10.796636  215
10.798569  221
10.823260  5
10.837737  21
10.841323  230
10.844729  276
10.847820  75
10.871868  235
10.892172  98
10.898610  280
10.900383  237
10.906820  100
10.915650  270
10.940466  37
10.947757  310
10.962604  287
10.977011  119
10.982789  343
10.995763  125
11.010878  153
11.014903  299
11.037841  42
11.039954  174
11.046551  390
11.049083  311
11.058967  330
11.071262  46
11.091614  336
11.095719  431
11.098131  184
11.102316  70
11.111067  124
11.124402  137
11.126974  451
11.134151  193
11.172807  353
11.174800  197
11.185902  500
11.192120  378
11.207054  388
11.211080  537
11.220803  562
11.223255  409
11.227420  206
11.238442  602
11.242867  410
11.271942  208
11.280716  609
11.293196  141
11.305342  419
11.317278  428
11.331172  235
11.340182  444
11.342195  645
11.348793  663
11.353198  236
11.370674  665
11.379304  243
11.387834  268
11.398477  12
11.413591  281
11.420368  664
11.425212  156
11.427405  292
11.470832  177
11.496287  297
11.498959  188
11.513487  209
11.515739  687
11.537962  485
11.539595  249
11.541548  300
11.553190  693
11.561180  254
11.566164  696
11.571068  310
11.581950  256
11.590120  513
11.592712  277
11.599888  328
11.610950  722
11.618007  340
11.626406  290
11.642313  567
11.647522  351
11.677551  599
11.680817  355
11.690146  727
11.699575  648
11.706779  364
11.719555  60
11.721468  387
11.723660  749
11.736714  753
11.739645  408
11.751822  649
11.765916  811
11.783263  657
11.785675  819
11.790479  293
11.801121  669
11.813497  706
11.829117  729
11.845008  835
11.863206  836
11.876999  733
11.878992  839
11.893333  833
11.895925  742
11.913953  819
11.929600  312
11.940462  755
11.950945  772
11.966202  174
11.968315  775
11.970028  423
11.992332  789
11.994924  454
12.008478  791
12.012743  215
12.024068  472
12.031444  832
12.035889  793
12.044179  549
12.053427  215
12.062137  556
12.073838  322
12.078622  802
12.080215  832
12.096142  338
12.098035  802
12.106964  814
12.113442  566
12.121084  845
12.132485  835
12.138003  840
12.146297  846
12.154956  846
12.161013  855
12.178460  578
12.184398  370
12.195279  856
12.213287  589
12.222136  856
12.225087  454
12.243345  848
12.250581  858
12.266407  479
12.276410  563
12.278722  885
12.281074  877
12.291677  579
12.299153  886
12.305658  625
12.329988  904
12.332640  889
12.337384  676
12.341709  890
12.348346  682
12.350299  889
12.360761  888
12.376567  716
12.394566  708
12.401604  698
12.408441  685
12.418674  896
12.425412  861
12.430196  664
12.432668  861
12.436833  857
12.445063  853
12.449947  828
12.477142  359
12.489278  364
12.517866  577
12.571464  677
12.578421  828
12.583405  909
12.603424  696
12.609402  914
12.636112  694
12.642476  869
12.673225  850
12.677430  842
12.679902  824
12.686958  921
12.711343  804
12.715808  946
12.718080  791
12.719913  662
12.729956  938
12.732608  781
12.739584  773
12.742675  771
12.744568  768
12.746900  746
12.763413  937
12.777507  901
12.789742  750
12.794567  750
12.799531  748
12.827039  377
12.839698  868
12.844637  755
12.871136  679
12.922935  756
12.932204  907
12.938202  763
12.957191  770
12.963868  772
12.971284  693
13.004864  772
13.010742  911
13.023050  931
13.031760  772
13.038876  587
13.040909  766
13.074848  761
13.079692  684
13.084237  406
13.086849  609
13.119619  613
13.126176  761
13.136418  629
13.149772  641
13.180627  703
13.210601  707
13.234258  718
13.243275  729
13.253658  737
13.279846  738
13.294833  457
13.323598  746
13.334522  742
13.348785  641
13.353230  706
13.380760  701
13.393715  660
13.458127  704
13.470776  705
13.482617  724
13.486882  646
13.497445  729
13.517197  642
13.528821  365
13.541610  346
13.556986  344
13.588685  632
13.599788  628
13.617688  622
13.639093  612
13.647054  612
13.656044  607
13.664854  471
13.677729  468
13.683547  455
13.688391  293
13.711809  453
13.751760  453
13.753972  586
13.760469  447
13.766507  446
13.778129  444
13.815401  559
13.838588  267
13.924027  446
13.930904  438
13.984368  442
13.991768  456
13.999721  456
14.043332  523
14.049690  520
14.084689  444
14.089114  9
14.113842  11
14.118766  521
14.129915  527
14.149450  284
14.154035  537
14.169522  462
14.178572  478
14.183616  286
14.195422  307
14.209695  319
14.223664  331
14.240503  8
14.249772  337
14.277455  341
14.294435  358
14.298560  618
14.315069  485
14.325792  498
14.330697  77
14.344550  78
14.360950  106
14.383690  504
14.386022  127
14.405034  371
14.413944  549
14.415917  381
14.430345  385
14.460040  395
14.466198  397
14.477171  125
14.481963  17
14.517889  358
14.726605  26
14.732683  622
14.760274  29
14.771081  628
14.795079  43
14.799524  70
14.813432  142
14.833004  116
14.851682  154
14.858180  560
14.867629  167
14.874146  139
14.879824  618
14.903048  168
14.929835  186
14.944374  652
14.957413  210
14.965571  707
14.977734  368
15.009021  21
15.010714  370
15.019144  375
15.040703  508
15.042856  61
15.063387  526
15.076642  636
15.080868  179
15.105940  188
15.111658  792
15.113531  542
15.127465  557
15.133523  189
15.146978  560
15.166330  218
15.184037  587
15.191014  513
15.214479  172
15.216492  529
15.228149  591
15.230521  242
15.250852  550
15.258843  717
15.298169  619
15.315568  732
15.343910  634
15.370660  617
15.402812  50
15.528907  676
15.544094  671
15.567431  60
15.625108  217
15.632679  797
15.694533  201
15.701470  718
15.716918  224
15.742108  204
15.769578  242
15.787957  230
15.807251  726
15.825485  304
15.848175  310
15.883074  322
15.900734  818
15.922699  833
15.929417  846
15.933363  622
15.952775  319
15.979585  239
16.084381  869
16.120618  288
16.130581  256
16.139910  107
16.142043  745
16.208677  307
16.214795  309
16.218860  781
16.223245  645
16.236478  384
16.249473  449
16.251166  793
16.266872  882
16.307090  944
16.316400  461
16.337073  758
16.418041  778
16.430142  180
16.446189  797
16.468114  359
16.479136  818
16.527874  792
16.720959  329
16.725304  851
16.733295  945
16.843331  412
16.848914  410
16.861135  113
16.898618  411
16.905255  418
16.924272  915
16.935813  402
16.960808  117
16.988718  916
16.990311  140
16.994326  282
17.043438  120
17.057463  298
17.096974  312
17.102572  414
17.115127  129
17.126361  367
17.147570  367
17.152454  186
17.154626  429
17.185216  181
17.189261  814
17.194609  427
17.250268  951
17.270328  979
17.288765  831
17.331431  458
17.338886  706
17.355176  468
17.361313  980
17.369383  431
17.394621  12
17.441683  204
17.445169  369
17.490308  408
17.529919  249
17.566803  698
17.725216  408
17.742139  976
17.762196  920
17.778209  416
17.845674  418
17.857913  415
17.864370  411
17.869354  187
17.896171  417
17.904566  416
17.914182  414
17.933227  925
17.955535  418
17.963031  418
17.973139  416
17.978463  924
17.990024  190
17.997420  190
17.999812  417
18.001625  414
18.006749  924
18.051314  374
18.060882  420
18.063434  186
18.067299  373
18.115639  415
18.118750  375
18.135074  187
18.136827  374
18.148927  184
18.150520  180
18.155424  371
18.166510  430
18.168922  371
18.191510  192
18.197673  854
18.200265  413
18.204969  190
18.213004  182
18.219831  409
18.222762  425
18.229858  852
18.234263  425
18.237334  423
18.250816  418
18.258080  968
18.260252  416
18.262005  408
18.268642  966
18.279184  409
18.281456  408
18.290573  406
18.299626  339
18.304645  396
18.315830  832
18.320669  139
18.361792  398
18.368733  964
18.371065  347
18.377407  408
18.379140  413
18.381592  962
18.384303  349
18.386895  351
18.389307  154
18.391879  395
18.407691  415
18.433649  416
18.440246  323
18.448281  352
18.452226  417
18.454019  316
18.472381  157
18.483882  319
18.491318  313
18.499528  397
18.533037  318
18.567799  389
18.586601  115
18.589233  114
18.595890  677
18.616245  114
18.720061  394
18.729669  904
18.733794  392
18.736286  899
18.743502  391
18.761939  391
18.766898  390
18.779138  389
18.780911  389
18.784197  387
18.786689  386
18.792986  382
18.800561  385
18.809155  380
18.810748  380
18.812581  379
18.814793  377
18.817704  883
18.828293  376
18.833896  375
18.840138  154
18.881030  372
18.901086  882
18.913258  375
18.915590  375
18.929313  152
18.940694  375
18.945878  880
18.948190  148
18.949983  371
18.953988  146
18.976141  326
18.994542  371
19.008455  372
19.017972  328
19.030778  142
19.032771  142
19.037435  330
19.042918  330
19.050441  331
19.079553  331
19.087933  373
19.098974  143
19.102360  142
19.106429  333
19.111193  333
19.134118  391
19.137029  332
19.139002  390
19.143750  142
19.146921  147
19.160521  148
19.162913  142
19.170349  391
19.172941  150
19.178304  387
19.182589  371
19.196032  816
19.206954  386
19.208627  386
19.221726  384
19.229022  381
19.230975  378
19.249125  379
19.256975  321
19.269674  380
19.281747  125
19.284199  951
19.294645  945
19.297357  380
19.301242  122
19.302935  121
19.329459  321
19.339247  382
19.341439  931
19.345364  120
19.348575  363
19.359891  375
19.362523  375
19.377015  112
19.381040  372
19.382633  372
19.391806  275
19.397269  315
19.398842  314
19.400635  274
19.410748  314
19.434721  276
19.439625  276
19.442097  275
19.444329  356
19.449692  356
19.454676  274
19.458701  112
19.467390  268
19.469882  265
19.514302  0
19.515935  354
19.521578  934
19.533813  73
19.544575  638
19.556964  73
19.562128  71
19.662289  352
19.666015  351
19.675962  348
19.679528  342
19.685406  334
19.693560  339
19.721611  342
19.739034  343
19.745352  341
19.751629  344
19.758210  335
19.762275  334
19.765665  108
19.782090  328
19.791039  328
19.819338  329
19.825196  326
19.829600  325
19.832272  326
19.839168  324
19.843253  97
19.860976  325
19.862589  832
19.866934  325
19.891118  99
19.895942  283
19.913724  326
19.943565  284
19.945318  324
19.948289  287
19.951220  96
19.955784  285
19.958176  284
19.973748  96
19.997769  282
20.000321  280
20.011545  325
20.015710  92
20.023261  280
20.027086  279
20.032509  92
20.041418  278
20.043071  95
20.044724  88
20.050107  339
20.051780  278
20.073181  341
20.080996  333
20.082909  93
20.085201  330
20.087913  90
20.094384  319
20.110228  763
20.128995  236
20.145720  853
20.148172  30
20.155848  29
20.157541  228
20.160632  23
20.164857  224
20.167748  220
20.172632  22
20.186613  847
20.191517  846
20.196242  826
20.198934  17
20.203858  17
20.224250  10
20.235563  0
20.237935  171
20.245351  211
20.265994  172
20.270958  9
20.272611  165
20.275143  165
20.278354  163
20.280706  162
20.285118  155
20.289862  0
20.294447  151
20.335428  800
20.336507  794
20.338679  0
20.345021  489
20.451810  108
20.456674  0
20.480867  104
20.517792  570
20.564681  0
20.593513  0
20.634525  0
20.668309  468
20.670781  464
20.675006  450
20.720419  0
20.789366  439
20.801686  144
20.891901  0
20.911796  0
20.945160  337
20.950364  336
21.070257  395
21.076375  392
21.078847  373
21.084665  372
21.092955  372
21.135695  2
21.137268  0
21.162583  360
21.184647  67
21.188113  2
21.189686  0
21.360091  327
21.369360  324
21.389411  0
21.441662  1
21.444334  0
21.518680  2
21.521252  22
21.525217  27
21.532498  29
21.534311  29
21.553248  32
21.557513  33
21.574747  319
21.742255  301
21.764098  374
21.805864  3
21.807557  46
21.836557  31
21.883737  5
21.899424  49
21.903769  52
21.906001  54
21.927613  56
21.947803  3
21.964817  389
21.968946  379
21.976377  388
22.002984  438
22.060093  394
22.083497  28
22.087902  33
22.105861  34
22.166149  123
22.177671  6
22.274851  37
22.284380  113
22.286433  56
22.288845  70
22.294443  364
22.325160  94
22.335702  88
22.344751  112
22.349715  370
22.353900  112
22.360577  374
22.368308  124
22.371000  82
22.375864  434
22.396264  43
22.417709  110
22.438180  107
22.440812  46
22.444977  110
22.446710  117
22.453587  72
22.476130  77
22.478422  72
22.493269  80
22.504675  449
22.506648  443
22.508721  449
22.515718  462
22.527244  458
22.541437  508
22.567612  158
22.575268  100
22.590902  444
22.597440  114
22.607743  159
22.614648  468
22.616421  104
22.631128  164
22.635193  127
22.643502  97
22.647787  155
22.720617  94
22.804400  150
22.811836  126
22.827255  49
22.849914  119
22.855038  186
22.860936  125
22.862669  141
22.864921  139
22.866874  135
22.870739  133
22.872732  114
22.879329  124
22.893043  126
22.899740  445
22.922050  454
22.933233  127
22.937777  112
22.961455  131
22.971476  132
22.973988  134
22.979571  133
22.990178  132
23.016712  370
23.018525  129
23.070551  519
23.096400  216
23.108021  162
23.116251  529
23.176480  164
23.196300  534
23.205808  202
23.227233  203
23.230639  229
23.233031  163
23.249765  196
23.254749  119
23.308628  138
23.373737  132
23.387092  377
23.437761  139
23.459664  461
23.466361  184
23.477582  479
23.482206  161
23.488304  478
23.501458  150
23.504924  131
23.519297  135
23.529280  131
23.530933  152
23.533585  138
23.537929  539
23.542034  160
23.543647  154
23.545280  158
23.546893  153
23.553514  155
23.557759  379
23.573085  118
23.577530  389
23.607913  146
23.612877  140
23.618556  533
23.622381  125
23.627265  136
23.633523  524
23.645898  181
23.652596  187
23.654196  179
23.660754  237
23.683781  191
23.718628  150
23.731044  187
23.744798  175
23.779124  182
23.790965  180
23.799395  173
23.810898  179
23.922179  476
23.936371  147
23.942489  163
23.955763  149
23.980953  152
23.992035  146
24.015911  471
24.023888  146
24.031064  468
24.039015  465
24.045892  173
24.052649  143
24.059266  140
24.083203  138
24.091533  525
24.102165  145
24.107029  145
24.119804  158
24.159839  147
24.165757  532
24.182522  145
24.187047  523
24.290033  180
24.319062  142
24.323148  182
24.361549  241
24.378909  152
24.386600  175
24.570860  152
24.585014  184
24.589778  197
24.604766  197
24.609551  207
24.630276  476
24.634081  194
24.637507  512
24.660255  143
24.672930  144
24.678988  185
24.685825  180
24.699358  184
24.701990  151
24.731974  153
24.738811  156
24.742277  181
24.745503  164
24.750886  184
24.759016  544
24.762821  181
24.773088  538
24.782458  174
24.836575  203
24.842773  552
24.872332  176
24.889412  204
24.906292  199
24.910876  563
24.916834  184
24.922098  404
24.936547  255
24.941032  192
24.942685  165
24.956374  189
25.020914  173
25.031216  486
25.067973  137
25.106003  187
25.109828  553
25.120950  418
25.122963  157
25.131941  254
25.147068  153
25.171563  469
25.182085  466
25.188563  175
25.217542  165
25.219874  150
25.240726  522
25.270407  162
25.272360  400
25.278318  154
25.286588  149
25.299603  154
25.314711  161
25.321528  549
25.343352  150
25.350329  153
25.356786  159
25.373516  161
25.384478  254
25.421037  532
25.525119  193
25.695813  155
25.701631  149
25.712913  146
25.724634  468
25.734218  466
25.741674  179
25.747472  181
25.794366  152
25.804789  157
25.823982  142
25.845247  154
25.853597  154
25.861594  162
25.879734  543
25.899046  531
25.920431  159
25.941022  160
25.960754  254
26.015153  181
26.019478  152
26.039528  163
26.064324  160
26.091328  254
26.121762  179
26.187001  478
26.213845  537
26.255082  186
26.267077  410
26.315650  483
26.343931  490
26.394943  150
26.397375  542
26.409782  168
26.444080  176
26.456959  549
26.472147  161
26.476492  175
26.478425  170
26.480537  543
26.502187  187
26.526304  560
26.552033  544
26.593288  162
26.597494  171
26.612041  172
26.641740  196
26.661211  563
26.677952  187
26.688874  183
26.723411  203
26.731451  207
26.811858  178
26.825931  415
26.827864  562
26.850568  425
26.870539  177
26.882221  268
26.898293  491
26.906508  202
26.918849  495
26.928017  497
26.934414  495
26.944182  493
26.949006  179
26.982212  170
26.986417  547
27.005654  169
27.020860  170
27.028337  173
27.040337  186
27.070217  550
27.073807  554
27.076099  188
27.094106  187
27.104213  209
27.129075  269
27.142888  271
27.149305  560
27.162387  561
27.168065  561
27.185209  191
27.192900  182
27.210474  179
27.225795  427
27.254813  191
27.278068  214
27.282194  196
27.334572  219
27.340969  220
27.402776  180
27.425438  579
27.431021  582
27.444016  431
27.446029  216
27.486434  282
27.491158  201
27.503419  219
27.515774  507
27.520458  506
27.534176  184
27.556531  169
27.562789  168
27.573411  413
27.580168  163
27.584453  158
27.588898  182
27.605903  183
27.610348  190
27.634104  559
27.640581  167
27.650389  257
27.655053  166
27.663797  160
27.675058  191
27.679423  192
27.690899  551
27.696482  255
27.721948  544
27.773059  169
27.777763  180
27.836481  176
27.856299  195
27.888766  193
27.912189  191
27.929588  165
27.980998  169
28.014496  190
28.037439  162
28.087117  491
28.097464  163
28.115862  143
28.127124  399
28.132188  141
28.136433  129
28.143510  127
28.153893  132
28.166029  517
28.175204  135
28.183655  222
28.201013  131
28.205458  134
28.209982  155
28.217039  160
28.234858  164
28.257082  227
28.259594  509
28.261347  508
28.264238  226
28.265017  504
28.293382  119
28.299719  117
28.301312  125
28.323107  381
28.345550  151
28.356453  149
28.361037  124
28.370326  508
28.374611  137
28.383141  146
28.402354  141
28.408951  138
28.416522  135
28.473844  88
28.477570  98
28.492977  84
28.496962  479
28.501347  469
28.508184  333
28.524690  161
28.528875  61
28.532326  158
28.534578  90
28.549131  89
28.553176  380
28.566112  68
28.578887  53
28.581459  90
28.588890  311
28.593315  50
28.641128  70
28.644994  454
28.658288  62
28.662513  67
28.664326  57
28.677381  86
28.717963  154
28.722488  53
28.724600  149
28.735592  441
28.748266  436
28.763612  60
28.770788  49
28.784841  311
28.805311  58
28.807384  84
28.813242  59
28.819859  57
28.826256  442
28.832094  78
28.838032  76
28.859890  80
28.960822  59
29.046527  56
29.077242  51
29.103871  65
29.130894  62
29.134005  56
29.138490  61
29.142935  80
29.153418  88
29.183294  449
29.280250  311
29.292965  62
29.387660  95
29.401788  115
29.443697  71
29.461344  66
29.489274  64
29.494018  460
29.509065  381
29.543764  332
29.549862  51
29.553987  53
29.565109  68
29.571726  81
29.577244  81
29.602087  481
29.637354  93
29.639187  116
29.671981  475
29.682324  67
29.684896  157
29.690994  161
29.704569  440
29.709254  89
29.717684  91
29.727273  78
29.735803  382
29.737556  79
29.740088  76
29.743554  76
29.759379  332
29.795632  109
29.802169  82
29.814645  91
29.818970  106
29.826561  473
29.840015  110
29.847371  98
29.857775  116
29.942819  80
29.950390  94
29.981978  335
30.000935  78
30.013910  391
30.087573  97
30.093551  101
30.147208  176
30.161916  103
30.171919  120
30.183221  121
30.184974  486
30.194263  82
30.208078  458
30.214016  178
30.224738  466
30.238332  84
30.262469  397
30.270599  102
30.277496  89
30.284553  337
30.293503  346
30.299841  99
30.333115  98
30.341245  121
30.347622  496
30.354359  115
30.376330  117
30.407589  134
30.422197  139
30.430527  141
30.478215  104
30.481186  105
30.512279  368
30.542074  120
30.549271  102
30.551364  409
30.568604  87
30.572310  104
30.575496  112
30.577249  371
30.599892  116
30.604676  114
30.608521  116
30.622514  114
30.630904  150
30.648337  504
30.673826  115
30.686640  134
30.699201  124
30.700834  500
30.710067  103
30.714691  201
30.721288  201
30.728465  200
30.737914  480
30.747962  113
30.752846  102
30.759603  138
30.776402  111
30.782811  101
30.788274  413
30.790307  101
30.794452  357
30.825632  131
30.834182  109
30.870813  103
30.877230  135
30.946647  137
30.954298  138
31.058296  502
31.064678  138
31.075541  427
31.149715  118
31.176857  505
31.199155  111
31.210616  142
31.221338  122
31.228154  511
31.232619  145
31.240474  107
31.262285  484
31.317854  122
31.322019  105
31.325230  364
31.327842  366
31.361326  148
31.366710  117
31.385128  110
31.409528  147
31.420530  511
31.467666  152
31.483912  155
31.524206  123
31.539025  127
31.548933  127
31.561672  134
31.573213  118
31.575645  520
31.577838  118
31.580070  380
31.584974  128
31.590797  519
31.600226  146
31.613121  147
31.617406  372
31.628787  436
31.654908  124
31.664736  124
31.669180  125
31.680229  127
31.691690  127
31.732429  125
31.735755  120
31.744085  120
31.770795  116
31.775339  215
31.778011  214
31.785047  213
31.790625  115
31.793556  487
31.799059  137
31.800912  106
31.803544  102
31.808828  134
31.825657  116
31.827330  115
31.830501  104
31.832174  114
31.833747  99
31.835320  359
31.842996  99
31.848319  420
31.866461  357
31.869552  130
31.874496  96
31.880579  355
31.882851  107
31.913657  132
31.915770  98
31.932394  124
31.942297  125
31.971651  118
31.977369  468
32.026014  92
32.036856  100
32.044771  415
32.066260  482
32.070225  85
32.082520  98
32.098526  117
32.113813  116
32.117818  345
32.129519  408
32.146264  82
32.152901  82
32.155093  88
32.156706  86
32.163071  80
32.165104  77
32.176944  76
32.216970  80
32.219162  81
32.221015  77
32.225340  100
32.239767  96
32.243812  65
32.251982  165
32.253895  164
32.263898  73
32.266969  445
32.274919  62
32.279983  94
32.296823  72
32.298476  59
32.301008  56
32.303440  317
32.305313  381
32.309777  55
32.316551  377
32.330465  83
32.332657  46
32.342645  60
32.347669  59
32.370653  49
32.375178  79
32.381835  74
32.384367  73
32.396543  76
32.398915  52
32.425983  73
32.429988  424
32.474220  38
32.479084  49
32.490066  42
32.506590  426
32.511694  29
32.514166  26
32.517512  35
32.527595  425
32.536304  59
32.557154  67
32.561439  293
32.572860  358
32.591397  36
32.596421  36
32.598074  39
32.604192  33
32.616299  32
32.657681  35
32.661606  34
32.663778  61
32.684223  32
32.690541  126
32.709014  412
32.719002  62
32.732695  25
32.736241  345
32.742839  285
32.747384  58
32.761238  53
32.763410  19
32.771561  29
32.797477  45
32.809892  42
32.819142  18
32.841266  39
32.845451  384
32.852508  37
32.901140  17
32.903113  26
32.911923  21
32.939885  13
32.941678  413
32.945863  28
32.950108  412
32.991299  277
33.031431  27
33.042194  13
33.045920  9
33.085605  18
33.116420  113
33.162461  338
33.164254  269
33.186038  47
33.195228  23
33.223909  49
33.232459  49
33.236904  46
33.319072  26
33.410825  420
33.435675  56
33.521583  53
33.574181  391
33.613100  342
33.619322  425
33.686950  58
33.696139  20
33.700564  13
33.726435  396
33.733172  402
33.737697  54
33.744574  69
33.793899  37
33.825532  14
33.862484  61
33.868442  429
33.871533  284
33.887923  73
33.916373  16
33.927476  31
34.020093  121
34.033207  409
34.046881  22
34.067712  61
34.074589  289
34.078494  361
34.085131  365
34.098425  67
34.106176  36
34.113173  366
34.124483  36
34.156269  89
34.179341  46
34.197895  419
34.205686  422
34.232778  91
34.275529  48
34.281966  51
34.294761  433
34.304784  36
34.339796  436
34.345994  84
34.357136  457
34.377947  97
34.384484  372
34.395306  46
34.406508  41
34.415438  44
34.424247  66
34.435469  26
34.478179  97
34.484976  43
34.488981  78
34.498285  152
34.512638  68
34.523461  429
34.558189  38
34.559822  83
34.570789  313
34.589583  381
34.591736  90
34.603742  60
34.612532  398
34.620463  49
34.624448  53
34.645613  104
34.664545  107
34.666218  40
34.676227  72
34.707307  440
34.709300  61
34.715538  441
34.728453  154
34.730406  126
34.743920  126
34.766923  74
34.775541  79
34.805360  63
34.809885  469
34.836960  475
34.840566  109
34.849036  116
34.850869  480
34.866456  337
34.872354  57
34.879450  125
34.888419  79
34.895731  92
34.905559  410
34.928629  457
34.936860  92
34.949735  167
34.988873  74
34.993078  82
35.039318  475
35.075056  101
35.084640  63
35.095783  344
35.119104  112
35.127334  92
35.133671  416
35.135624  82
35.175338  129
35.193937  119
35.211856  103
35.220074  65
35.236447  478
35.243051  136
35.246237  195
35.262024  139
35.289910  96
35.300772  106
35.311753  107
35.329621  118
35.336058  95
35.344688  422
35.361968  502
35.370378  122
35.374563  504
35.381520  131
35.383293  349
35.389630  90
35.396747  144
35.404263  95
35.406176  141
35.438169  96
35.452097  99
35.461944  110
35.510917  98
35.519567  122
35.538987  142
35.545584  195
35.555472  145
35.574289  482
35.605592  138
35.610017  119
35.618706  432
35.622971  120
35.624844  363
35.631935  144
35.641863  440
35.647087  143
35.660781  123
35.671871  101
35.679926  104
35.709435  148
35.735438  123
35.746180  93
35.756607  114
35.758879  203
35.766335  485
35.773771  150
35.794530  152
35.818470  112
35.834515  364
35.841771  123
35.853132  149
35.860089  105
35.881465  506
35.889815  138
35.891948  504
35.901197  137
35.905322  367
35.910306  109
35.924299  111
35.934088  142
35.952331  430
35.961420  104
35.978185  105
35.980417  105
36.019364  134
36.024388  108
36.031045  114
36.039455  132
36.051316  114
36.066183  202
36.089244  486
36.093888  503
36.112305  127
36.118902  131
36.121154  108
36.132635  429
36.139112  360
36.142607  128
36.189993  107
36.191766  105
36.206877  137
36.230978  138
36.273131  111
36.301676  144
36.304168  146
36.314635  143
36.316308  142
36.337917  106
36.353897  113
36.372522  100
36.378260  500
36.389881  428
36.408818  499
36.429488  111
36.432100  136
36.438018  111
36.450433  139
36.477005  106
36.540375  108
36.572041  138
36.583902  202
36.603593  485
36.633011  135
36.639568  112
36.679200  363
36.681732  431
36.684424  364
36.694832  133
36.710838  116
36.713170  436
36.727838  139
36.747495  139
36.773509  139
36.785944  138
36.796426  198
36.800251  101
36.802144  495
36.810639  136
36.848173  138
36.857063  111
36.869578  119
36.871451  87
36.877289  485
36.887876  413
36.889689  481
36.893974  480
36.913232  117
36.917277  347
36.918850  345
36.921881  116
36.926885  89
36.939700  98
36.954032  127
36.965054  95
36.966907  93
36.972051  85
36.989231  182
37.021658  107
37.026522  77
37.030727  88
37.039937  109
37.046674  83
37.048287  99
37.057876  165
37.080959  449
37.092580  467
37.112846  100
37.114998  102
37.129745  395
37.134709  394
37.139573  329
37.152528  322
37.158646  66
37.189004  78
37.190737  392
37.193289  64
37.218051  73
37.224269  57
37.246174  63
37.247747  62
37.250039  86
37.268525  49
37.310469  56
37.329126  438
37.334944  362
37.337316  434
37.350570  35
37.354616  62
37.379956  40
37.388106  296
37.406246  37
37.416828  31
37.429523  129
37.465343  31
37.469808  42
37.474213  40
37.477998  61
37.492786  121
37.499963  16
37.506740  56
37.517262  408
37.544964  53
37.549549  28
37.568141  353
37.572066  352
37.580816  278
37.591438  21
37.595443  345
37.612582  50
37.618800  343
37.620992  12
37.651846  19
37.665994  16
37.670698  39
37.689750  15
37.717158  411
37.738963  31
37.743368  30
37.752198  407
37.759215  339
37.786764  408
37.804623  13
37.811121  21
37.812874  265
37.823796  8
37.834866  9
37.879808  8
37.884093  17
37.888258  17
37.896588  34
37.906639  103
37.916767  3
37.922805  39
37.950414  404
38.222206  410
38.238620  411
38.248469  456
38.254627  457
38.265209  457
38.272366  44
38.370683  60
38.382926  51
38.389643  73
38.453900  113
38.475006  414
38.485808  59
38.521172  67
38.540703  34
38.559535  107
38.562921  358
38.586022  49
38.609320  61
38.640722  79
38.653937  63
38.668014  93
38.681989  79
38.728452  88
38.730944  460
38.748264  102
38.757434  68
38.759207  461
38.768417  491
38.779606  500
38.788475  122
38.790068  502
38.796793  99
38.810328  30
38.816386  287
38.833286  58
38.835079  72
38.885086  88
38.889171  106
38.899414  107
38.917293  35
38.921678  159
38.941310  115
38.956335  123
38.960380  130
38.974233  464
38.978398  470
38.986488  119
38.990833  65
38.995138  326
39.003767  33
39.012657  76
39.016123  100
39.025287  92
39.040047  344
39.077343  411
39.090756  413
39.096000  82
39.131220  105
39.141950  84
39.178203  129
39.211150  106
39.217008  183
39.274833  503
39.291945  507
39.307013  509
39.321221  88
39.324607  523
39.327159  134
39.344039  89
39.348384  532
39.379811  95
39.433044  115
39.445040  126
39.453930  146
39.469238  89
39.479106  201
39.510535  147
39.538530  175
39.550092  121
39.560875  537
39.573051  101
39.582288  136
39.631674  93
39.642531  164
39.649427  429
39.660628  182
39.662361  439
39.670616  110
39.705610  123
39.734104  146
39.781110  141
39.789907  205
39.815644  353
39.837174  132
39.848036  539
39.870805  544
39.872958  448
39.888689  553
39.895445  149
39.920340  119
39.928471  383
39.941745  154
39.979865  137
39.982417  158
39.995251  152
40.005374  163
40.027861  128
40.043168  218
40.063598  178
40.066270  472
40.088535  178
40.093239  524
40.105001  171
40.109166  125
40.115983  405
40.131995  102
40.133968  165
40.145449  141
40.150792  142
40.168991  404
40.171543  152
40.209511  470
40.234172  138
40.245454  146
40.258269  242
40.305059  178
40.312515  525
40.321764  548
40.323817  142
40.339428  152
40.346105  241
40.402894  539
40.411264  157
40.423963  464
40.443735  537
40.446227  172
40.468415  135
40.482289  403
40.525902  144
40.528474  140
40.537263  135
40.553105  150
40.578026  136
40.598037  239
40.600908  171
40.634866  167
40.643456  171
40.654287  135
40.658752  167
40.662557  396
40.687736  177
40.694193  139
40.707368  145
40.764746  169
40.777720  171
40.781006  172
40.844181  522
40.870880  165
40.885513  139
40.893149  235
40.951021  175
40.956559  148
41.010846  179
41.042602  137
41.083202  140
41.092557  139
41.095149  144
41.101526  141
41.104772  141
41.115454  124
41.140241  231
41.142673  165
41.149689  162
41.154573  159
41.158538  158
41.170598  157
41.182706  153
41.184439  148
41.186811  124
41.189463  376
41.225232  128
41.235534  128
41.249615  125
41.262135  114
41.273536  114
41.275169  112
41.280932  117
41.284163  147
41.286356  144
41.291160  436
41.295952  125
41.319194  107
41.348287  114
41.360787  116
41.363479  118
41.366011  116
41.392063  100
41.398280  194
41.413786  104
41.462635  109
41.471764  106
41.476029  93
41.479060  105
41.492614  114
41.508540  75
41.512046  111
41.516231  332
41.525339  74
41.546707  77
41.562018  78
41.566702  77
41.573898  81
41.578942  77
41.589724  62
41.615659  164
41.617312  161
41.622056  96
41.625402  94
41.642760  93
41.654905  95
41.656518  316
41.658291  58
41.663075  56
41.674437  50
41.683806  87
41.686418  61
41.712142  49
41.722065  50
41.744521  58
41.747053  83
41.752691  56
41.754384  62
41.759248  56
41.760901  78
41.775053  44
41.780017  42
41.815334  51
41.817746  50
41.844000  45
41.850837  74
41.865189  51
41.909530  50
41.925942  49
41.944343  26
41.946216  60
41.952913  21
41.959570  25
41.985324  38
42.006833  34
42.009105  42
42.017615  47
42.035094  34
42.061583  56
42.070872  54
42.076196  55
42.090464  22
42.103579  13
42.110463  25
42.119233  58
42.121066  32
42.132272  29
42.149691  18
42.159893  13
42.162465  13
42.166890  41
42.174845  11
42.204772  6
42.219760  14
42.239172  13
42.243996  15
42.256152  0
42.263409  0
42.298808  0
42.316806  0
42.357649  0
42.375228  0
42.379433  0
42.384477  0
42.403270  0
42.428161  0
42.429954  0
42.494208  0
42.508635  0
42.517624  0
42.588344  0
42.845897  1
42.988732  8
43.044429  4
43.182242  32
43.200120  3
43.206957  14
43.228342  36
43.244923  18
43.261584  21
43.266309  9
43.277671  27
43.283849  10
43.323515  5
43.325168  21
43.349125  10
43.384647  30
43.409303  2
43.472269  19
43.511834  45
43.538013  19
43.564911  23
43.592309  34
43.596055  30
43.602492  35
43.604824  9
43.619233  8
43.637286  22
43.646835  37
43.681913  39
43.698207  37
43.720871  76
43.731254  26
43.733127  14
43.759455  36
43.785984  44
43.790069  36
43.804062  90
43.815938  56
43.901172  41
43.931213  83
43.969805  24
43.983240  36
43.985732  37
44.004865  40
44.009030  41
44.015568  75
44.034081  39
44.039859  85
44.046780  82
44.053652  81
44.055405  72
44.082177  92
44.125998  92
44.138333  95
44.144041  90
44.150538  72
44.166125  100
44.170110  83
44.178640  104
44.186196  30
44.191335  76
44.198371  65
44.221194  83
44.239672  85
44.254141  88
44.261597  89
44.274532  69
44.287766  81
44.326798  88
44.392990  116
44.402718  40
44.416012  72
44.418065  93
44.456796  91
44.458369  91
44.474476  82
44.521621  89
44.542940  95
44.548858  125
44.579536  100
44.589444  86
44.602738  103
44.608556  103
44.616866  132
44.628902  109
44.641322  119
44.658723  108
44.662848  121
44.664781  114
44.673471  132
44.681147  98
44.684573  96
44.686686  72
44.696854  101
44.701206  89
44.715714  99
44.728349  112
44.732495  109
44.763962  126
44.773233  128
44.785313  127
44.787106  124
44.789518  155
44.806838  159
44.813256  129
44.844128  127
44.862674  161
44.882547  128
44.908637  156
44.916948  96
44.927651  106
44.929664  147
44.938393  94
44.942478  114
44.964103  120
44.981463  123
44.992625  135
44.999861  131
45.036213  157
45.050821  163
45.053513  117
45.057598  134
45.069379  149
45.076296  165
45.090010  143
45.100373  159
45.118698  151
45.120351  150
45.124196  158
45.144506  166
45.148691  124
45.156322  119
45.158135  172
45.162160  161
45.172782  164
45.194332  186
45.198797  163
45.200710  166
45.211853  140
45.225396  146
45.228742  145
45.264860  158
45.297646  172
45.301651  165
45.311854  166
45.323956  151
45.326149  176
45.330834  166
45.348653  188
45.394822  172
45.399327  176
45.470091  161
45.505984  181
45.512661  169
45.521230  160
45.533726  176
45.535739  174
45.542423  169
45.584571  175
45.590449  185
45.599218  169
45.605875  189
45.607648  176
45.617671  189
45.626740  181
45.645813  188
45.673419  164
45.690299  177
45.699991  189
45.727852  203
45.735628  192
45.754640  213
45.757012  201
45.769567  181
45.780509  180
45.789998  175
45.837447  187
45.869473  184
45.880459  186
45.889828  201
45.905214  192
45.908345  208
45.915302  168
45.950265  190
46.016224  195
46.025041  169
46.034250  171
46.070726  182
46.078482  179
46.085958  184
46.097559  198
46.132050  193
46.141878  189
46.146742  191
46.153683  194
46.160849  188
46.162582  186
46.181080  187
46.205595  186
46.207568  193
46.227718  186
46.239388  195
46.263711  201
46.298211  193
46.302096  186
46.311365  192
46.329924  214
46.345950  202
46.421896  198
46.481078  190
46.553320  194
46.581301  203
46.595313  191
46.604182  200
46.641402  185
46.671420  200
46.687765  207
46.709014  205
46.713259  214
46.715132  206
46.731357  196
46.745765  207
46.755314  211
46.810507  205
46.817763  204
46.820135  204
46.828985  205
46.838653  188
46.840566  189
46.842998  199
46.850274  193
46.855458  191
46.859143  179
46.874274  181
46.876666  176
46.879338  183
46.886914  175
46.900295  191
46.906772  177
46.917254  181
46.949528  185
46.952040  185
46.966313  179
46.968985  184
46.971697  185
46.976062  179
46.978155  185
47.006421  180
47.008833  167
47.030188  197
47.045119  179
47.048345  183
47.049958  179
47.078019  168
47.107818  178
47.122330  166
47.142837  167
47.150991  170
47.155116  170
47.157368  164
47.160854  172
47.164979  163
47.182482  164
47.186197  162
47.191101  155
47.208720  156
47.281480  189
47.372823  180
47.386037  202
47.398677  181
47.408145  205
47.410497  206
47.502323  182
47.534120  167
47.545051  165
47.576264  183
47.579335  183
47.613630  178
47.678560  181
47.689729  173
47.701389  168
47.710658  183
47.715562  164
47.739059  157
47.747929  181
47.750621  174
47.756699  182
47.760764  177
47.773308  171
47.792786  181
47.795338  179
47.802595  184
47.804508  177
47.819868  178
47.822759  165
47.824652  164
47.839539  176
47.844083  173
47.848967  172
47.878967  178
47.885704  178
47.900391  160
47.902683  162
47.911312  174
47.916236  174
47.932827  170
47.947834  172
47.951164  167
47.955209  173
47.996748  162
48.011581  167
48.013274  163
48.036911  158
48.051324  155
48.072949  153
48.080760  153
48.109341  139
48.147196  132
48.161784  136
48.177429  143
48.184466  138
48.198474  137
48.229136  136
48.236672  136
48.241197  133
48.256864  132
48.258697  129
48.264954  140
48.273085  125
48.275078  125
48.279542  123
48.285560  110
48.307093  115
48.325525  102
48.337287  111
48.343505  123
48.350442  119
48.362619  111
48.366784  115
48.370070  115
48.378280  116
48.381886  102
48.384258  122
48.411526  116
48.413659  120
48.415871  112
48.461643  123
48.469633  114
48.637078  117
48.646907  106
48.657170  113
48.684139  108
48.687345  112
48.690611  110
48.707205  112
48.729823  114
48.732095  113
48.764561  113
48.770719  107
48.773391  85
48.781661  98
48.793702  97
48.802312  85
48.806597  83
48.812655  74
48.817220  96
48.841437  90
48.848806  89
48.855044  83
48.884938  86
48.901718  90
48.903411  88
48.968404  96
48.975201  99
48.991581  89
49.022022  100
49.059911  96
49.065689  83
49.137729  102
49.152776  93
49.266306  108
49.385576  108
49.391474  91
49.409812  109
49.472235  106
49.475861  127
49.489302  131
49.512785  85
49.523468  102
49.602217  117
49.615911  133
49.619357  108
49.651411  134
49.660780  135
49.667417  135
49.738221  117
49.757074  136
49.777700  122
49.786169  85
49.791313  126
49.804058  120
49.832840  117
49.835372  159
49.847707  123
49.868832  167
49.893037  128
49.894890  109
49.903040  110
49.926807  138
49.941675  139
49.969517  142
49.978035  120
49.998272  158
50.017923  118
50.023167  138
50.029305  165
50.035303  156
50.048097  132
50.054055  175
50.094257  102
50.107971  124
50.121046  111
50.141812  168
50.183016  110
50.187301  173
50.189454  168
50.206460  159
50.217263  161
50.228604  154
50.230657  171
50.238388  146
50.276920  137
50.281225  141
50.300118  181
50.320343  151
50.324408  192
50.332518  156
50.334571  180
50.363552  127
50.385343  162
50.392160  153
50.428832  164
50.438520  176
50.471167  163
50.499950  139
50.528340  148
50.536111  161
50.538443  198
50.546633  176
50.552376  166
50.583937  188
50.588781  149
50.595418  198
50.600342  206
50.631815  159
50.649933  157
50.658902  165
50.680447  166
50.685311  176
50.691468  197
50.712592  190
50.745777  193
50.751081  200
50.759710  169
50.769299  207
50.771412  174
50.786631  169
50.788784  182
50.803271  184
50.833405  173
50.844367  195
50.882780  188
50.900121  188
50.938081  164
50.944898  203
50.947430  188
50.965608  190
50.992241  183
50.998408  201
51.033584  218
51.043173  201
51.047478  218
51.070166  203
51.086831  185
51.102437  216
51.109514  214
51.112745  203
51.121155  214
51.133070  217
51.141679  221
51.147382  186
51.156139  192
51.160064  170
51.198949  195
51.219598  190
51.228448  178
51.234745  209
51.245408  207
51.263156  221
51.311097  217
51.313130  218
51.321784  214
51.326608  189
51.336711  204
51.341555  207
51.358999  204
51.404011  193
51.408076  212
51.483481  219
51.502582  208
51.506807  206
51.525884  209
51.539937  207
51.601222  223
51.606486  223
51.608439  219
51.638617  218
51.668377  226
51.676407  219
51.698358  225
51.729467  224
51.759864  200
51.770186  197
51.781848  201
51.812586  218
51.813845  217
51.818649  213
51.862100  208
51.870810  203
51.872703  198
51.888549  209
51.892694  206
51.900310  196
51.908280  200
51.958225  192
51.981701  216
52.014427  208
52.095010  207
52.114786  202
52.117398  200
52.122142  212
52.128879  211
52.139527  206
52.152362  208
52.154295  204
52.163164  202
52.168922  201
52.211792  196
52.221540  221
52.223273  213
52.227518  218
52.253294  211
52.259851  208
52.268061  201
52.272765  188
52.289070  185
52.298279  176
52.317631  179
52.329272  182
52.331924  181
52.339061  190
52.341373  191
52.355226  189
52.406482  186
52.411007  185
52.417784  187
52.420156  184
52.422688  184
52.429765  173
52.438234  176
52.449836  178
52.452488  176
52.474360  155
52.499411  175
52.527378  164
52.532102  163
52.533995  168
52.541531  160
52.546475  159
52.555066  165
52.568780  152
52.570533  148
52.574778  149
52.594270  153
52.599054  152
52.606790  159
52.634412  156
52.662772  162
52.666797  146
52.668450  161
52.673234  161
52.675686  160
52.688206  153
52.697775  163
52.709237  141
52.711030  141
52.715854  152
52.722251  158
52.724244  149
52.745468  152
52.749473  154
52.759356  154
52.763521  136
52.786484  145
52.788896  128
52.807135  141
52.816084  135
52.820788  139
52.826746  142
52.829338  141
52.845779  136
52.892490  138
52.904120  147
52.922479  130
52.956065  116
53.001151  125
53.007608  134
53.015977  125
53.017570  134
53.037608  120
53.040040  117
53.044265  116
53.048490  122
53.052795  116
53.063897  124
53.067842  113
53.087868  99
53.089441  108
53.093985  113
53.104727  113
53.127271  120
53.148700  111
53.160342  92
53.166507  111
53.202044  107
53.219923  104
53.224148  118
53.236873  99
53.242396  93
53.255730  91
53.259635  97
53.277274  112
53.287147  109
53.294523  97
53.296436  98
53.322985  91
53.333908  96
53.344989  100
53.349374  95
53.353779  83
53.360336  84
53.385353  91
53.391491  74
53.410844  98
53.446072  92
53.465085  94
53.485090  94
53.493640  97
53.523675  87
53.544287  95
53.546240  90
53.555170  92
53.560014  88
53.561867  88
53.583912  95
53.589870  94
53.597625  90
53.599518  91
53.625808  86
53.630353  78
53.632446  89
53.648412  75
53.678695  85
53.734458  88
53.763813  82
53.768897  86
53.792396  82
53.798334  84
53.832913  75
53.841143  72
53.919692  80
53.926269  83
54.026141  94
54.028254  80
54.034931  96
54.066878  99
54.138682  90
54.150744  84
54.164180  91
54.168605  92
54.180334  107
54.236150  96
54.246793  99
54.312608  92
54.407493  88
54.416223  106
54.422581  105
54.433584  87
54.451264  91
54.464799  93
54.476261  118
54.487743  111
54.516744  120
54.525813  132
54.528485  96
54.534643  132
54.545724  139
54.558519  103
54.560592  89
54.573647  97
54.620020  110
54.634433  118
54.645023  111
54.660799  117
54.665264  122
54.678837  135
54.680990  115
54.721672  95
54.723505  120
54.734866  101
54.738871  94
54.743596  123
54.771338  96
54.789457  111
54.792823  114
54.844923  124
54.876216  127
54.881061  119
54.889851  124
54.900294  130
54.902906  128
54.915322  130
54.916895  132
54.933774  125
54.946449  115
54.958071  138
54.964009  124
54.969312  139
54.997848  141
55.017719  132
55.043576  146
55.097650  125
55.118082  135
55.119955  116
55.137640  132
55.144198  135
55.145831  132
55.149997  120
55.154761  133
55.165004  148
55.178638  135
55.183383  138
55.187848  139
55.204134  139
55.224940  91
55.232436  145
55.240686  136
55.251528  133
55.293050  153
55.321158  139
55.354666  143
55.370767  151
55.382309  152
55.386235  129
55.396165  125
55.398138  140
55.409819  154
55.416776  141
55.429052  134
55.434870  152
55.447506  130
55.491236  147
55.492989  144
55.496994  158
55.501798  159
55.503471  158
55.509769  162
55.511542  140
55.515767  170
55.526490  146
55.528662  170
55.546389  171
55.555958  172
55.563235  171
55.567200  178
55.569153  133
55.618026  132
55.624663  155
55.635625  153
55.637338  156
55.642222  148
55.663072  153
55.666797  156
55.704067  157
55.712976  169
55.747261  163
55.751586  176
55.756151  161
55.760716  156
55.780093  142
55.781866  176
55.816698  176
55.826462  146
55.828395  181
55.883717  162
55.905302  161
55.920269  158
55.927165  158
55.928938  159
55.932049  174
55.952600  165
55.963007  153
55.992966  168
56.001456  172
56.060098  181
56.067434  179
56.089122  167
56.100404  179
56.135960  168
56.138951  166
56.155731  165
56.167343  160
56.191639  160
56.193212  167
56.195564  161
56.203155  173
56.213283  178
56.221158  164
56.233734  176
56.252991  179
56.284643  174
56.296339  184
56.302102  168
56.340754  175
56.345818  155
56.356060  169
56.394991  159
56.397503  159
56.418054  164
56.424161  175
56.438493  176
56.445549  178
56.447821  168
56.450093  171
56.471737  168
56.474349  167
56.477560  164
56.484861  177
56.487533  174
56.498918  181
56.503103  163
56.516576  180
56.574697  162
56.579960  168
56.601796  175
56.670740  166
56.702852  158
56.727704  168
56.730036  172
56.734581  171
56.737772  178
56.771958  171
56.788803  185
56.813997  184
56.829443  182
56.855165  189
56.872329  189
56.876214  170
56.885762  194
56.892723  169
56.949020  166
56.955377  168
56.959383  163
56.961935  159
56.980808  158
56.986651  152
56.990856  163
56.993288  158
56.995800  156
57.000844  159
57.003436  146
57.006048  146
57.024165  158
57.047491  138
57.050063  153
57.054628  147
57.056361  150
57.061405  144
57.063657  141
57.072886  131
57.080262  134
57.082914  121
57.087878  118
57.115385  115
57.123141  113
57.133603  112
57.138647  111
57.157116  107
57.175094  87
57.178285  96
57.195311  107
57.197344  113
57.204428  106
57.220369  111
57.228839  110
57.235716  108
57.246345  108
57.277118  102
57.278711  112
57.301217  109
57.309836  105
57.337468  84
57.380475  95
57.385179  92
57.395842  90
57.398374  86
57.415633  84
57.424962  91
57.433951  91
57.435844  92
57.450201  90
57.468898  100
57.492579  99
57.496884  103
57.502782  98
57.514622  102
57.568973  92
57.593476  92
57.619497  78
57.624341  86
57.626693  92
57.633350  82
57.636716  77
57.655668  91
57.665471  89
57.672288  83
57.680623  88
57.703220  77
57.738482  51
57.764711  59
57.785676  44
57.787968  38
57.808000  48
57.810572  44
57.814717  34
57.821115  42
57.825580  42
57.833031  47
57.861278  46
57.881349  44
57.883921  50
57.890519  45
57.911485  52
57.917183  34
57.922008  24
57.969581  47
57.989112  42
58.001467  18
58.006251  30
58.012696  39
58.017720  34
58.019733  33
58.034981  30
58.045663  42
58.053359  46
58.061629  43
58.067647  41
58.081595  29
58.221351  39
58.226295  29
58.261968  27
58.263841  40
58.266273  42
58.268046  30
58.278436  37
58.294522  39
58.296455  12
58.305704  15
58.307317  31
58.336945  23
58.348667  23
58.373364  38
58.447885  33
58.450377  45
58.558927  32
58.600863  45
58.620975  34
58.645813  43
58.664332  46
58.690075  55
58.724734  37
58.728679  34
58.738088  56
58.804095  36
58.827893  34
58.832797  54
58.840967  48
58.842720  34
58.848458  28
58.866277  57
58.879072  73
58.885589  58
58.900497  69
58.947746  29
59.054065  80
59.055978  49
59.061002  89
59.067639  46
59.075630  56
59.097374  57
59.105924  54
59.110249  90
59.116507  55
59.133347  63
59.135499  50
59.144081  91
59.152451  71
59.154224  52
59.167938  84
59.174775  79
59.181451  80
59.190600  103
59.219988  69
59.249249  79
59.264046  76
59.265639  71
59.272536  80
59.281013  49
59.294368  64
59.313589  103
59.320960  87
59.326024  96
59.333975  100
59.335728  88
59.355479  68
59.363829  76
59.374252  54
59.403447  69
59.429638  73
59.457176  94
59.480285  83
59.493659  97
59.509147  85
59.511459  105
59.521842  87
59.532504  96
59.610807  81
59.622997  72
59.634358  78
59.638603  103
59.648606  87
59.675349  104
59.686851  141
59.697813  93
59.705389  83
59.760718  113
59.764284  94
59.772294  97
59.780884  85
59.791881  127
59.806768  127
59.809499  91
59.812685  129
59.815077  124
59.820820  95
59.838319  96
59.901780  95
59.908337  93
59.933169  99
59.944470  104
59.946463  104
59.954954  128
59.965477  112
59.990453  127
