# t(s) QueuingDelay(ms)
10.184134  0
10.208821  6
10.222276  11
10.237983  7
10.255903  23
10.259948  15
10.272583  25
10.283246  34
10.308527  17
10.318490  43
10.361249  42
10.374584  48
10.376317  44
10.396669  52
10.398742  99
10.426851  100
10.431116  73
10.437324  81
10.447607  111
10.471364  91
10.475390  121
10.537179  124
10.547322  157
10.560357  113
10.573072  161
10.575085  139
10.586367  145
10.588060  165
10.632459  170
10.647786  174
10.649399  171
10.659982  176
10.673676  202
10.675869  176
10.686652  210
10.702939  186
10.719579  227
10.721152  216
10.737292  242
10.749807  263
10.766172  273
10.781799  222
10.787837  225
10.798586  280
10.808070  284
10.815127  291
10.821505  310
10.840692  9
10.851234  245
10.861956  310
10.877624  315
10.885694  315
10.891332  17
10.903587  265
10.905360  67
10.916662  277
10.918335  83
10.927364  80
10.936015  65
10.938287  299
10.945988  310
10.952706  314
10.963148  313
10.969226  306
10.992383  303
11.028795  4
11.039658  199
11.046035  309
11.048370  50
11.052658  197
11.057482  196
11.063980  192
11.077095  45
11.085765  37
11.101392  198
11.125870  44
11.140669  0
11.142941  140
11.159481  41
11.190720  144
11.192393  140
11.204034  0
11.206486  147
11.215696  8
11.219661  156
11.232655  157
11.234548  12
11.262642  16
11.264914  141
11.284061  25
11.289005  152
11.300328  160
11.307145  29
11.310551  168
11.323106  39
11.332515  44
11.345391  37
11.347424  54
11.349896  164
11.359046  60
11.368096  65
11.373260  43
11.392632  75
11.399070  164
11.408280  83
11.423727  88
11.425740  171
11.434810  189
11.441068  185
11.456101  56
11.459112  228
11.466703  191
11.469015  228
11.473060  68
11.482529  105
11.487194  107
11.496164  233
11.502042  194
11.511371  117
11.513104  233
11.525499  123
11.532396  228
11.536102  142
11.549796  242
11.560298  107
11.578237  258
11.604847  270
11.630390  146
11.640613  159
11.647672  175
11.655374  4
11.661911  194
11.668169  117
11.685828  121
11.719129  123
11.721361  201
11.736582  207
11.739653  150
11.752428  251
11.757867  213
11.766736  259
11.770901  10
11.777778  219
11.779431  151
11.787312  293
11.793210  228
11.802873  238
11.807857  167
11.812102  313
11.820811  251
11.825336  287
11.831794  316
11.838647  171
11.854898  321
11.887033  192
11.890745  329
11.906395  256
11.908188  212
11.927840  335
11.929633  12
11.938582  258
11.957994  245
11.965525  262
11.976487  266
11.984009  21
11.987934  348
11.998837  34
12.000770  280
12.021985  105
12.024078  273
12.025751  376
12.044010  120
12.058058  281
12.062603  380
12.073846  15
12.097623  318
12.113384  283
12.118787  341
12.123052  129
12.131362  143
12.147694  13
12.149267  343
12.171151  343
12.177948  339
12.181693  358
12.196620  23
12.203817  365
12.224790  140
12.237845  142
12.240457  369
12.251380  288
12.262622  292
12.273652  171
12.277917  387
12.286148  415
12.299343  190
12.301715  419
12.305481  358
12.316063  195
12.320268  327
12.326546  433
12.331390  449
12.337668  355
12.346720  435
12.350066  394
12.356486  511
12.358858  440
12.364042  357
12.373171  450
12.374904  23
12.379129  516
12.386226  379
12.392164  386
12.396009  400
12.409857  456
12.431321  423
12.440215  461
12.454188  490
12.455861  386
12.465357  525
12.473687  492
12.503363  397
12.508055  498
12.510467  14
12.516465  173
12.521050  532
12.537580  509
12.541925  407
12.548043  511
12.556393  415
12.562970  534
12.565143  422
12.585908  509
12.591946  501
12.594478  174
12.597170  551
12.607393  440
12.640413  442
12.644499  302
12.658173  34
12.678898  326
12.687528  131
12.690994  333
12.708613  205
12.711065  449
12.716964  515
12.731277  214
12.733050  334
12.734763  28
12.747479  336
12.755909  233
12.768893  518
12.777663  452
12.818343  212
12.844799  542
12.857535  537
12.859787  460
12.879660  217
12.888550  461
12.913196  229
12.927105  310
12.936957  536
12.945866  337
12.950611  555
12.956650  345
12.960475  467
12.998007  598
13.011921  608
13.013834  605
13.038285  609
13.056125  613
13.060909  478
13.064635  574
13.077750  494
13.083388  47
13.099264  615
13.122148  50
13.128306  622
13.153836  69
13.158381  638
13.169183  100
13.180006  495
13.189800  585
13.228765  594
13.251702  506
13.311639  233
13.323440  534
13.371848  393
13.389368  416
13.419582  659
13.442348  665
13.448885  542
13.451297  674
13.461640  725
13.486217  731
13.512427  567
13.521397  623
13.595143  352
13.621723  360
13.657367  393
13.667754  400
13.679296  658
13.691838  429
13.699580  625
13.714427  430
13.720405  421
13.741990  267
13.761163  629
13.765328  643
13.785401  643
13.787094  618
13.815236  643
13.822497  117
13.838746  664
13.876226  704
13.885056  637
13.901097  122
13.911160  169
13.917137  197
13.918950  638
13.929612  651
13.931605  181
13.943147  645
13.949724  698
13.951297  616
13.960206  267
13.984887  416
13.988793  690
14.018947  632
14.031403  420
14.045157  426
14.047170  293
14.113549  432
14.116866  402
14.143476  2
14.150593  434
14.159663  455
14.166260  458
14.172338  549
14.176723  420
14.190282  419
14.192854  538
14.200824  414
14.205848  531
14.213219  670
14.216525  406
14.260080  393
14.305663  3
14.307456  543
14.322433  294
14.333115  77
14.337360  404
14.339033  550
14.348162  91
14.352128  410
14.366247  99
14.375876  106
14.378049  414
14.401067  417
14.409023  416
14.426022  686
14.447527  701
14.478071  423
14.495785  429
14.513474  449
14.515547  703
14.520052  297
14.544389  312
14.554652  175
14.558977  334
14.603417  352
14.630046  183
14.634711  711
14.640449  185
14.647546  192
14.653504  201
14.660963  199
14.674398  414
14.694332  322
14.702170  203
14.710701  579
14.712754  713
14.716939  715
14.749151  579
14.754015  424
14.762386  580
14.769423  445
14.782407  460
14.815201  6
14.825689  468
14.839969  473
14.841902  334
14.855690  352
14.864819  478
14.866472  354
14.886957  482
14.903683  16
14.941608  562
14.958949  497
14.969691  566
14.992399  588
14.998996  603
15.001348  507
15.008045  720
15.045998  730
15.052136  537
15.063698  739
15.068463  564
15.070256  117
15.083611  608
15.087817  568
15.090389  118
15.099718  752
15.103264  452
15.112314  572
15.121083  616
15.127921  463
15.141842  472
15.148340  122
15.158943  583
15.163168  163
15.165820  499
15.182840  172
15.221612  506
15.229802  524
15.236380  500
15.257191  534
15.266300  63
15.289959  66
15.329203  726
15.341946  557
15.352500  364
15.358718  599
15.379050  614
15.391805  619
15.396550  203
15.422980  382
15.448035  782
15.493118  411
15.514302  784
15.545459  589
15.554828  798
15.567051  594
15.581739  605
15.583852  691
15.592461  810
15.605356  725
15.607409  665
15.611914  213
15.629094  669
15.642069  258
15.661422  418
15.669537  54
15.700192  444
15.737493  529
15.742278  549
15.744650  478
15.766303  537
15.794485  580
15.844832  57
15.853582  619
15.860279  627
15.867256  766
15.878993  634
15.886649  526
15.910085  371
15.926153  623
15.932651  185
15.939049  61
15.979706  596
16.023956  650
16.025589  429
16.057784  775
16.067707  447
16.074724  141
16.113094  74
16.180838  776
16.221263  626
16.225748  812
16.254810  813
16.278025  845
16.283364  79
16.288029  490
16.291375  57
16.321769  854
16.338890  67
16.358522  873
16.367172  879
16.392282  629
16.411475  665
16.416222  886
16.443912  879
16.507160  680
16.528445  682
16.545245  653
16.549390  890
16.561986  379
16.597469  688
16.599062  651
16.601317  764
16.656581  772
16.746039  678
16.778226  254
16.814997  685
16.914694  695
16.918799  787
16.925477  815
16.944175  686
16.985123  836
17.009653  420
17.021182  899
17.065523  730
17.088290  848
17.118149  646
17.197959  444
17.217303  813
17.283617  830
17.293245  891
17.318901  151
17.327071  908
17.346032  263
17.354262  805
17.393526  284
17.399129  942
17.459945  894
17.467995  757
17.491990  895
17.512829  882
17.525364  873
17.528495  815
17.542708  708
17.572866  459
17.580611  94
17.582364  159
17.587328  995
17.594564  457
17.618984  289
17.626220  863
17.642005  835
17.645555  454
17.653330  587
17.656341  454
17.668800  842
17.683240  841
17.704824  772
17.725563  91
17.760334  454
17.787380  304
17.819476  292
17.821648  804
17.823421  286
17.836152  824
17.843388  137
17.848432  447
17.858100  285
17.863244  440
17.865636  155
17.867928  278
17.892628  580
17.902117  834
17.927850  926
17.963331  836
17.981442  960
17.986466  283
18.015892  290
18.024421  296
18.028047  967
18.040941  718
18.044172  451
18.051388  588
18.057486  714
18.078008  454
18.088196  448
18.090648  587
18.098244  148
18.125455  147
18.139018  290
18.141530  574
18.163039  727
18.177786  718
18.184148  579
18.190445  582
18.193157  445
18.194750  580
18.200221  578
18.204206  575
18.210983  687
18.240354  265
18.246831  573
18.297023  979
18.327634  581
18.340413  164
18.344957  271
18.351854  591
18.363039  593
18.365052  286
18.380704  594
18.383835  256
18.391957  260
18.396269  282
18.399200  261
18.404464  260
18.407695  277
18.409508  588
18.411860  275
18.428852  274
18.440528  580
18.443120  579
18.447345  570
18.495844  574
18.501526  573
18.535221  839
18.570397  169
18.587034  586
18.598582  173
18.610203  263
18.635161  445
18.639251  835
18.657030  592
18.664486  591
18.666658  584
18.668611  440
18.670823  567
18.672776  567
18.675088  121
18.678319  564
18.680052  116
18.682484  554
18.684956  105
18.691473  403
18.693945  385
18.725865  233
18.730170  233
18.734115  231
18.760652  780
18.783995  110
18.786247  109
18.787920  386
18.789533  109
18.796794  233
18.800959  387
18.803391  108
18.805763  105
18.817204  232
18.828066  524
18.869106  531
18.870939  922
18.879174  919
18.884717  918
18.894395  203
18.917652  504
18.920184  365
18.925508  504
18.944944  498
18.946677  358
18.949668  626
18.952180  358
18.954612  497
18.958697  496
18.960350  495
18.966814  353
18.976429  494
18.978322  493
18.980814  352
18.990482  352
18.993633  492
18.995546  492
18.997918  491
18.999531  46
19.004564  197
19.006397  46
19.007990  46
19.010382  350
19.013094  42
19.014727  41
19.017279  193
19.020490  488
19.036240  192
19.070854  487
19.074045  482
19.090274  347
19.097290  485
19.105660  583
19.127213  480
19.135827  174
19.168098  173
19.179100  172
19.194566  159
19.198631  155
19.200863  464
19.205128  154
19.215495  132
19.217168  132
19.231068  154
19.235073  154
19.236966  462
19.239338  153
19.245036  153
19.249460  459
19.254983  129
19.257495  456
19.260147  126
19.261720  144
19.263393  121
19.266544  119
19.269176  141
19.270749  450
19.272422  140
19.276767  136
19.301152  449
19.320209  451
19.374511  451
19.391540  459
19.410836  40
19.418392  38
19.422357  35
19.441638  453
19.449553  311
19.451166  112
19.453498  25
19.455795  841
19.460507  308
19.491645  306
19.500435  298
19.502887  434
19.519293  696
19.535998  448
19.537651  7
19.540103  450
19.542475  7
19.556847  303
19.559279  310
19.593903  163
19.595596  162
19.614287  312
19.621483  159
19.623476  155
19.633743  146
19.636574  23
19.638447  22
19.641578  304
19.647321  146
19.649154  298
19.654098  20
19.655751  20
19.658003  144
19.660575  20
19.672910  141
19.675202  435
19.683572  141
19.693695  690
19.722536  441
19.727620  825
19.734796  135
19.737088  132
19.749828  421
19.753893  283
19.757319  420
19.762103  126
19.764815  281
19.785123  552
19.801293  421
19.803026  424
19.804679  283
19.808584  285
19.810157  422
19.811750  422
19.814701  284
19.832905  0
19.844127  283
19.853116  421
19.857130  0
19.858843  0
19.860796  421
19.867533  126
19.870624  419
19.873950  123
19.881426  119
19.883099  413
19.891589  410
19.904808  264
19.910646  493
19.938236  82
19.945752  78
19.952014  63
19.955165  62
19.971150  56
19.981153  55
19.982726  53
19.990461  32
19.992114  52
19.996778  30
20.000783  48
20.007380  47
20.010072  46
20.016549  19
20.021881  18
20.023714  41
20.043932  35
20.135667  0
20.175477  0
20.189657  0
20.222903  542
20.280540  0
20.320806  652
20.356907  4
20.359519  511
20.395077  650
20.402233  3
20.404725  2
20.423043  0
20.434803  366
20.495342  192
20.500306  46
20.514299  292
20.583206  0
20.587511  1
20.589584  0
20.609220  0
20.611772  0
20.613725  0
20.622834  0
20.643165  0
20.761178  377
20.854884  5
20.859709  10
20.866945  530
20.883904  6
20.904515  388
20.911232  383
20.935689  522
20.959422  8
20.982006  11
20.986771  19
20.993228  276
21.003891  14
21.007777  7
21.010409  0
21.012362  0
21.043418  136
21.053486  3
21.069037  243
21.278353  355
21.431552  536
21.436576  9
21.485056  393
21.546192  263
21.555601  1
21.576966  122
21.608357  0
21.611703  231
21.643978  532
21.697953  1
21.700425  4
21.702857  6
21.707282  11
21.711547  11
21.715892  396
21.717845  6
21.722250  29
21.724602  31
21.736023  37
21.782245  44
21.790716  42
21.817335  35
21.821899  35
21.860919  27
21.933124  37
21.965270  48
22.002986  382
22.053807  532
22.135809  47
22.202413  9
22.212122  48
22.288866  45
22.365161  36
22.368372  119
22.378914  133
22.381106  121
22.385171  122
22.445830  62
22.467475  126
22.496935  384
22.501260  543
22.517221  62
22.547695  70
22.557858  52
22.570913  64
22.588792  106
22.608258  150
22.628656  152
22.649820  164
22.669671  173
22.706936  388
22.708529  645
22.743438  535
22.761723  503
22.769094  538
22.777551  79
22.792659  158
22.811173  277
22.813805  648
22.826920  162
22.837643  188
22.894785  73
22.906406  111
22.920240  168
22.938199  176
22.976018  96
22.986841  131
22.998762  177
23.002987  535
23.021347  197
23.026371  201
23.148416  123
23.163144  124
23.168842  133
23.178837  189
23.180430  136
23.182103  137
23.184695  264
23.187247  285
23.191232  270
23.209177  274
23.259593  139
23.309220  681
23.321121  492
23.344513  201
23.364664  203
23.396311  184
23.406953  216
23.420128  276
23.425886  669
23.431605  310
23.441208  316
23.471509  325
23.474300  20
23.502511  280
23.529407  331
23.575230  544
23.587251  789
23.589204  559
23.649949  598
23.658559  708
23.677636  310
23.690311  810
23.694416  398
23.781682  349
23.817085  175
23.821550  314
23.828507  364
23.832792  542
23.849737  360
23.858347  572
23.868689  204
23.872175  704
23.889778  220
23.914593  313
23.920231  224
23.922663  436
23.964668  376
23.983642  351
24.022522  383
24.101582  277
24.110651  366
24.121373  648
24.130442  282
24.139271  288
24.145915  406
24.150839  415
24.161861  415
24.166046  413
24.199056  286
24.213050  117
24.219407  209
24.237825  305
24.256782  850
24.362057  391
24.396698  395
24.408099  451
24.420319  473
24.430147  491
24.437842  490
24.464928  409
24.506740  737
24.509332  492
24.521480  854
24.526225  499
24.540038  379
24.547014  733
24.565452  752
24.575260  932
24.577013  500
24.580918  849
24.620236  803
24.623387  852
24.646080  276
24.650225  423
24.680060  571
24.725365  462
24.755250  169
24.789035  294
24.795672  493
24.842661  446
24.867544  812
24.870216  385
24.918069  455
24.975644  594
25.171767  428
25.207047  289
25.221021  298
25.225266  307
25.229331  445
25.241890  390
25.249606  498
25.268503  944
25.291325  798
25.303885  458
25.316245  801
25.318038  448
25.327627  427
25.335777  422
25.345864  388
25.350369  422
25.353081  422
25.355573  417
25.367453  418
25.372258  416
25.382126  414
25.387110  587
25.388763  409
25.393827  908
25.407041  408
25.409872  753
25.412344  395
25.420963  395
25.422816  391
25.424509  390
25.426921  388
25.436120  397
25.438572  387
25.441284  875
25.443756  379
25.448740  874
25.450593  732
25.457249  377
25.459082  871
25.476589  878
25.478322  346
25.495067  854
25.499911  719
25.518650  369
25.526066  842
25.528678  559
25.535915  668
25.543431  319
25.545823  316
25.554852  383
25.572540  269
25.575671  238
25.592442  268
25.595094  234
25.604283  231
25.611934  224
25.614266  227
25.619769  227
25.621542  257
25.628798  256
25.636354  208
25.646607  457
25.649538  191
25.651311  229
25.652944  416
25.678917  390
25.688525  146
25.724302  152
25.725975  503
25.729206  152
25.770939  487
25.786964  90
25.793521  85
25.796767  83
25.842169  79
25.848746  116
25.860647  104
25.897420  616
25.920463  467
25.934936  132
25.948639  122
25.951031  475
25.972189  127
25.978586  129
25.983290  128
25.985862  127
25.987994  127
25.998736  125
26.013808  125
26.016400  126
26.018692  344
26.020785  614
26.025729  126
26.029574  125
26.045125  125
26.057685  126
26.064342  127
26.070759  124
26.094250  475
26.102524  127
26.107788  129
26.109980  129
26.111573  617
26.115778  614
26.121648  608
26.126627  467
26.146199  129
26.170622  469
26.191873  226
26.220838  102
26.224923  126
26.227834  92
26.281817  318
26.297604  316
26.311573  76
26.327060  74
26.328753  466
26.348406  116
26.350598  113
26.387279  455
26.401552  73
26.406296  71
26.433619  95
26.455103  92
26.459408  75
26.461001  331
26.464367  108
26.466779  68
26.471982  106
26.497990  587
26.518120  436
26.519733  433
26.521446  441
26.528147  95
26.537116  81
26.539468  432
26.543234  73
26.566236  78
26.568948  79
26.571400  79
26.573093  80
26.578716  78
26.593069  79
26.595781  79
26.598293  79
26.599926  78
26.602937  569
26.607721  76
26.610253  300
26.626199  425
26.628551  82
26.630963  81
26.633555  46
26.637740  79
26.645034  78
26.650337  565
26.660547  564
26.662699  68
26.665391  423
26.669236  564
26.671309  418
26.680807  551
26.683958  550
26.685611  546
26.690535  403
26.694500  540
26.708354  63
26.724160  272
26.730717  54
26.733189  396
26.735082  54
26.765399  135
26.770283  8
26.813396  11
26.823339  45
26.826031  231
26.830695  230
26.900721  244
26.910836  0
26.958019  0
26.982235  0
26.990905  0
26.995111  16
27.024551  514
27.036492  223
27.055753  379
27.063189  383
27.072183  45
27.081651  378
27.091499  30
27.106886  491
27.108559  215
27.110412  0
27.122113  334
27.128874  0
27.130487  467
27.140195  467
27.142048  320
27.145479  463
27.149864  319
27.154389  451
27.194509  311
27.196781  189
27.219544  43
27.286147  4
27.287880  149
27.294997  146
27.305300  144
27.322539  0
27.351942  304
27.368676  185
27.493992  456
27.516305  302
27.565944  0
27.624606  315
27.682791  8
27.743557  21
27.745390  67
27.752666  27
27.755278  100
27.758864  102
27.761096  102
27.763688  31
27.765381  104
27.778435  38
27.809810  160
27.822405  181
27.912898  315
27.957220  0
28.011906  41
28.035813  328
28.041811  189
28.056347  349
28.070480  15
28.076023  355
28.082540  316
28.103171  191
28.127228  195
28.144268  16
28.155051  460
28.159816  362
28.166394  451
28.174784  368
28.184152  376
28.204517  355
28.215399  221
28.218510  24
28.223933  19
28.266142  42
28.278856  42
28.280869  104
28.290098  72
28.297929  112
28.299682  86
28.311003  129
28.316047  195
28.336247  130
28.345336  199
28.357411  205
28.365588  216
28.408482  245
28.431544  38
28.438875  365
28.448463  367
28.454721  30
28.487741  58
28.494218  46
28.508626  37
28.533523  194
28.540280  347
28.549943  187
28.561284  343
28.565509  353
28.575392  340
28.582129  343
28.604393  24
28.616908  206
28.626890  464
28.634881  24
28.643590  338
28.645583  459
28.652220  327
28.653833  26
28.673585  476
28.743611  32
28.748675  104
28.755393  59
28.757885  102
28.774270  95
28.815077  59
28.843479  67
28.902625  201
28.968735  342
28.994764  39
29.093054  361
29.104770  369
29.128626  381
29.132412  335
29.150495  25
29.160918  30
29.168382  230
29.182017  42
29.209101  391
29.210714  47
29.237939  496
29.276887  384
29.294366  493
29.301443  391
29.326160  204
29.334490  106
29.376829  159
29.381034  67
29.394908  82
29.408290  121
29.419951  162
29.429839  60
29.436336  220
29.438688  127
29.446579  81
29.463993  234
29.485589  260
29.496711  283
29.505440  394
29.525552  233
29.539646  263
29.552622  53
29.567929  411
29.592889  58
29.611095  420
29.612728  77
29.620179  130
29.634212  53
29.645254  76
29.673896  164
29.675809  424
29.680094  274
29.691296  425
29.699546  399
29.702457  417
29.715672  412
29.722789  502
29.729127  80
29.730720  86
29.751112  291
29.760181  106
29.768411  534
29.775627  528
29.790482  111
29.797247  123
29.801552  424
29.808629  78
29.812914  103
29.822064  544
29.885117  270
29.890161  550
29.892853  297
29.902542  67
29.919821  117
29.924346  91
29.935627  104
29.981963  151
29.990218  242
29.992610  84
29.996116  102
30.002893  83
30.005046  536
30.065344  402
30.075986  549
30.092096  278
30.102428  274
30.104820  84
30.109864  386
30.118733  97
30.142649  68
30.197433  95
30.232515  240
30.243556  390
30.249614  395
30.275835  74
30.295665  80
30.297817  264
30.302461  262
30.316976  535
30.325726  85
30.329911  536
30.340553  79
30.343065  96
30.347390  391
30.350501  89
30.355720  69
30.407607  387
30.413565  77
30.415178  130
30.428792  233
30.431723  523
30.436407  256
30.438080  73
30.447428  125
30.461371  92
30.467202  68
30.503611  88
30.528511  226
30.541565  88
30.546109  528
30.550054  82
30.555881  88
30.611562  236
30.655593  77
30.683599  74
30.690656  71
30.706941  84
30.742237  86
30.756430  78
30.763886  74
30.789131  371
30.803977  47
30.824686  244
30.850576  61
30.857390  507
30.859543  519
30.872517  63
30.875089  82
30.881773  74
30.906793  517
30.928941  370
30.937630  57
30.940816  56
30.947433  55
30.951598  232
30.954649  54
30.973868  106
30.985636  39
30.989781  102
30.995819  53
30.998970  46
31.001602  46
31.004294  42
31.014443  25
31.017015  1
31.019227  9
31.021879  17
31.024171  0
31.025864  451
31.057155  138
31.059507  290
31.065425  289
31.071343  425
31.085036  160
31.098534  283
31.103498  0
31.123556  0
31.138812  0
31.181008  4
31.192689  0
31.215340  0
31.228462  447
31.259542  293
31.262653  0
31.265045  298
31.307340  5
31.313597  437
31.349538  427
31.374207  291
31.392193  35
31.405093  170
31.412190  163
31.426403  33
31.441670  400
31.471823  103
31.473436  252
31.491087  400
31.507142  138
31.518424  0
31.524861  0
31.594155  0
31.659832  94
31.663198  90
31.665690  89
31.681911  355
31.683604  357
31.737561  208
31.765763  333
31.793279  339
31.822799  40
31.825471  190
31.833881  324
31.850421  60
31.994347  48
32.010274  307
32.014020  313
32.082638  297
32.085889  159
32.112685  303
32.138894  5
32.146490  157
32.148223  294
32.164764  31
32.412119  28
32.420170  30
32.433564  2
32.473334  1
32.479372  304
32.485961  330
32.512272  299
32.539622  326
32.594353  17
32.639774  31
32.650317  23
32.658508  27
32.660780  37
32.701437  16
32.740529  335
32.765086  55
32.775849  347
32.781627  55
32.807163  37
32.814159  38
32.816312  342
32.833551  31
32.841610  29
32.843283  34
32.856917  38
32.858690  348
32.871305  360
32.884408  1
32.886321  346
32.901029  65
32.911252  354
32.924860  11
32.944891  32
32.962959  34
32.967065  51
32.988787  16
33.007624  31
33.016673  58
33.038757  56
33.051991  19
33.056756  31
33.067299  55
33.085139  365
33.096262  47
33.107343  56
33.109975  78
33.149123  366
33.155780  37
33.169015  59
33.170808  62
33.175540  373
33.206073  57
33.239615  45
33.246552  73
33.248145  82
33.251376  61
33.265769  61
33.277273  66
33.285343  379
33.287536  32
33.307966  198
33.316636  85
33.333187  378
33.385078  92
33.405537  39
33.418711  91
33.436576  60
33.458779  106
33.467229  58
33.478625  44
33.507071  53
33.526204  66
33.537446  76
33.546515  386
33.550701  108
33.567981  401
33.576491  385
33.585241  44
33.591678  405
33.600108  69
33.619464  406
33.621956  112
33.624109  78
33.634650  117
33.660841  95
33.670031  404
33.679161  60
33.689664  124
33.691597  50
33.693350  93
33.699308  92
33.708138  101
33.709771  96
33.717107  199
33.721132  414
33.725597  80
33.739650  415
33.741463  411
33.746467  214
33.761810  132
33.781050  232
33.802075  43
33.809625  89
33.815048  96
33.822449  100
33.824402  92
33.839628  64
33.851651  123
33.876706  103
33.914825  109
33.917971  111
33.927350  229
33.929922  90
33.970139  78
33.979069  149
33.988598  418
33.990411  113
33.998461  152
34.027802  419
34.034260  83
34.035873  113
34.059256  129
34.069639  113
34.074084  423
34.082394  131
34.113002  422
34.144099  116
34.160913  116
34.163205  118
34.168129  117
34.170022  264
34.174727  425
34.177678  114
34.179371  96
34.201271  424
34.209390  433
34.213535  153
34.217620  252
34.235159  165
34.241916  277
34.254391  93
34.280770  111
34.282763  113
34.291460  125
34.314319  99
34.316811  132
34.341363  117
34.364620  131
34.387721  130
34.390333  125
34.490182  442
34.531871  148
34.539117  109
34.541789  439
34.549899  150
34.558549  126
34.560841  452
34.568032  170
34.602930  446
34.607894  138
34.614171  456
34.620449  283
34.623695  148
34.626147  108
34.639926  135
34.657232  154
34.665502  134
34.667075  137
34.674811  132
34.676844  458
34.682202  117
34.684914  289
34.693884  460
34.700482  177
34.706940  472
34.735142  183
34.743300  293
34.747385  471
34.756055  195
34.782292  146
34.784864  141
34.810447  126
34.817778  175
34.871538  134
34.873790  155
34.893521  133
34.897251  154
34.902839  295
34.908203  158
34.927323  472
34.944244  154
34.971911  175
35.001034  157
35.003227  214
35.009245  473
35.022759  174
35.024552  176
35.034095  169
35.042549  135
35.046095  179
35.048048  484
35.069140  153
35.075278  163
35.089067  175
35.093551  499
35.097836  202
35.172425  484
35.178343  177
35.188451  210
35.190643  180
35.201365  510
35.204991  191
35.211775  161
35.214826  338
35.225228  501
35.252853  192
35.270632  214
35.272385  331
35.279676  514
35.294228  164
35.316927  200
35.357858  190
35.365274  204
35.368660  218
35.390744  213
35.399728  182
35.415039  185
35.424109  338
35.429732  168
35.431904  205
35.437822  169
35.467837  338
35.482365  510
35.490875  237
35.500438  194
35.509946  204
35.520559  194
35.522512  234
35.530782  497
35.537520  203
35.543158  192
35.545510  203
35.558925  199
35.566002  504
35.578257  199
35.584734  184
35.589079  495
35.598863  192
35.617582  354
35.646370  190
35.675212  187
35.740893  212
35.757714  360
35.776472  500
35.784962  361
35.810138  207
35.818648  507
35.838660  198
35.902587  210
35.931428  204
35.939603  215
36.015256  515
36.052685  213
36.061894  194
36.064106  248
36.082983  199
36.085695  214
36.105296  506
36.107029  208
36.116777  217
36.120323  197
36.123274  515
36.132703  206
36.134416  213
36.142746  514
36.162828  208
36.203609  212
36.208953  213
36.210686  208
36.213278  205
36.222067  203
36.227825  504
36.230357  201
36.244529  503
36.246102  195
36.249896  196
36.271632  503
36.279863  182
36.289192  191
36.296848  187
36.307056  358
36.311201  503
36.322223  197
36.335537  236
36.342154  502
36.363884  203
36.375155  200
36.396032  209
36.397745  202
36.413815  187
36.435241  198
36.454585  202
36.496106  365
36.590554  208
36.601875  213
36.608132  229
36.634626  220
36.655395  219
36.706268  506
36.724514  535
36.772103  211
36.786830  230
36.806721  529
36.809413  236
36.813985  197
36.820662  218
36.827220  539
36.833162  203
36.835614  228
36.837427  205
36.839719  215
36.849827  535
36.858896  359
36.861348  528
36.868434  214
36.877942  383
36.881288  381
36.883880  523
36.886472  240
36.901504  260
36.915441  218
36.938807  227
36.940500  226
36.952760  208
36.964721  222
36.966414  223
36.969006  212
36.985883  214
37.002735  215
37.012678  212
37.022765  369
37.025297  185
37.031444  510
37.036847  207
37.075713  511
37.083247  218
37.094289  367
37.096322  509
37.107691  249
37.112016  208
37.115227  206
37.117819  197
37.120431  196
37.143094  500
37.149072  191
37.151524  249
37.165836  210
37.178224  197
37.202499  209
37.217086  210
37.219578  207
37.222868  209
37.245551  206
37.277902  208
37.280554  204
37.283146  204
37.292875  193
37.295187  190
37.302663  493
37.318010  195
37.319583  184
37.327159  221
37.333736  189
37.336328  496
37.338640  495
37.341072  171
37.342745  168
37.345696  178
37.350928  351
37.356212  494
37.362289  344
37.364242  344
37.366394  487
37.371018  171
37.382674  481
37.385106  213
37.399938  175
37.401711  213
37.407773  175
37.428863  176
37.438651  155
37.445967  166
37.447780  157
37.449353  168
37.463326  160
37.486934  166
37.493991  163
37.502361  325
37.504953  143
37.507066  325
37.509478  465
37.516043  157
37.521641  139
37.547719  454
37.555075  158
37.563025  449
37.566156  447
37.573232  183
37.577636  146
37.592009  131
37.597932  436
37.605168  127
37.609413  175
37.622073  139
37.628670  136
37.633415  123
37.638699  436
37.651782  128
37.654813  118
37.660871  124
37.663163  123
37.682380  122
37.684353  281
37.685946  115
37.694876  96
37.704918  116
37.714870  120
37.719454  118
37.722006  118
37.723599  113
37.726051  270
37.743810  108
37.748015  106
37.751501  141
37.753114  102
37.758218  106
37.762183  84
37.766968  93
37.769121  264
37.771453  400
37.778010  252
37.800914  132
37.803466  132
37.820219  99
37.837971  96
37.844867  75
37.850945  82
37.866461  85
37.892770  95
37.905785  243
37.909251  72
37.918081  60
37.943438  76
37.952108  63
37.956813  375
37.959045  375
37.963769  107
37.969747  73
37.979375  61
37.989829  374
38.012481  72
38.024323  60
38.029247  378
38.043041  70
38.047526  61
38.056575  71
38.076286  71
38.081170  50
38.119126  88
38.123651  87
38.125264  74
38.167125  243
38.178741  239
38.226075  54
38.240483  54
38.267107  63
38.282118  53
38.292705  37
38.317009  62
38.324066  46
38.330124  356
38.332776  53
38.339054  92
38.366548  221
38.373213  373
38.394024  48
38.406879  54
38.421887  70
38.427845  52
38.449230  70
38.453555  60
38.492336  232
38.519005  61
38.556689  66
38.639876  66
38.677766  70
38.713520  75
38.773676  62
38.778795  71
38.795595  87
38.807164  90
38.808857  67
38.820525  90
38.829694  73
38.862675  83
38.868933  71
38.890638  72
38.914075  78
38.930116  82
38.944943  71
38.969047  76
38.973512  72
38.975784  55
38.982281  73
38.997468  82
39.007032  381
39.020581  389
39.050640  63
39.113548  87
39.117833  51
39.153752  104
39.161308  78
39.170318  368
39.174763  385
39.179108  111
39.190070  94
39.196408  100
39.212708  229
39.219465  108
39.223271  403
39.229549  108
39.233554  90
39.238498  103
39.256158  106
39.270091  107
39.276788  71
39.281293  81
39.287851  107
39.294468  54
39.296361  98
39.311138  92
39.317935  53
39.352744  110
39.359261  107
39.365239  117
39.373199  108
39.376170  109
39.388885  410
39.391537  123
39.396896  109
39.410270  108
39.421786  409
39.424258  233
39.433627  269
39.435580  257
39.451568  414
39.467261  133
39.486214  84
39.532389  78
39.553020  105
39.554653  89
39.578130  117
39.595019  113
39.616589  413
39.627372  148
39.636582  106
39.641046  108
39.642679  109
39.652842  111
39.659659  119
39.665657  262
39.697464  121
39.701969  105
39.704141  113
39.722419  119
39.726605  110
39.738860  121
39.741472  107
39.775817  109
39.826177  125
39.837866  130
39.842091  118
39.844343  418
39.863076  119
39.876830  114
39.885480  115
39.891578  125
39.934849  427
39.955234  114
39.972004  134
39.986631  96
40.024369  134
40.032659  98
40.055776  148
40.065364  130
40.067037  126
40.071642  428
40.082495  149
40.098976  429
40.112989  161
40.115022  450
40.126643  138
40.130828  125
40.135133  154
40.143723  157
40.150321  289
40.154885  147
40.160743  158
40.168818  454
40.174216  157
40.190123  154
40.216132  125
40.218404  156
40.220936  133
40.231099  143
40.238515  156
40.242521  117
40.253922  127
40.255995  148
40.267157  121
40.274014  145
40.275747  116
40.289641  149
40.306122  162
40.319196  152
40.321688  165
40.330757  462
40.332850  165
40.341780  146
40.344966  166
40.347378  151
40.368922  147
40.375080  164
40.379585  163
40.382277  297
40.390448  162
40.399058  311
40.410275  463
40.421941  465
40.426066  182
40.441433  189
40.456821  142
40.461386  169
40.465491  167
40.477076  141
40.529853  153
40.548431  180
40.550843  171
40.559633  178
40.568462  167
40.572168  176
40.588094  470
40.607486  315
40.617649  197
40.621175  161
40.630544  162
40.632177  167
40.651002  173
40.660291  313
40.668781  176
40.689827  142
40.697358  181
40.709797  183
40.721138  191
40.738698  168
40.755838  187
40.762316  155
40.769413  169
40.786093  182
40.788286  162
40.857377  194
40.867300  183
40.883321  170
40.887766  325
40.889479  172
40.908466  194
40.910099  173
40.917595  325
40.919288  333
40.928437  472
40.937067  197
40.939499  334
40.959844  492
40.971046  204
40.979956  205
41.013402  172
41.077443  211
41.084200  472
41.103493  204
41.125784  202
41.141630  177
41.146102  207
41.148234  480
41.159276  505
41.165874  532
41.180475  217
41.191557  204
41.201066  212
41.205371  223
41.217192  233
41.221936  347
41.230533  205
41.234897  215
41.243127  227
41.257100  226
41.266329  219
41.278744  222
41.283928  196
41.289219  189
41.301375  227
41.306538  184
41.317160  197
41.328881  187
41.340223  181
41.354951  340
41.365734  251
41.370039  228
41.374951  213
41.391564  209
41.416466  367
41.427415  229
41.435330  210
41.436923  225
41.439874  220
41.447150  224
41.461823  220
41.476417  370
41.478170  372
41.497182  218
41.499474  231
41.508404  229
41.531453  253
41.544394  209
41.546726  257
41.557308  218
41.560754  228
41.574388  201
41.590474  232
41.630444  207
41.648522  229
41.650994  214
41.660497  378
41.673316  227
41.682045  224
41.688802  228
41.762068  230
41.764680  219
41.772770  222
41.782179  234
41.798285  236
41.822833  234
41.828571  224
41.854492  234
41.857084  233
41.872465  230
41.922422  228
41.925134  222
41.927646  227
41.941099  232
41.946163  223
41.985918  228
41.991222  232
41.996026  231
42.000770  231
42.005689  220
42.007402  224
42.032855  228
42.042663  217
42.084016  233
42.089854  214
42.111182  226
42.113634  229
42.177804  208
42.185041  226
42.196382  217
42.197975  231
42.211248  226
42.237874  233
42.275715  234
42.278047  232
42.295651  219
42.302628  219
42.309744  229
42.320626  379
42.324651  225
42.327023  210
42.359019  210
42.363084  223
42.371119  211
42.373711  215
42.376223  212
42.380887  214
42.389536  212
42.397771  213
42.422026  209
42.435486  206
42.458607  221
42.463331  219
42.464964  224
42.466757  217
42.472963  223
42.475974  221
42.502371  217
42.538017  205
42.541742  214
42.549677  215
42.551869  215
42.555080  214
42.560643  220
42.566441  217
42.568434  217
42.580259  215
42.584344  210
42.589248  207
42.602901  204
42.609159  188
42.611671  202
42.618447  183
42.621318  205
42.629373  204
42.634297  201
42.638182  201
42.640474  209
42.653888  180
42.689504  175
42.696101  191
42.704511  196
42.706304  181
42.713409  197
42.736535  194
42.750281  197
42.769892  198
42.789748  196
42.813429  195
42.818528  172
42.822697  183
42.832007  178
42.845160  157
42.855882  156
42.857595  164
42.862559  165
42.867563  150
42.878324  163
42.887534  163
42.891269  162
42.905202  151
42.922887  171
42.924760  149
42.941939  167
42.947662  165
42.949355  171
42.955113  169
42.957485  165
42.962369  165
42.982204  160
42.990359  167
43.001161  163
43.005765  163
43.007678  159
43.020322  153
43.032103  164
43.033676  163
43.041491  164
43.048528  165
43.058236  165
43.070537  161
43.079906  163
43.086403  160
43.096711  156
43.103868  148
43.106540  147
43.122167  132
43.155432  129
43.161810  145
43.169781  151
43.171774  137
43.185163  127
43.191320  129
43.204574  127
43.223913  112
43.226065  128
43.233162  129
43.234815  128
43.239380  128
43.241573  125
43.252475  120
43.263057  114
43.265769  113
43.281896  104
43.284508  100
43.286900  82
43.291165  100
43.292878  99
43.295071  99
43.301748  94
43.306879  94
43.310924  91
43.324685  86
43.344577  81
43.358152  93
43.360205  94
43.362877  99
43.367742  98
43.377298  98
43.395737  94
43.403008  84
43.426570  76
43.430615  79
43.435360  76
43.440065  84
43.444390  79
43.446522  80
43.452959  78
43.454532  77
43.464168  74
43.471524  77
43.477822  77
43.492569  68
43.494282  66
43.506577  43
43.535507  43
43.543916  57
43.560336  55
43.564761  51
43.578429  56
43.605670  54
43.615753  59
43.622251  60
43.624783  59
43.629548  58
43.640670  42
43.655018  53
43.659043  36
43.667513  46
43.676843  49
43.688565  41
43.690458  36
43.695622  36
43.714844  33
43.731384  50
43.774461  39
43.780819  28
43.786457  37
43.791122  36
43.795307  39
43.799592  38
43.801465  40
43.817212  33
43.860262  46
43.873477  30
43.919598  47
43.937824  57
43.948067  54
43.952272  56
43.961041  53
43.975654  52
44.164059  45
44.199898  52
44.208089  53
44.246814  30
44.276408  37
44.285896  47
44.317044  51
44.319157  49
44.337959  64
44.348566  66
44.360208  37
44.385697  68
44.400825  56
44.417345  36
44.419557  43
44.425844  41
44.451814  50
44.471153  48
44.494938  45
44.547437  59
44.564464  44
44.568249  44
44.578481  60
44.585847  54
44.605379  50
44.618454  53
44.629157  91
44.644045  48
44.659792  54
44.697243  49
44.700629  54
44.706706  61
44.711291  70
44.717169  56
44.762379  75
44.796713  50
44.823242  113
44.826728  49
44.840633  65
44.842326  123
44.846631  70
44.860779  64
44.863051  87
44.879117  109
44.880690  73
44.886987  89
44.913596  92
44.939146  80
44.956086  60
45.013791  64
45.018735  58
45.029697  98
45.037348  77
45.044764  88
45.059911  109
45.068601  103
45.073585  88
45.081176  107
45.091978  70
45.109737  100
45.118567  95
45.144696  96
45.155718  114
45.159024  116
45.169693  88
45.181429  134
45.184041  100
45.211290  126
45.213403  88
45.220560  117
45.226138  82
45.235288  118
45.242705  128
45.244798  111
45.266304  129
45.277467  114
45.283465  134
45.285558  111
45.296400  120
45.302038  88
45.306463  138
45.325536  104
45.335879  124
45.348254  132
45.350127  104
45.354192  118
45.372318  119
45.389857  124
45.405045  112
45.420352  130
45.453978  120
45.481858  70
45.495133  128
45.501311  125
45.521742  135
45.533787  136
45.541423  138
45.543356  135
45.547901  137
45.571737  138
45.578254  124
45.605543  119
45.609868  125
45.648094  132
45.652359  135
45.656264  122
45.659579  162
45.687352  164
45.691977  140
45.698754  167
45.721260  141
45.740051  144
45.754465  112
45.767100  145
45.768953  125
45.781786  180
45.783379  133
45.788383  128
45.800039  173
45.806636  137
45.808429  173
45.815006  129
45.827126  140
45.833404  146
45.848930  132
45.852396  161
45.858139  157
45.907947  146
45.920162  134
45.941746  104
45.981393  160
45.990986  150
46.005799  171
46.011997  164
46.037148  166
46.043426  163
46.045558  173
46.049983  167
46.062299  132
46.078859  163
46.125759  170
46.153208  144
46.154841  159
46.156594  163
46.181190  133
46.214437  156
46.222288  167
46.234727  166
46.252626  136
46.263028  155
46.282680  187
46.289697  165
46.291710  156
46.308056  173
46.320832  193
46.325017  195
46.327469  170
46.334860  148
46.354332  164
46.358937  172
46.379508  175
46.401194  171
46.427881  168
46.439203  180
46.500717  177
46.544196  185
46.552626  170
46.567973  180
46.569966  194
46.576923  173
46.582901  183
46.586012  179
46.597673  213
46.617984  177
46.636150  172
46.638262  182
46.647192  184
46.649884  177
46.682259  195
46.687797  175
46.700472  213
46.708782  200
46.712927  214
46.738935  188
46.768915  181
46.775213  198
46.779978  184
46.786116  203
46.792554  202
46.797359  217
46.801584  190
46.815018  188
46.823868  194
46.841027  230
46.845092  182
46.847045  184
46.849098  193
46.865025  199
46.868970  191
46.877520  233
46.888423  202
46.893447  211
46.913419  212
46.922569  216
46.934151  197
46.938376  207
46.961678  217
46.963791  220
46.967616  225
46.982023  210
46.995897  224
47.010943  188
47.019532  189
47.026349  215
47.037032  215
47.070492  212
47.128039  229
47.139721  226
47.146478  220
47.148291  218
47.150244  222
47.155268  226
47.161406  228
47.172987  221
47.177572  221
47.189368  217
47.203241  218
47.205134  229
47.251767  222
47.255477  220
47.259383  214
47.273683  228
47.290783  237
47.293974  238
47.310819  242
47.332274  229
47.334566  240
47.346127  221
47.347860  236
47.353164  237
47.377381  231
47.381546  230
47.397891  218
47.404368  231
47.422341  235
47.436354  211
47.481789  218
47.526134  227
47.531278  231
47.562555  239
47.656279  229
47.683834  242
47.687859  241
47.690351  239
47.694676  240
47.702172  235
47.706517  236
47.709169  233
47.717379  224
47.728241  229
47.768219  233
47.771365  211
47.774356  239
47.824224  227
47.858392  232
47.870647  238
47.874532  245
47.889088  235
47.915887  235
47.957518  243
47.959970  245
47.962582  240
47.976375  233
47.981079  250
47.990248  251
48.004001  224
48.010405  241
48.033427  226
48.035719  242
48.044369  227
48.057623  240
48.065808  228
48.078662  230
48.085519  227
48.096972  242
48.109676  243
48.116672  233
48.118325  244
48.137417  246
48.142960  235
48.154102  245
48.156913  253
48.224039  254
48.230161  247
48.234426  246
48.269932  235
48.271985  256
48.274257  246
48.278981  250
48.284949  261
48.287561  252
48.290692  255
48.306451  243
48.326286  250
48.337227  247
48.339739  256
48.347115  231
48.358716  256
48.360769  248
48.378047  233
48.385483  228
48.411773  243
48.414764  237
48.417136  242
48.425846  240
48.451779  242
48.453792  245
48.456084  245
48.479367  244
48.483152  247
48.516916  242
48.532302  240
48.537386  242
48.542150  248
48.549466  247
48.559768  246
48.565291  224
48.567563  237
48.580447  219
48.599140  222
48.606796  235
48.611221  229
48.645133  231
48.652969  223
48.661319  228
48.666463  206
48.668396  228
48.675852  231
48.678244  227
48.682329  223
48.689405  218
48.695083  210
48.749243  213
48.755660  202
48.757812  206
48.769573  199
48.778202  196
48.786633  197
48.795582  197
48.799428  197
48.802120  197
48.804133  190
48.811689  184
48.816154  166
48.820758  182
48.839495  184
48.841268  162
48.843321  159
48.854722  177
48.874618  165
48.920252  186
48.964011  195
48.966723  194
48.968356  187
48.974518  165
49.001920  164
49.005071  166
49.009516  174
49.011549  173
49.018226  166
49.019939  164
49.034359  173
49.035972  154
49.040257  173
49.042689  170
49.050600  148
49.052253  165
49.063375  146
49.074497  145
49.081928  145
49.109714  147
49.120940  148
49.132001  149
49.140691  151
49.145455  146
49.161262  144
49.188211  147
49.213107  151
49.215599  143
49.234092  135
49.240849  134
49.245414  137
49.251159  137
49.255124  136
49.266885  113
49.281094  101
49.300106  126
49.322211  130
49.329407  123
49.333612  113
49.395426  124
49.397998  124
49.402762  126
49.409419  104
49.430210  107
49.432323  115
49.437247  112
49.441412  103
49.446536  106
49.450921  108
49.455406  114
49.457599  94
49.461744  109
49.472514  98
49.483736  92
49.492486  90
49.498771  94
49.513119  86
49.517204  81
49.526181  82
49.537602  83
49.555937  76
49.572918  65
49.598871  73
49.605328  71
49.631567  79
49.653360  66
49.657505  91
49.672552  66
49.674385  56
49.690565  72
49.703180  52
49.704873  68
49.717808  71
49.725024  51
49.770754  63
49.774899  60
49.781157  41
49.798477  61
49.806627  59
49.811272  55
49.813085  55
49.821595  61
49.828133  60
49.846352  54
49.998894  69
50.019367  66
50.025405  62
50.060827  49
50.177240  49
50.234830  68
50.236883  51
50.238936  66
50.251731  69
50.258268  52
50.269331  61
50.270944  67
50.285098  70
50.297493  63
50.303770  76
50.325695  80
50.332919  74
50.341189  60
50.350239  74
50.387718  80
50.454819  80
50.467514  67
50.488879  54
50.506932  77
50.520510  80
50.544075  74
50.548880  57
50.553565  74
50.603053  88
50.604986  69
50.626991  63
50.637933  87
50.657825  86
50.659678  79
50.676537  85
50.683074  92
50.685107  80
50.689612  97
50.695930  76
50.716456  97
50.745996  83
50.756184  66
50.761432  84
50.771080  118
50.776898  82
50.778551  91
50.802966  103
50.815801  83
50.841690  116
50.858450  76
50.869773  102
50.884460  87
50.888585  95
50.892850  94
50.907798  105
50.914955  96
50.919480  124
50.927970  104
50.948755  91
50.966243  110
50.988379  105
50.996155  104
51.009477  72
51.011490  77
51.015955  112
51.022433  104
51.071940  104
51.082423  113
51.093789  107
51.096900  105
51.105690  121
51.120858  129
51.134393  132
51.138438  106
51.140051  116
51.146648  108
51.150633  131
51.170113  118
51.178723  125
51.189545  133
51.196101  121
51.203672  128
51.208616  98
51.221311  106
51.223064  117
51.227848  108
51.237951  145
51.242535  135
51.253637  136
51.255490  132
51.274743  135
51.291288  125
51.316379  143
51.342963  133
51.353744  134
51.358029  135
51.377841  137
51.386670  135
51.392748  156
51.397153  137
51.399086  135
51.418318  136
51.419891  119
51.431787  131
51.455060  140
51.480148  155
51.488678  113
51.490331  135
51.507850  146
51.526622  149
51.578913  131
51.585530  133
51.591508  140
51.598685  151
51.601017  153
51.607075  136
51.611300  138
51.618152  163
51.632564  164
51.647012  140
51.651197  146
51.676094  148
51.693258  138
51.699915  143
51.701848  138
51.708425  149
51.710458  147
51.732466  150
51.737869  147
51.740561  156
51.746119  159
51.762645  155
51.768784  159
51.786144  151
51.851431  139
51.863087  151
51.867652  149
51.885578  163
51.904391  180
51.909195  157
51.927448  169
51.992889  146
52.005684  165
52.007837  158
52.094595  158
52.096168  158
52.118093  175
52.129415  184
52.131048  158
52.137473  166
52.156493  174
52.171501  150
52.175726  154
52.181584  170
52.188061  175
52.196491  196
52.219074  165
52.229636  160
52.241072  167
52.243983  166
52.250960  164
52.257637  170
52.263855  173
52.272385  198
52.274038  196
52.286353  171
52.319018  174
52.335429  199
52.364886  207
52.393148  177
52.404090  182
52.421011  187
52.427888  189
52.429901  188
52.444729  222
52.447301  185
52.451306  200
52.482798  191
52.484391  172
52.485964  175
52.506641  202
52.529984  191
52.536642  187
52.538475  200
52.545611  183
52.608244  197
52.635331  189
52.638837  199
52.643242  190
52.647467  195
52.652012  212
52.655998  205
52.667319  209
52.669731  199
52.675956  213
52.677729  201
52.691423  213
52.701451  199
52.721675  208
52.723907  219
52.756654  208
52.758227  202
52.771900  204
52.778338  205
52.788261  211
52.798368  210
52.803392  211
52.822150  212
52.829207  220
52.833652  221
52.835225  222
52.837737  220
52.858815  219
52.871734  218
52.940307  217
52.953341  225
52.970840  224
52.988819  215
53.001674  216
53.006398  221
53.018047  204
53.022831  216
53.060010  207
53.091713  212
53.098789  225
53.101001  228
53.115333  236
53.133039  216
53.221003  229
53.223595  215
53.240300  231
53.249829  204
53.289892  215
53.299600  213
53.301752  217
53.315765  221
53.329445  217
53.334609  223
53.342025  222
53.343658  218
53.362475  213
53.367539  220
53.377447  224
53.383644  226
53.408572  230
53.410285  223
53.452878  230
53.481816  222
53.500528  227
53.502301  222
53.517268  222
53.525563  224
53.534353  229
53.543782  221
53.555570  230
53.565123  210
53.578761  208
53.584439  222
53.622552  222
53.627376  199
53.631601  198
53.634153  219
53.636565  218
53.707790  206
53.710182  200
53.711755  201
53.717025  202
53.720196  204
53.735608  212
53.738180  209
53.742805  209
53.745417  205
53.754806  204
53.776774  199
53.778926  198
53.781618  195
53.788754  198
53.800694  198
53.803046  195
53.853992  209
53.859770  206
53.861543  206
53.883730  196
53.907239  216
53.927274  203
53.932817  210
53.934470  204
53.940113  208
53.959059  199
53.973127  209
53.981701  212
53.995095  215
54.043939  196
54.050556  203
54.059306  205
54.063791  199
54.075253  205
54.082490  174
54.084543  191
54.086735  195
54.095983  194
54.097656  191
54.108143  198
54.128656  192
54.131028  167
54.139178  188
54.204702  182
54.209815  180
54.215283  189
54.219309  184
54.221002  184
54.233302  186
54.242135  177
54.248972  174
54.251524  182
54.259120  172
54.268489  164
54.273233  160
54.279550  163
54.284314  162
54.291071  162
54.321837  153
54.323570  162
54.330494  177
54.340878  172
54.345383  170
54.350427  169
54.354392  158
54.356025  154
54.357838  162
54.372490  150
54.374962  153
54.377334  156
54.382782  152
54.385414  151
54.397734  156
54.399467  150
54.401979  156
54.451090  143
54.462433  134
54.476807  136
54.490209  137
54.498799  127
54.506035  134
54.510760  134
54.514685  130
54.518990  130
54.520783  131
54.530411  126
54.536054  110
54.544384  131
54.555826  133
54.576337  122
54.580762  107
54.584987  126
54.603860  110
54.633804  115
54.636236  103
54.640781  110
54.645186  108
54.647418  108
54.654215  112
54.664043  114
54.666076  105
54.685897  89
54.694826  86
54.696539  89
54.698132  85
54.716857  83
54.723974  76
54.725607  74
54.729932  78
54.734137  74
54.738302  71
54.740175  60
54.742687  71
54.752375  71
54.761045  69
54.763337  72
54.768501  68
54.771113  68
54.776791  58
54.802852  70
54.808550  58
54.847133  64
54.856956  64
54.871138  64
54.875303  48
54.877156  59
54.881361  58
54.885666  58
54.898121  63
54.899774  41
54.908684  61
54.910717  62
54.913209  39
54.921639  52
54.938619  43
54.943304  24
54.947689  43
54.951854  21
54.956998  20
54.976090  28
54.979276  22
54.986892  30
54.991823  29
54.994475  30
54.999180  35
55.005889  26
55.013313  28
55.024376  29
55.028621  35
55.030214  16
55.057777  22
55.059430  14
55.072884  26
55.077029  25
55.083606  20
55.086118  14
55.112108  35
55.118925  30
55.131794  33
55.150252  43
55.227556  27
55.240284  38
55.250507  10
55.262842  9
55.289791  30
55.302926  39
55.341370  38
55.393389  37
55.420872  15
55.427190  29
55.431755  18
55.437139  33
55.448001  25
55.452566  31
55.460816  34
55.480158  26
55.491399  25
55.558948  29
55.566699  28
55.570724  29
55.576067  25
55.580412  28
55.584177  27
55.593207  26
55.597552  6
55.606162  29
55.627921  19
55.642234  5
55.658427  14
55.694645  27
55.706287  37
55.738497  22
55.797410  26
55.799203  32
55.803868  29
55.806440  30
55.808932  37
55.925587  28
55.939381  26
55.945579  33
55.949984  35
55.953250  48
55.964252  52
55.980592  36
55.997137  23
56.041959  34
56.095013  52
56.108008  52
56.129079  42
56.153774  25
56.160985  24
56.167901  43
56.185500  55
56.190824  36
56.192837  33
56.236276  20
56.239522  38
56.242693  28
56.254389  48
56.288478  30
56.326595  46
56.332378  70
56.341382  54
56.358481  74
56.365238  77
56.373108  92
56.374941  73
56.379286  32
56.383631  39
56.393280  47
56.394853  96
56.403986  39
56.411901  92
56.422883  52
56.435523  55
56.439388  41
56.447279  60
56.458820  66
56.507813  34
56.509846  99
56.513831  71
56.525293  96
56.530138  41
56.532570  101
56.545145  60
56.552876  53
56.560192  74
56.575329  98
56.594862  58
56.598827  66
56.605864  96
56.607517  69
56.614973  105
56.616966  101
56.626220  109
56.637641  69
56.669258  71
56.677069  73
56.686418  79
56.724111  76
56.729649  68
56.762175  73
56.769726  89
56.774790  101
56.779235  90
56.792570  103
56.797255  101
56.812663  77
56.817008  70
56.820214  118
56.837099  100
56.843357  124
56.850035  77
56.859771  121
56.875278  102
56.879643  109
56.890325  96
56.901827  82
56.906132  101
56.914482  84
56.918707  112
56.924666  123
56.944762  32
56.962035  133
56.973651  126
56.977623  77
56.982088  103
56.994131  132
56.999295  105
57.005213  113
57.037600  123
57.045790  153
57.059225  91
57.064249  104
57.080869  139
57.084535  109
57.086707  124
57.094877  151
57.127983  155
57.143351  110
57.156585  106
57.162943  71
57.173885  108
57.192718  112
57.243419  115
57.252050  134
57.277385  127
57.279398  149
57.289221  104
57.290874  140
57.300942  138
57.304788  157
57.306421  119
57.311126  161
57.312939  149
57.323921  129
57.326093  164
57.343613  133
57.347938  110
57.351524  162
57.358181  138
57.368803  150
57.374881  138
57.387301  119
57.393399  136
57.399437  163
57.415982  121
57.417915  166
57.440619  98
57.447716  166
57.466849  151
57.469800  114
57.474085  145
57.496576  145
57.515708  157
57.535361  150
57.545485  181
57.552596  131
57.573575  159
57.575268  143
57.579053  163
57.585650  154
57.588322  178
57.612968  180
57.665595  158
57.690631  161
57.719292  160
57.746075  159
57.762061  166
57.775296  169
57.783684  152
57.799032  176
57.803577  172
57.806009  174
57.809834  141
57.813959  178
57.818444  178
57.820077  170
57.822329  189
57.834250  179
57.836562  178
57.847825  145
57.861000  189
57.868931  161
57.874589  189
57.876342  142
57.897133  174
57.901398  167
57.902991  156
57.905703  162
57.909449  190
57.917560  162
57.934385  191
57.962703  157
57.995167  173
58.000895  167
58.016766  180
58.035184  168
58.047959  181
58.054396  168
58.065832  183
58.078527  216
58.085384  180
58.097379  178
58.118090  206
58.131284  184
58.135289  181
58.147269  215
58.192635  177
58.202050  221
58.212228  197
58.229073  198
58.231066  191
58.261585  182
58.272956  193
58.293322  190
58.305218  185
58.330088  213
58.335132  193
58.343463  208
58.347988  222
58.356558  221
58.366466  199
58.368619  237
58.372944  177
58.377569  227
58.388319  242
58.398362  203
58.400614  192
58.410462  243
58.416999  181
58.435365  200
58.439531  217
58.447741  237
58.458543  241
58.464561  224
58.479308  182
58.497909  198
58.500601  245
58.514774  248
58.522824  196
58.530380  219
58.534366  247
58.552325  199
58.564880  215
58.576676  238
58.578749  229
58.585566  228
58.587838  232
58.618114  221
58.623093  234
58.641531  218
58.647069  221
58.664756  210
58.669261  215
58.671793  227
58.685015  227
58.692172  232
58.694365  228
58.722823  235
58.734304  239
58.741660  203
58.775099  241
58.790825  239
58.793117  222
58.797542  235
58.950067  228
58.954372  244
58.956385  252
58.960730  232
58.974444  251
58.977116  252
58.981281  244
58.986105  252
58.988557  256
59.007975  228
59.018337  251
59.022981  238
59.042393  235
59.067502  249
59.081549  237
59.096442  230
59.114660  226
59.135511  236
59.149779  243
59.160902  250
59.163614  257
59.196081  259
59.200206  246
59.207682  262
59.212946  257
59.217031  261
59.223908  238
59.232339  238
59.240576  232
59.242968  255
59.255883  243
59.264693  255
59.267045  248
59.278566  249
59.285443  245
59.299656  243
59.307846  249
59.342151  258
59.348748  251
59.359211  252
59.365848  253
59.426544  256
59.445416  250
59.457737  246
59.466867  253
59.472051  249
59.475366  254
59.496057  257
59.517646  248
59.519998  256
59.521571  234
59.527289  254
59.535004  258
59.536677  252
59.553741  253
59.558326  257
59.562750  256
59.578331  234
59.592982  251
59.595494  253
59.639170  241
59.665198  253
59.667530  246
59.682704  250
59.698619  258
59.724834  223
59.756178  256
59.800081  255
59.810488  254
59.819697  272
59.830667  245
59.849539  255
59.853784  252
59.865525  267
59.883763  259
59.889246  267
59.898655  264
59.939296  254
59.954178  249
59.961693  249
59.978997  255
59.984648  253
