# t(s) QueuingDelay(ms)
10.210863  3
10.222085  4
10.235000  16
10.241178  14
10.252028  9
10.273813  13
10.290424  17
10.292537  21
10.305872  23
10.308124  29
10.335568  29
10.339993  33
10.371001  31
10.379452  74
10.386769  36
10.445916  60
10.514483  99
10.531867  1
10.549626  107
10.551539  138
10.559235  166
10.573495  17
10.590494  185
10.607165  121
10.635239  187
10.645174  19
10.649479  90
10.668211  144
10.670344  198
10.672536  39
10.690207  155
10.695286  60
10.697918  205
10.710672  114
10.722653  126
10.724846  219
10.729191  236
10.744266  212
10.752996  128
10.759444  236
10.785465  310
10.797507  243
10.801952  132
10.812306  132
10.814898  346
10.827554  376
10.838296  408
10.845573  159
10.868120  420
10.875870  93
10.896361  117
10.926327  422
10.962628  151
10.967272  441
10.978968  301
10.994241  311
11.003431  154
11.005024  253
11.013674  200
11.022743  264
11.025900  213
11.036978  233
11.039330  468
11.062576  474
11.065088  326
11.073098  238
11.083641  241
11.089898  504
11.100281  434
11.107378  549
11.118040  447
11.127010  343
11.128683  481
11.143690  553
11.150926  543
11.161450  499
11.175389  508
11.182026  118
11.200667  514
11.277010  473
11.281155  535
11.289465  481
11.295503  540
11.320764  604
11.335371  542
11.344281  561
11.362080  46
11.363833  627
11.384584  636
11.396760  576
11.401385  126
11.423050  667
11.436644  679
11.438717  136
11.445374  261
11.458468  438
11.464346  173
11.466159  613
11.473136  450
11.479334  690
11.498386  706
11.525709  217
11.529774  667
11.532386  326
11.544961  344
11.569337  670
11.579860  670
11.589389  359
11.594074  689
11.607328  469
11.609061  693
11.634157  520
11.636369  186
11.656308  533
11.664139  215
11.667625  630
11.696925  707
11.709145  549
11.727979  565
11.732603  731
11.765650  590
11.767563  663
11.779445  784
11.785183  604
11.800190  593
11.806728  614
11.811013  673
11.826200  637
11.837062  651
11.841427  735
11.851530  451
11.855855  748
11.859800  124
11.874713  145
11.888831  292
11.890524  458
11.910616  866
11.925688  640
11.942062  878
11.963732  790
11.965545  876
11.980891  791
11.984996  867
11.994525  866
12.002201  806
12.041610  911
12.060035  182
12.066872  921
12.093261  939
12.152598  353
12.166326  464
12.182720  575
12.187425  378
12.205312  771
12.244583  612
12.264922  379
12.290930  650
12.313249  657
12.411348  951
12.422351  374
12.424544  862
12.443922  654
12.459903  968
12.475631  396
12.483187  1079
12.484880  673
12.489944  883
12.498653  867
12.502159  677
12.511448  428
12.536166  777
12.540791  1033
12.556504  790
12.574203  1050
12.583012  760
12.600951  1103
12.609301  1141
12.685359  1098
12.694469  1153
12.713641  805
12.791994  809
12.804490  401
12.849318  438
12.883074  810
12.928737  499
12.968975  526
12.991479  669
13.007506  809
13.015976  1161
13.031083  1230
13.040154  461
13.082563  1049
13.091792  1181
13.094084  1269
13.098469  760
13.102874  760
13.112263  1090
13.132475  1042
13.164822  1181
13.170860  1305
13.173472  1305
13.184574  776
13.187226  1072
13.202161  789
13.204214  1227
13.208539  1219
13.224465  1216
13.252473  1217
13.255324  1214
13.257516  1198
13.267664  1157
13.271849  1152
13.273482  1152
13.287136  492
13.353429  516
13.357214  1131
13.359766  1085
13.361399  1082
13.366123  993
13.380656  989
13.384821  984
13.409931  563
13.418540  1325
13.433448  1335
13.485378  1349
13.500485  832
13.511348  983
13.551525  909
13.567231  588
13.591442  606
13.593674  886
13.622969  1107
13.657574  939
13.673401  1109
13.686315  8
13.703116  46
13.740268  946
13.771802  1378
13.825101  966
13.828327  869
13.834604  999
13.861994  989
13.867257  1337
13.890315  824
13.937251  834
13.951025  836
13.957183  881
13.997197  951
14.004673  956
14.009277  152
14.031006  155
14.074303  957
14.079247  544
14.089235  976
14.099597  557
14.104161  943
14.125085  841
14.157065  877
14.169767  858
14.210842  615
14.216969  1007
14.246736  739
14.257438  784
14.268365  879
14.303776  51
14.313964  881
14.329787  719
14.366922  684
14.369454  75
14.384293  81
14.409617  681
14.487086  999
14.495190  990
14.501550  676
14.520543  979
14.528114  972
14.535299  672
14.539404  87
14.630910  960
14.653956  688
14.692218  949
14.699234  163
14.749310  964
14.759233  950
14.778150  150
14.794955  148
14.810540  901
14.812173  859
14.937996  868
14.955994  907
14.982790  918
15.002258  904
15.003911  664
15.025259  929
15.046866  932
15.118624  951
15.134390  673
15.155352  893
15.157085  962
15.187696  970
15.190328  878
15.197744  968
15.204701  965
15.227608  965
15.229820  674
15.256181  716
15.260286  879
15.265649  891
15.269614  675
15.277509  675
15.279142  671
15.285260  878
15.288251  877
15.290683  875
15.302496  875
15.304968  872
15.314117  672
15.322627  665
15.334172  686
15.372815  99
15.397314  105
15.399426  104
15.421329  681
15.539452  94
15.546988  986
15.567818  681
15.583264  27
15.615789  686
15.636953  35
15.650132  691
15.657668  963
15.660080  688
15.664605  687
15.672021  33
15.674353  962
15.678558  962
15.696501  960
15.698514  959
15.711278  959
15.713770  166
15.715703  178
15.720547  957
15.722260  189
15.724113  956
15.765104  986
15.785717  182
15.820967  182
15.831614  939
15.837437  894
15.839989  932
15.844953  33
15.853929  893
15.866389  187
15.879328  889
15.894380  6
15.895738  927
15.902335  6
15.928618  889
15.941612  872
15.963532  889
15.967524  889
15.969097  889
15.972308  873
15.974800  891
15.985727  892
15.990871  892
15.993203  875
15.995335  892
16.027302  894
16.052522  881
16.064492  896
16.069856  902
16.074780  905
16.086935  191
16.092693  192
16.096203  191
16.102445  962
16.107469  187
16.127444  962
16.130750  961
16.142296  670
16.149852  875
16.152404  958
16.156789  669
16.159700  874
16.162052  890
16.192176  869
16.200186  888
16.202338  958
16.203991  888
16.206303  887
16.227624  668
16.251700  665
16.253513  660
16.261974  656
16.266878  652
16.273355  637
16.276406  632
16.278818  64
16.290659  631
16.301106  648
16.319764  648
16.322396  63
16.335115  650
16.337327  61
16.345163  649
16.350107  649
16.359575  648
16.361468  58
16.404111  651
16.412721  652
16.418479  652
16.420831  651
16.424297  651
16.450450  0
16.458121  950
16.472061  650
16.475751  647
16.479916  646
16.490663  45
16.495407  634
16.499712  940
16.561128  7
16.574309  9
16.585761  649
16.602964  655
16.614245  659
16.624747  662
16.631324  10
16.633816  664
16.645121  941
16.654170  14
16.656442  12
16.658235  9
16.666764  141
16.669975  138
16.684859  139
16.687411  140
16.692954  139
16.705648  938
16.724295  114
16.726088  112
16.727741  107
16.737644  105
16.748326  103
16.756289  817
16.759280  813
16.760973  807
16.765218  0
16.770996  801
16.778212  92
16.790612  0
16.796370  800
16.816440  3
16.818572  0
16.825788  790
16.856977  795
16.860028  780
16.862220  778
16.866565  776
16.870570  772
16.873042  771
16.877447  770
16.882011  770
16.895943  536
16.900568  757
16.921058  785
16.924189  743
16.941908  40
16.946193  35
16.951891  34
16.953504  32
16.958368  26
16.965704  825
16.973568  518
16.984330  508
16.986802  507
16.989134  496
16.992365  713
17.011361  705
17.019431  702
17.021823  702
17.023416  700
17.029778  699
17.037633  473
17.040784  678
17.043216  472
17.052185  464
17.074377  464
17.080639  465
17.083211  0
17.084864  466
17.086477  466
17.092934  465
17.105238  485
17.106971  484
17.111915  484
17.113948  481
17.152176  487
17.156341  487
17.158933  1
17.162139  486
17.168980  1
17.172111  486
17.219301  489
17.227811  489
17.236041  490
17.247566  491
17.286761  493
17.291545  495
17.309268  495
17.321443  2
17.332944  3
17.344634  490
17.368036  1
17.376854  4
17.380560  5
17.385928  5
17.387661  2
17.391267  487
17.393340  0
17.406494  485
17.418394  485
17.425645  482
17.471074  5
17.472847  0
17.501986  783
17.551184  17
17.583014  699
17.585186  6
17.590158  7
17.598748  15
17.600721  696
17.633051  0
17.636122  3
17.648722  690
17.669991  692
17.672663  693
17.678880  694
17.680693  694
17.728042  729
17.734978  0
17.761283  4
17.766821  0
17.779640  458
17.814859  642
17.832205  0
17.922118  0
17.933819  593
18.015610  1
18.023425  2
18.030126  5
18.068904  5
18.074607  6
18.088227  312
18.104477  587
18.108802  586
18.132760  0
18.178373  372
18.208006  402
18.234644  118
18.250390  304
18.298755  319
18.313507  0
18.422445  15
18.440890  321
18.540010  240
18.564090  7
18.565683  17
18.567276  281
18.593631  22
18.600552  3
18.626103  243
18.740603  42
18.744808  40
18.749173  38
18.808644  322
18.821360  347
18.852613  0
18.857078  1
18.874719  0
18.894775  238
18.912841  237
18.923663  279
18.936817  275
18.945986  0
18.950611  18
18.984435  226
19.081566  3
19.092135  360
19.126407  40
19.134836  42
19.142133  52
19.153774  19
19.155627  54
19.165136  343
19.190612  19
19.229730  59
19.240932  22
19.323272  13
19.330529  16
19.398964  62
19.462689  22
19.501013  41
19.552043  70
19.588042  74
19.608633  119
19.617063  130
19.618956  1
19.626033  34
19.632051  130
19.645526  354
19.647579  48
19.658740  40
19.682898  389
19.684811  80
19.698404  395
19.704741  44
19.706854  450
19.711039  24
19.734063  49
19.746578  51
19.811305  54
19.821747  28
19.841279  33
19.887844  234
19.899845  56
19.904669  155
19.906842  196
19.913239  194
19.917434  193
19.927841  285
19.932086  126
19.939642  72
19.946180  287
19.950924  74
19.979426  96
19.987496  118
20.050268  335
20.104969  311
20.111266  148
20.116989  148
20.123746  169
20.125639  163
20.130583  178
20.137420  179
20.141405  106
20.146349  176
20.159204  136
20.185093  198
20.191291  145
20.214350  164
20.216023  455
20.236095  122
20.238248  139
20.246119  152
20.263498  502
20.265211  177
20.280818  130
20.331568  378
20.338545  142
20.356753  124
20.363890  162
20.367855  133
20.428034  348
20.459085  373
20.483316  207
20.495716  170
20.530964  181
20.544198  171
20.596765  180
20.612226  414
20.651989  459
20.683508  399
20.690425  188
20.697382  200
20.706431  228
20.710976  233
20.718173  162
20.724371  236
20.726563  184
20.730968  201
20.751539  203
20.758775  217
20.764403  253
20.772318  173
20.778616  268
20.785393  533
20.791021  218
20.798492  229
20.823671  537
20.827876  236
20.834493  198
20.837125  183
20.848368  550
20.907705  274
20.911650  434
20.918308  184
20.932116  164
20.957652  374
20.961218  214
20.965443  217
20.968015  404
20.976765  462
20.980990  505
20.989185  508
20.991358  213
20.997136  226
21.025585  229
21.039459  230
21.042785  256
21.064161  66
21.070479  387
21.086085  75
21.114618  268
21.124585  207
21.138059  205
21.144597  239
21.163610  227
21.170947  222
21.281586  80
21.326227  558
21.335636  442
21.348171  281
21.355467  303
21.360711  305
21.381346  226
21.406896  270
21.410222  277
21.430961  560
21.434966  299
21.441584  231
21.460758  229
21.482983  630
21.484756  285
21.492746  223
21.498604  237
21.532184  496
21.538822  456
21.559767  501
21.563992  274
21.585642  236
21.602138  513
21.620298  514
21.632599  517
21.645433  307
21.655836  272
21.659067  301
21.698212  83
21.699925  273
21.717032  304
21.730067  119
21.758573  402
21.761125  124
21.778904  125
21.847229  277
21.851375  306
21.853507  299
21.939328  306
21.971656  131
21.976221  511
21.991907  523
21.993880  581
22.008547  644
22.019868  315
22.021561  630
22.025466  318
22.032343  566
22.036408  318
22.038740  307
22.049783  350
22.055581  355
22.072055  308
22.074148  362
22.089675  324
22.103323  632
22.124113  348
22.135295  350
22.171294  355
22.172907  669
22.181576  304
22.183329  329
22.184942  344
22.223654  491
22.258274  327
22.260467  531
22.270136  536
22.273882  565
22.276534  577
22.289929  321
22.336300  354
22.364460  356
22.373330  342
22.407709  134
22.420823  145
22.431086  159
22.434452  362
22.439316  166
22.454883  552
22.458129  163
22.472135  567
22.478673  407
22.485530  479
22.492308  532
22.504943  580
22.518237  340
22.530273  581
22.555213  367
22.563475  330
22.573438  348
22.673213  159
22.711675  652
22.735700  658
22.755715  672
22.757328  678
22.759620  611
22.781428  367
22.796920  391
22.805949  398
22.821021  403
22.826325  354
22.828058  326
22.849562  371
22.872596  377
22.875248  377
22.877361  673
22.883558  395
22.894904  356
22.912666  721
22.917370  406
22.922174  355
22.932077  365
22.937688  373
22.939900  723
22.964775  374
22.974144  643
23.017716  358
23.027185  371
23.028938  583
23.040998  616
23.044923  616
23.074049  401
23.096071  402
23.127869  398
23.130141  360
23.148258  395
23.159107  394
23.180823  632
23.191585  577
23.194991  575
23.199316  569
23.209443  165
23.220823  239
23.236715  252
23.238308  353
23.248416  369
23.254339  582
23.256811  376
23.262329  376
23.274969  383
23.286511  253
23.303835  254
23.317289  262
23.331921  307
23.362643  319
23.384958  329
23.395206  336
23.402290  355
23.404722  657
23.418476  641
23.420049  365
23.425512  695
23.464088  393
23.505418  696
23.530634  699
23.532347  295
23.537990  707
23.539783  725
23.543952  736
23.569281  374
23.577511  378
23.596118  416
23.634765  728
23.647193  419
23.676827  744
23.695188  742
23.726444  684
23.746035  721
23.754070  668
23.755743  415
23.769503  618
23.774447  396
23.777862  639
23.782157  637
23.853584  387
23.882849  369
23.890059  376
23.903058  405
23.918575  422
23.930611  211
23.936154  678
23.948218  584
23.951109  205
23.974724  210
23.981485  620
23.985095  205
23.986668  396
24.007518  415
24.013356  627
24.015069  420
24.022319  417
24.024092  415
24.025845  205
24.032287  396
24.034559  205
24.049798  413
24.068635  208
24.075632  213
24.082528  210
24.093250  208
24.110574  205
24.143388  205
24.148991  203
24.152202  724
24.155468  200
24.164657  669
24.187373  198
24.203870  399
24.214279  689
24.236682  392
24.263502  401
24.290442  693
24.297279  731
24.302223  400
24.311252  386
24.336561  423
24.355298  722
24.365106  418
24.369670  714
24.384009  380
24.405337  373
24.410041  707
24.420863  387
24.441859  646
24.447837  389
24.452421  702
24.471432  701
24.476696  645
24.479867  384
24.486831  383
24.491455  361
24.498132  599
24.563544  414
24.619674  385
24.636499  383
24.654058  180
24.666717  586
24.669668  328
24.679503  330
24.683588  334
24.692038  334
24.697506  336
24.701831  317
24.709901  318
24.715052  317
24.745852  624
24.783875  240
24.800319  539
24.823121  235
24.862691  537
24.881273  236
24.883186  243
24.888290  219
24.893728  234
24.926592  558
24.939160  255
24.957423  561
24.962887  236
24.982443  225
24.988401  223
24.990234  229
24.992706  566
24.993485  562
25.005465  481
25.011862  516
25.017525  463
25.020811  201
25.025815  199
25.030080  183
25.043668  425
25.103395  189
25.105088  189
25.133911  173
25.136483  173
25.177215  0
25.190788  392
25.194054  173
25.203982  169
25.221629  192
25.225839  172
25.231758  174
25.272775  190
25.293067  169
25.305956  459
25.358730  161
25.373247  154
25.377612  131
25.385127  151
25.393557  129
25.424269  164
25.437028  472
25.439520  469
25.441293  136
25.462087  131
25.464659  459
25.473528  435
25.478492  383
25.480904  120
25.492705  99
25.502868  337
25.566480  129
25.602357  114
25.605528  144
25.633534  131
25.666663  344
25.704783  143
25.709651  132
25.737827  104
25.744804  393
25.781999  97
25.792148  56
25.804669  82
25.844333  101
25.851390  87
25.857967  407
25.863565  83
25.881126  78
25.893708  393
25.897773  337
25.922229  300
25.972573  77
25.981982  74
26.006713  82
26.009165  50
26.055503  78
26.062700  79
26.081517  402
26.084109  285
26.104280  58
26.118633  65
26.126104  297
26.144642  64
26.157057  364
26.196564  78
26.204854  56
26.215217  73
26.264977  77
26.271634  397
26.285168  61
26.297563  378
26.301948  325
26.335434  294
26.338046  54
26.373644  67
26.399874  69
26.401607  33
26.415561  46
26.441292  48
26.443684  53
26.448229  43
26.486458  268
26.488211  384
26.630781  52
26.770805  332
26.779255  61
26.786332  72
26.864567  100
26.879994  114
26.914238  118
26.957934  51
26.975133  92
27.013361  78
27.121121  92
27.146311  103
27.162019  93
27.182890  413
27.202204  83
27.215339  355
27.241607  414
27.247190  425
27.252928  367
27.259734  324
27.280899  121
27.293274  122
27.320030  131
27.326867  136
27.335956  95
27.355928  123
27.359853  139
27.365917  151
27.375820  92
27.379486  144
27.394019  93
27.420489  97
27.426547  301
27.435737  432
27.446149  95
27.504629  130
27.540682  134
27.542834  372
27.651895  148
27.657318  126
27.674178  136
27.682528  459
27.684661  391
27.689066  135
27.708597  397
27.724803  362
27.746169  453
27.748541  469
27.764408  399
27.773944  134
27.813642  138
27.830467  162
27.834492  93
27.849280  125
27.853705  174
27.863628  175
27.879534  162
27.881247  171
27.885352  171
27.891856  181
27.893689  142
27.912562  146
27.914615  175
27.926256  312
27.942182  352
27.946208  472
27.950613  130
27.958428  4
27.974789  40
27.985521  76
27.988432  109
27.990345  425
27.992378  149
27.997462  114
28.003400  117
28.019960  116
28.024165  380
28.067413  140
28.069326  434
28.128924  151
28.174575  134
28.210732  151
28.217130  479
28.228353  160
28.237402  410
28.246291  488
28.308565  459
28.312370  437
28.318268  497
28.324446  477
28.332636  425
28.354081  162
28.362451  171
28.390659  197
28.407718  180
28.421966  157
28.432928  187
28.452600  185
28.457205  169
28.459118  235
28.465455  240
28.467847  179
28.475238  173
28.482195  356
28.497602  241
28.501487  245
28.503060  378
28.508798  243
28.511010  159
28.514556  478
28.520027  541
28.542574  160
28.554954  389
28.559659  161
28.575347  214
28.579752  174
28.584456  177
28.601662  179
28.606566  179
28.609038  416
28.610691  160
28.619380  170
28.647967  473
28.654705  178
28.656758  245
28.685999  240
28.720801  211
28.753031  167
28.759609  209
28.815130  253
28.817602  198
28.822327  473
28.826692  211
28.846184  551
28.858999  220
28.870980  478
28.875085  482
28.912462  540
28.922330  487
28.934211  554
28.936643  451
28.986013  230
29.027971  216
29.042383  265
29.063561  223
29.077514  228
29.079866  262
29.098571  265
29.103834  416
29.105767  267
29.109772  517
29.114896  218
29.123026  581
29.136069  505
29.144679  225
29.167383  461
29.169895  190
29.172307  192
29.178891  194
29.181543  237
29.194936  196
29.196529  194
29.198302  245
29.219019  194
29.225296  193
29.246940  532
29.250530  242
29.257961  241
29.273633  253
29.284575  422
29.305067  229
29.310505  226
29.344448  208
29.406384  266
29.421995  512
29.432338  252
29.452896  584
29.465890  193
29.470454  549
29.522020  555
29.532862  516
29.537906  480
29.563424  235
29.570121  241
29.576179  233
29.592010  246
29.627934  272
29.631125  244
29.648560  257
29.656770  288
29.661694  255
29.664266  264
29.681055  270
29.692943  256
29.695834  270
29.701625  445
29.723223  585
29.734824  192
29.742390  246
29.764932  190
29.767304  189
29.769097  189
29.770750  187
29.772962  184
29.781352  183
29.783305  230
29.785717  456
29.815994  523
29.819240  224
29.854865  537
29.892623  479
29.894975  215
29.898166  199
29.948375  223
29.968986  461
29.976203  207
29.983540  528
29.992129  526
29.994761  524
29.997073  194
30.007396  490
30.022747  406
30.061215  515
30.084138  430
30.099884  201
30.112624  180
30.141173  198
30.155800  172
30.158332  178
30.161423  215
30.168080  183
30.177429  206
30.205655  171
30.208227  374
30.219206  374
30.220779  154
30.233953  497
30.245474  427
30.265390  139
30.267902  366
30.270054  83
30.304854  443
30.309059  149
30.321060  143
30.371970  142
30.376395  126
30.425386  379
30.447369  109
30.451554  107
30.455779  402
30.459804  400
30.472945  318
30.484107  374
30.508582  421
30.520503  368
30.529452  328
30.556814  88
30.590059  112
30.606624  106
30.609076  132
30.611388  95
30.615873  111
30.652883  105
30.654616  314
30.658561  309
30.663944  88
30.676718  354
30.683263  80
30.694385  86
30.696577  313
30.698410  22
30.700882  403
30.702595  311
30.731395  76
30.790608  62
30.792421  78
30.802823  101
30.805255  408
30.840767  335
30.884452  382
30.919490  385
30.944366  298
30.962094  48
30.994062  61
31.008596  81
31.018724  70
31.020617  55
31.023209  69
31.038436  90
31.047067  64
31.055377  269
31.064336  358
31.068641  51
31.085502  331
31.097717  61
31.100608  0
31.109937  282
31.135090  61
31.179406  47
31.181219  31
31.185404  64
31.187217  368
31.218120  54
31.229436  311
31.243350  253
31.258898  43
31.270139  36
31.283073  359
31.304718  354
31.311735  302
31.347400  27
31.381700  44
31.385726  40
31.400913  28
31.407610  41
31.420984  59
31.425449  35
31.446020  252
31.451184  340
31.499972  274
31.568391  34
31.655286  41
31.657039  337
31.695308  304
31.697201  264
31.745060  28
31.763500  29
31.768065  38
31.893960  41
31.950188  44
31.978878  49
31.996518  376
32.003115  76
32.037254  306
32.060857  65
32.088119  313
32.100015  356
32.113309  325
32.126964  328
32.179412  40
32.199563  59
32.206580  61
32.250309  47
32.251962  83
32.268143  271
32.280998  51
32.306408  58
32.313016  60
32.333647  62
32.384246  54
32.392082  55
32.396367  65
32.398060  377
32.418745  58
32.433813  317
32.479015  65
32.510303  382
32.522303  16
32.524096  286
32.573003  56
32.617246  64
32.632400  386
32.634692  82
32.640490  69
32.648420  84
32.690614  86
32.700402  272
32.707199  355
32.716049  365
32.719855  74
32.728465  319
32.744679  64
32.811022  66
32.829929  75
32.854415  70
32.877612  327
32.917264  99
32.951564  341
32.979288  353
33.003825  367
33.039921  62
33.072874  68
33.086209  73
33.090254  87
33.100477  82
33.106794  105
33.111379  89
33.115744  75
33.119749  94
33.124154  88
33.143231  80
33.160250  115
33.172585  300
33.187672  90
33.192177  376
33.194329  290
33.199887  381
33.207737  113
33.212282  89
33.213935  112
33.233901  319
33.252074  102
33.282713  99
33.296088  403
33.300073  107
33.304138  119
33.313187  123
33.329334  374
33.370371  112
33.381813  316
33.397300  402
33.415259  421
33.423589  425
33.435964  22
33.443576  333
33.451527  370
33.488428  84
33.498671  428
33.536342  104
33.540627  429
33.547444  110
33.565104  96
33.599624  112
33.606282  112
33.628866  436
33.647899  60
33.657962  411
33.664919  107
33.676335  326
33.680620  100
33.693915  109
33.742962  101
33.763707  110
33.772797  92
33.778775  123
33.847199  116
33.882362  380
33.895995  436
33.898567  388
33.903332  60
33.990388  135
33.996586  94
34.009901  107
34.033678  114
34.035531  110
34.040909  113
34.058675  117
34.073342  326
34.099775  145
34.104120  436
34.106492  333
34.141560  412
34.150989  120
34.166990  116
34.190706  117
34.199356  123
34.216375  133
34.224865  125
34.239393  447
34.242105  126
34.244437  146
34.254321  151
34.265643  126
34.267336  132
34.285744  388
34.321466  447
34.326984  143
34.374908  449
34.377340  396
34.387224  354
34.395534  398
34.398186  455
34.408869  403
34.415266  69
34.450833  458
34.453145  115
34.462893  143
34.508893  134
34.512459  466
34.530817  137
34.536695  138
34.538328  146
34.561872  340
34.566446  414
34.568379  139
34.582113  125
34.596320  126
34.607481  462
34.617305  128
34.630419  361
34.636517  408
34.645327  426
34.647879  72
34.651765  135
34.654297  435
34.661334  140
34.669765  146
34.672876  378
34.685979  151
34.693036  143
34.719027  146
34.734954  150
34.749362  156
34.761597  155
34.770946  176
34.772739  184
34.822939  361
34.841836  173
34.859076  456
34.863761  372
34.874343  158
34.889570  428
34.896882  469
34.938207  85
34.956800  161
34.968241  475
34.984381  157
34.986733  153
35.034583  481
35.036396  160
35.040740  160
35.068003  169
35.070415  163
35.088854  377
35.092100  182
35.098617  182
35.135801  193
35.139087  474
35.145544  166
35.147157  431
35.151402  378
35.161210  164
35.165575  380
35.186948  466
35.188821  169
35.197730  96
35.199363  173
35.210106  173
35.245486  503
35.263626  185
35.271386  181
35.283207  175
35.292197  197
35.296702  506
35.310902  184
35.313354  210
35.329520  184
35.347459  454
35.364642  379
35.409830  396
35.414754  124
35.455642  457
35.473200  183
35.480556  424
35.495643  129
35.502040  196
35.511796  509
35.518234  163
35.547194  166
35.572764  185
35.574397  182
35.582667  515
35.586852  191
35.589284  177
35.600046  191
35.602698  398
35.610014  189
35.621216  201
35.645459  183
35.650603  195
35.666828  192
35.671812  507
35.677490  394
35.687218  172
35.697233  450
35.707081  206
35.708914  414
35.713779  475
35.715372  168
35.720236  126
35.727732  474
35.736442  177
35.749597  183
35.770147  182
35.774192  407
35.776305  168
35.811101  192
35.829719  517
35.834523  196
35.973538  456
35.993354  457
36.015367  182
36.053541  520
36.081987  175
36.096735  173
36.101000  189
36.126495  194
36.151689  177
36.156513  185
36.214642  401
36.217094  209
36.219426  192
36.228275  184
36.229868  511
36.242977  211
36.246188  179
36.264155  485
36.271551  192
36.273923  192
36.282273  137
36.284865  190
36.310607  412
36.323382  176
36.328066  188
36.337416  190
36.342300  199
36.351309  508
36.369248  187
36.386133  164
36.399826  178
36.406623  380
36.433099  169
36.460581  466
36.463552  168
36.466224  378
36.488582  438
36.495259  397
36.506979  492
36.515528  158
36.541986  128
36.549857  179
36.561218  176
36.566462  500
36.573019  498
36.577623  154
36.616898  172
36.640748  177
36.645752  155
36.655560  465
36.663024  160
36.667309  176
36.680942  175
36.725753  491
36.758204  197
36.759937  161
36.761570  394
36.773016  162
36.790467  176
36.793059  475
36.795411  176
36.823359  169
36.845849  172
36.851947  156
36.861296  196
36.882094  172
36.904183  162
36.911859  170
36.920429  382
36.937448  161
36.967785  377
36.969598  463
36.972210  166
36.974382  376
36.988979  423
37.006885  420
37.024373  148
37.033543  378
37.047811  468
37.050922  467
37.053194  466
37.057120  124
37.090983  121
37.095767  142
37.107488  459
37.128637  346
37.132862  431
37.135454  138
37.138146  136
37.149267  107
37.153213  109
37.165008  416
37.169952  97
37.174856  120
37.177268  96
37.179041  47
37.185726  325
37.189571  91
37.191883  114
37.194495  83
37.196368  318
37.204830  318
37.207142  82
37.209734  385
37.217150  41
37.233890  80
37.251929  72
37.257168  307
37.274686  67
37.282083  97
37.283581  402
37.296062  77
37.300287  74
37.305111  92
37.310170  57
37.310869  54
37.319845  64
37.326402  274
37.343087  63
37.358614  61
37.369796  55
37.374720  268
37.387255  321
37.424307  53
37.440533  282
37.449542  36
37.467161  32
37.473184  29
37.474942  42
37.481060  360
37.487344  34
37.507486  318
37.512530  0
37.525258  32
37.527251  21
37.529363  0
37.530996  20
37.535741  223
37.540486  219
37.542698  259
37.551687  296
37.558644  0
37.572872  0
37.614367  0
37.620985  324
37.629275  0
37.654985  196
37.698120  0
37.702845  253
37.704538  196
37.717213  252
37.773063  216
37.818145  321
37.834625  10
37.836658  305
37.890336  290
37.927826  0
37.940081  216
37.947977  3
37.979125  0
37.989567  7
38.008680  13
38.031527  7
38.153485  2
38.208996  10
38.215493  315
38.217326  219
38.222150  221
38.228947  228
38.254458  13
38.262988  14
38.277994  18
38.292942  229
38.334853  6
38.350428  2
38.396370  19
38.418973  6
38.425930  204
38.437619  260
38.467208  5
38.477991  33
38.524017  7
38.545942  20
38.557044  22
38.561749  323
38.581201  317
38.583294  5
38.587619  19
38.589252  9
38.617655  234
38.619248  269
38.622854  255
38.631388  295
38.643664  14
38.651164  205
38.657202  37
38.667864  40
38.691561  274
38.701685  64
38.728485  27
38.747150  61
38.766821  227
38.770087  30
38.812444  22
38.819481  322
38.824046  43
38.838973  240
38.884150  20
38.888475  296
38.945498  345
38.949544  50
38.958713  52
38.967662  55
38.969735  52
38.978585  387
38.992438  326
38.995824  71
39.001455  63
39.020626  373
39.030270  281
39.034255  270
39.036907  333
39.041092  293
39.055620  36
39.068534  70
39.073219  68
39.097016  80
39.106285  294
39.128050  59
39.154634  66
39.176299  263
39.183176  61
39.190114  74
39.194519  81
39.200657  73
39.204682  83
39.221882  80
39.228499  33
39.240228  380
39.241961  71
39.243894  297
39.255615  267
39.266618  274
39.274995  61
39.307956  346
39.312222  80
39.316267  296
39.326359  84
39.331822  298
39.397236  77
39.406006  90
39.411764  398
39.433280  383
39.435433  86
39.439338  71
39.449841  92
39.453906  78
39.462936  62
39.466682  315
39.482208  355
39.486254  304
39.498417  310
39.542592  104
39.557739  328
39.561844  119
39.608978  77
39.630801  278
39.634766  399
39.647508  89
39.657457  121
39.659330  95
39.673063  98
39.687232  385
39.693976  72
39.707391  75
39.709404  337
39.716261  88
39.726664  357
39.729136  285
39.740772  286
39.773238  89
39.774951  371
39.777243  334
39.822205  97
39.855744  116
39.860629  97
39.865694  100
39.875477  126
39.880102  420
39.882115  118
39.888533  119
39.901888  397
39.903981  109
39.910459  136
39.917859  110
39.928788  340
39.950133  387
39.952265  340
39.977296  105
40.001333  127
40.011416  139
40.026352  342
40.032530  143
40.041219  143
40.064383  121
40.081643  127
40.104514  443
40.122313  318
40.127097  415
40.149656  104
40.167036  140
40.168629  443
40.176325  133
40.179571  446
40.184075  453
40.205022  351
40.217218  130
40.230614  336
40.273583  130
40.279241  346
40.286558  409
40.288251  347
40.304911  146
40.344834  128
40.365679  137
40.374009  129
40.382499  130
40.388037  164
40.399693  460
40.435163  379
40.436916  132
40.441741  350
40.461060  375
40.469750  130
40.478480  376
40.494088  110
40.513641  164
40.522991  164
40.527536  178
40.538159  384
40.549409  181
40.574473  138
40.603054  150
40.608138  170
40.630062  467
40.641883  467
40.644415  170
40.650732  353
40.659362  154
40.661894  185
40.674310  169
40.691769  184
40.693822  480
40.698359  494
40.700751  144
40.710120  500
40.714425  124
40.727180  487
40.742048  170
40.750618  363
40.809535  387
40.815533  164
40.820617  388
40.822530  461
40.844515  192
40.880980  176
40.892681  183
40.897765  185
40.906535  176
40.910860  492
40.929107  193
40.938216  147
40.942861  174
40.951591  416
40.953164  202
40.974015  388
40.979793  427
40.981566  393
40.995980  170
40.998173  195
41.008775  195
41.011107  170
41.016905  175
41.034864  182
41.044214  192
41.051251  193
41.055376  184
41.057728  196
41.075008  195
41.081345  193
41.098644  183
41.112832  185
41.121622  190
41.124154  506
41.134357  192
41.172257  193
41.215926  188
41.227088  504
41.232467  211
41.234839  174
41.246380  514
41.249946  186
41.253811  191
41.256183  188
41.272249  443
41.283155  199
41.291358  396
41.360163  191
41.387657  201
41.417365  192
41.432572  193
41.441621  202
41.466321  192
41.472698  194
41.478021  195
41.502536  203
41.510871  201
41.538125  202
41.540797  193
41.552139  194
41.556504  203
41.561209  200
41.581227  204
41.587844  213
41.592768  204
41.598072  214
41.606801  217
41.629269  217
41.639204  221
41.662330  206
41.676615  201
41.682493  514
41.687956  214
41.702109  196
41.713131  201
41.720855  217
41.727891  205
41.739053  213
41.744931  203
41.763615  205
41.786587  217
41.792190  207
41.813398  198
41.815610  201
41.837478  209
41.856257  210
41.876347  200
41.908062  198
41.912407  199
41.942493  189
41.952901  193
41.955233  189
41.957905  188
41.960237  187
41.962529  182
41.964122  493
41.974310  183
41.977856  182
41.984413  183
41.989257  180
41.999819  188
42.001452  185
42.007530  175
42.030686  190
42.042127  192
42.052639  175
42.061952  172
42.074092  182
42.092309  180
42.101014  187
42.106617  181
42.108929  187
42.111421  187
42.158547  189
42.166062  190
42.169073  185
42.191368  187
42.193021  184
42.214198  190
42.232935  183
42.236920  181
42.239392  183
42.241385  181
42.256950  183
42.258543  174
42.273630  178
42.311681  181
42.316440  186
42.330697  178
42.332550  178
42.348859  187
42.350572  187
42.423201  183
42.450109  173
42.452721  172
42.458599  170
42.462764  169
42.467895  171
42.469468  175
42.485221  164
42.491543  167
42.499998  167
42.501911  173
42.504203  173
42.534011  173
42.540548  173
42.546214  175
42.559209  165
42.570951  161
42.572664  168
42.597794  170
42.600166  161
42.601999  167
42.604591  167
42.640068  137
42.644813  135
42.656794  135
42.660919  140
42.663411  133
42.672805  130
42.684626  125
42.695915  134
42.703059  136
42.705391  137
42.720925  128
42.734339  125
42.743368  109
42.747233  103
42.753144  105
42.761215  106
42.762908  113
42.765879  99
42.771163  96
42.775288  103
42.781746  102
42.784278  103
42.788942  102
42.795440  96
42.823608  94
42.839938  91
42.847074  79
42.871892  87
42.873785  87
42.876057  84
42.877870  83
42.880542  78
42.886867  88
42.893564  71
42.909011  78
42.917442  83
42.921407  80
42.932409  68
42.944069  69
42.961808  61
42.970458  67
42.974463  60
42.999316  66
43.004040  74
43.042808  63
43.054230  63
43.058535  58
43.062460  62
43.070311  51
43.079081  54
43.080040  50
43.087276  28
43.095646  25
43.107002  20
43.110153  19
43.111786  9
43.114138  8
43.122538  11
43.124111  11
43.129462  14
43.171585  15
43.188825  1
43.207844  0
43.211689  1
43.219429  7
43.232503  4
43.243945  3
43.256847  6
43.263105  1
43.270442  8
43.280765  8
43.300737  0
43.314112  9
43.335098  5
43.363320  31
43.370056  28
43.373047  24
43.374740  20
43.395210  12
43.398736  8
43.405987  1
43.414717  5
43.452315  4
43.460885  8
43.567433  8
43.579594  13
43.657674  3
43.678660  18
43.723050  27
43.764313  8
43.814659  24
43.818644  20
43.922303  19
43.926568  3
43.932925  26
43.935277  30
43.937350  23
43.944008  28
43.948852  36
43.950805  24
43.961128  24
43.972983  24
43.990383  27
44.006684  19
44.029967  24
44.057930  32
44.086631  41
44.093009  25
44.144269  23
44.155510  28
44.187538  25
44.203484  22
44.216818  24
44.218531  29
44.224649  33
44.226622  25
44.232065  35
44.242948  41
44.297788  30
44.304745  24
44.310983  30
44.318599  23
44.320332  44
44.330200  32
44.331833  54
44.336777  58
44.347100  33
44.364225  39
44.368470  29
44.379540  37
44.411396  20
44.434460  33
44.438985  51
44.449687  44
44.480814  45
44.488245  65
44.498373  66
44.502638  32
44.532520  27
44.534553  25
44.538598  47
44.543462  33
44.562104  41
44.569110  37
44.618282  31
44.622507  38
44.626592  61
44.628245  50
44.640421  26
44.642454  51
44.653483  46
44.662101  50
44.668039  48
44.685578  51
44.716905  43
44.721630  54
44.723663  74
44.732153  59
44.743582  59
44.754125  55
44.756337  75
44.765347  87
44.769392  55
44.778162  65
44.790617  48
44.802972  56
44.804725  57
44.815447  78
44.821904  51
44.837011  63
44.843089  41
44.846240  35
44.856803  61
44.865880  51
44.871938  88
44.876623  63
44.888425  76
44.890238  90
44.921826  77
44.932888  91
44.938746  32
44.940919  113
44.948370  64
44.975217  96
44.983627  35
44.989445  66
44.992037  102
45.001346  104
45.005211  67
45.014681  84
45.027016  55
45.041664  72
45.062769  52
45.064722  80
45.071399  96
45.075204  109
45.079050  101
45.086087  81
45.092245  91
45.096530  91
45.132886  97
45.140023  113
45.167071  86
45.204152  74
45.208417  111
45.215581  97
45.223792  102
45.225465  113
45.234142  102
45.246043  102
45.263804  103
45.266256  102
45.282880  87
45.288599  110
45.305398  76
45.311257  100
45.315022  95
45.333795  99
45.338659  101
45.345016  106
45.349121  113
45.401621  115
45.408119  67
45.411725  133
45.427292  111
45.445558  122
45.463432  133
45.469055  141
45.477405  108
45.484881  108
45.494690  109
45.509687  110
45.514986  94
45.550538  100
45.561168  121
45.565553  130
45.574483  109
45.589031  129
45.591184  104
45.615700  111
45.660901  135
45.685099  114
45.698053  117
45.700066  113
45.708995  145
45.723443  136
45.734465  123
45.749366  108
45.751419  128
45.757976  103
45.764501  129
45.779209  151
45.781541  134
45.805738  129
45.810762  141
45.820346  131
45.831169  141
45.838366  131
45.855066  139
45.860150  151
45.904417  165
45.911974  133
45.920345  175
45.929235  141
45.939124  154
45.941317  156
45.945343  154
45.960679  109
45.967895  164
45.970107  134
45.974332  157
45.991273  143
45.999903  149
46.015231  137
46.021389  150
46.031536  150
46.050429  149
46.056807  158
46.069682  156
46.073188  159
46.099677  162
46.108207  166
46.114944  162
46.153503  163
46.162759  154
46.175734  145
46.202562  155
46.211592  168
46.213385  159
46.222929  160
46.238256  152
46.249778  152
46.273909  163
46.275662  157
46.280187  163
46.284332  157
46.303505  151
46.314866  154
46.344049  149
46.376563  165
46.382061  166
46.430995  158
46.441043  189
46.455156  163
46.467871  157
46.472116  159
46.476321  158
46.483078  170
46.510042  164
46.516619  163
46.534977  160
46.544106  159
46.586731  165
46.624181  190
46.673068  187
46.678167  174
46.703267  162
46.707312  173
46.712116  176
46.718374  165
46.727564  175
46.736513  178
46.740458  178
46.750690  172
46.764463  178
46.774351  165
46.786945  181
46.788738  176
46.825650  172
46.835873  183
46.852458  176
46.855724  171
46.858895  169
46.874082  179
46.876015  173
46.882532  184
46.890674  160
46.903410  173
46.919516  183
46.923841  183
46.957291  179
46.989331  177
46.994295  179
47.001511  181
47.011080  180
47.025673  181
47.058540  175
47.077377  183
47.093619  177
47.099497  180
47.101210  181
47.135016  182
47.188840  182
47.236325  179
47.250353  181
47.253424  178
47.286225  184
47.291269  184
47.334206  177
47.362467  189
47.400056  173
47.409284  173
47.433839  181
47.443847  176
47.478301  182
47.483305  185
47.494574  181
47.509226  178
47.510979  182
47.513351  181
47.530175  182
47.531908  187
47.534400  182
47.548493  186
47.555629  186
47.573717  175
47.575390  174
47.580354  182
47.591648  184
47.600637  174
47.607773  173
47.613456  181
47.618719  180
47.634805  170
47.640663  169
47.644149  165
47.648893  173
47.659379  171
47.686201  172
47.688633  171
47.694236  160
47.712792  163
47.728112  173
47.737350  173
47.761797  173
47.778662  183
47.827397  184
47.828990  182
47.834773  181
47.846713  175
47.864846  169
47.870169  173
47.885935  170
47.896377  170
47.901341  164
47.909396  163
47.930965  172
47.933397  170
47.942746  167
47.955635  164
47.967890  156
47.981184  154
47.982757  153
47.985429  156
47.993379  152
47.995012  144
47.999556  151
48.008210  148
48.012815  147
48.015327  146
48.027048  149
48.031792  148
48.043433  147
48.052942  148
48.069087  147
48.078096  142
48.084653  139
48.106009  142
48.110074  140
48.114739  137
48.121076  147
48.125690  146
48.130215  142
48.164339  133
48.178655  125
48.186471  116
48.192773  121
48.195425  117
48.198556  120
48.202821  116
48.207665  115
48.215576  116
48.217609  115
48.222780  111
48.224493  116
48.229577  119
48.246936  112
48.256844  92
48.259775  90
48.266692  82
48.271157  89
48.297886  82
48.305502  87
48.317163  90
48.327906  81
48.330178  78
48.332670  77
48.337594  81
48.348456  71
48.353220  68
48.357685  57
48.368655  54
48.373000  58
48.390205  43
48.404143  47
48.408774  51
48.412789  51
48.415261  51
48.422338  44
48.436291  33
48.447402  47
48.460617  41
48.481986  42
48.486051  38
48.492469  45
48.500860  42
48.503991  41
48.508396  40
48.536518  35
48.566856  40
48.569188  36
48.581049  31
48.585234  27
48.589739  36
48.591552  32
48.593385  31
48.616249  30
48.622686  20
48.627411  27
48.638493  13
48.648955  14
48.652881  12
48.664002  10
48.670140  5
48.684648  3
48.695150  0
48.699854  0
48.718127  0
48.726617  0
48.728869  0
48.734427  0
48.741983  0
48.754039  0
48.758064  0
48.770452  0
48.802127  0
48.804539  0
48.836068  0
48.882110  0
48.883863  0
49.240387  6
49.280329  0
49.289818  32
49.346835  11
49.429251  3
49.430964  10
49.485753  32
49.493049  24
49.498967  12
49.503791  29
49.515867  20
49.518199  8
49.536599  32
49.546343  16
49.563184  32
49.581183  9
49.608236  16
49.623511  20
49.643862  29
49.667440  27
49.671645  28
49.697894  21
49.704991  22
49.726715  26
49.730820  6
49.746687  11
49.748880  14
49.751532  15
49.768792  22
49.773017  39
49.782261  32
49.857236  46
49.867439  32
49.891276  33
49.912361  42
49.928507  34
49.948937  23
49.950510  26
49.975662  33
49.977575  46
49.983893  55
49.996887  38
50.056123  37
50.066785  28
50.089023  36
50.093387  32
50.101697  48
50.106721  40
50.115731  28
50.131592  39
50.143248  59
50.157676  37
50.208342  51
50.212447  44
50.215993  57
50.228174  49
50.230287  63
50.246013  59
50.253070  37
50.258708  39
50.263013  27
50.264966  70
50.266939  58
50.275309  65
50.288950  43
50.297200  65
50.315180  43
50.326582  42
50.331186  53
50.349758  32
50.361698  82
50.372621  92
50.377206  75
50.380891  54
50.389462  62
50.420875  64
50.425500  49
50.431338  71
50.442401  56
50.458467  65
50.460160  57
50.469289  77
50.482125  60
50.491035  53
50.502657  63
50.514493  70
50.535639  60
50.537552  97
50.553932  81
50.565182  47
50.594391  95
50.605295  77
50.621563  67
50.633684  80
50.648292  84
50.650964  92
50.655469  77
50.659395  85
50.665592  79
50.669717  98
50.677453  86
50.679446  90
50.685024  99
50.705750  70
50.713186  79
50.728197  101
50.734495  92
50.736368  59
50.753468  93
50.769849  86
50.776726  69
50.792244  116
50.797283  120
50.806312  98
50.812970  93
50.823853  93
50.860160  97
50.864405  102
50.868610  131
50.876980  88
50.881805  102
50.897712  93
50.899525  93
50.930120  84
50.938151  108
50.946047  98
50.954577  108
50.958922  89
50.968071  134
50.978433  125
50.991724  94
51.009083  100
51.031168  127
51.086873  103
51.099749  111
51.103874  135
51.108039  101
51.118901  112
51.127471  107
51.134842  116
51.137494  119
51.145190  135
51.168468  104
51.173652  110
51.175445  91
51.181710  163
51.188187  130
51.189820  113
51.191493  130
51.204009  119
51.214251  125
51.221707  98
51.239174  126
51.272763  156
51.277188  132
51.306982  142
51.309334  135
51.314378  136
51.320996  139
51.333232  125
51.341322  147
51.362602  131
51.366108  141
51.403059  139
51.404672  106
51.411648  159
51.422090  144
51.425436  165
51.430800  135
51.444294  174
51.457909  160
51.461575  139
51.478360  159
51.535258  150
51.552064  154
51.568425  155
51.582479  159
51.595594  173
51.605210  180
51.615653  164
51.623853  151
51.630210  167
51.639199  169
51.649941  170
51.660493  161
51.667784  149
51.673107  174
51.679105  147
51.691520  174
51.696045  165
51.727073  155
51.737555  194
51.780385  169
51.795333  171
51.802943  155
51.820002  181
51.822015  167
51.826220  186
51.843559  182
51.847924  161
51.883012  167
51.884705  199
51.893675  168
51.902805  177
51.919525  172
51.923730  160
51.930327  174
51.932500  183
51.942762  155
51.964504  174
51.966137  167
51.977418  191
52.044399  191
52.054822  182
52.068137  177
52.098705  188
52.100798  190
52.121103  197
52.127581  199
52.131646  220
52.156242  163
52.179540  188
52.185308  199
52.192445  183
52.194078  200
52.216446  199
52.233925  200
52.258401  228
52.260953  186
52.273029  229
52.322294  216
52.326639  190
52.330665  185
52.353290  200
52.357555  192
52.373016  212
52.386030  187
52.406462  191
52.427753  225
52.442501  200
52.459500  191
52.464065  185
52.469364  222
52.481205  191
52.483318  233
52.487123  196
52.497826  238
52.500138  217
52.523649  227
52.551044  216
52.604237  226
52.617032  219
52.619125  228
52.628549  230
52.630821  223
52.632394  228
52.648954  220
52.653139  229
52.662974  230
52.676650  217
52.687772  234
52.689505  226
52.699353  231
52.712647  209
52.723908  215
52.732638  248
52.741822  214
52.746526  208
52.748299  228
52.764006  233
52.788405  239
52.799907  248
52.822012  230
52.860899  246
52.881604  232
52.894883  229
52.904491  240
52.907917  234
52.916347  229
52.920612  210
52.933866  235
52.939964  238
52.942137  238
52.964323  228
52.991842  237
53.012899  235
53.026273  243
53.033929  229
53.039632  247
53.043917  232
53.049895  259
53.068254  253
53.072939  234
53.091217  242
53.161364  238
53.188203  255
53.201678  259
53.208075  246
53.215112  258
53.219337  251
53.227786  256
53.232690  239
53.239247  254
53.245545  254
53.249750  258
53.262945  272
53.264898  265
53.269143  251
53.278072  255
53.288015  238
53.297943  252
53.299536  254
53.313350  274
53.320806  277
53.322719  242
53.338725  253
53.354426  268
53.361877  272
53.404758  263
53.406891  262
53.421379  264
53.445356  268
53.451973  266
53.470751  272
53.474863  263
53.481660  245
53.485985  263
53.495937  264
53.504951  250
53.508976  255
53.517146  275
53.527094  257
53.554321  272
53.560239  271
53.574524  261
53.578809  261
53.581880  271
53.585805  260
53.607588  253
53.609461  243
53.614445  266
53.639580  257
53.653534  270
53.721966  258
53.746623  264
53.782893  274
53.823582  267
53.854335  258
53.865257  276
53.866715  272
53.878815  256
53.881966  268
53.887070  255
53.900423  266
53.944251  260
53.959378  255
53.974824  256
53.996088  258
54.008383  252
54.011234  257
54.022220  261
54.026645  255
54.033761  252
54.038645  240
54.062087  245
54.067271  263
54.112718  262
54.121667  265
54.134582  256
54.137254  252
54.147442  251
54.152326  252
54.158943  244
54.160736  250
54.163951  255
54.181774  246
54.188638  248
54.190890  247
54.195095  254
54.206377  252
54.273251  247
54.275923  246
54.307302  245
54.309494  246
54.326666  248
54.328239  256
54.344265  242
54.354074  240
54.358918  242
54.360851  245
54.365495  239
54.367348  236
54.369800  234
54.401576  232
54.420814  225
54.423965  238
54.435406  239
54.442777  231
54.452546  214
54.455018  226
54.472852  216
54.493141  226
54.523355  233
54.539499  235
54.542151  221
54.552986  240
54.556632  235
54.566340  230
54.573117  228
54.584685  235
54.586223  234
54.590441  225
54.595305  241
54.608285  213
54.625611  224
54.626490  203
54.638371  204
54.640623  204
54.647599  201
54.664983  175
54.677497  177
54.752586  186
54.754199  185
54.755792  184
54.763855  184
54.787157  183
54.794633  170
54.795592  181
54.798104  182
54.800716  177
54.803428  180
54.812877  176
54.818724  179
54.840113  183
54.859657  179
54.862049  170
54.879375  178
54.885832  177
54.899525  168
54.905423  174
54.909788  157
54.918737  172
54.953044  160
54.957548  167
54.979392  167
54.987502  172
55.001216  168
55.017736  163
55.027879  147
55.034446  160
55.036718  159
55.040723  158
55.044049  156
55.075859  138
55.077137  137
55.088737  147
55.105765  137
55.198064  152
55.200583  152
55.201961  144
55.217908  132
55.225164  143
55.232820  147
55.235232  141
55.236865  142
55.243781  139
55.246453  139
55.248885  135
55.257380  139
55.261625  142
55.263977  133
55.266369  136
55.288877  128
55.293102  114
55.304765  108
55.309576  131
55.313682  130
55.319879  120
55.323644  107
55.326116  119
55.332913  120
55.361735  108
55.365800  112
55.399495  113
55.407170  105
55.414447  118
55.416180  106
55.425709  120
55.450285  121
55.454631  127
55.500505  118
55.514899  111
55.523809  108
55.532558  115
55.543441  113
55.590354  96
55.600917  88
55.602570  78
55.613812  91
55.618596  90
55.623161  92
55.624934  94
55.629059  90
55.630872  89
55.653156  97
55.654829  96
55.659413  96
55.661106  89
55.668777  77
55.673242  95
55.684612  83
55.693641  93
55.698560  83
55.702565  72
55.712653  84
55.742708  84
55.744341  79
55.766765  83
55.793473  74
55.800090  77
55.802063  80
55.819542  66
55.825540  74
55.841467  89
55.856462  76
55.901372  83
55.903564  80
55.930175  88
55.973225  87
55.982848  86
56.027475  84
56.033773  90
56.035626  83
56.038098  80
56.050653  67
56.056057  59
56.062195  80
56.068573  76
56.070745  61
56.081895  73
56.098775  78
56.113004  71
56.135207  74
56.160657  84
56.212863  79
56.246323  83
56.272993  70
56.288220  75
56.298023  73
56.382616  83
56.384309  73
56.414407  81
56.425908  81
56.428480  86
56.514500  87
56.526925  92
56.562424  78
56.578377  78
56.582742  82
56.662826  91
56.710309  105
56.783741  94
56.789464  83
56.818840  87
56.825537  116
56.843036  85
56.855512  67
56.857205  99
56.865515  65
56.874405  107
56.876318  87
56.889713  92
56.904641  114
56.915263  90
56.923873  81
56.936068  94
56.989640  106
57.000143  97
57.015650  108
57.019476  118
57.025654  105
57.039028  103
57.043932  107
57.048517  108
57.052522  68
57.098304  121
57.121262  93
57.132663  132
57.154188  134
57.205233  121
57.208599  118
57.225959  118
57.235987  122
57.237940  123
57.246989  125
57.254959  131
57.256672  123
57.258265  72
57.261895  134
57.272937  138
57.279515  146
57.288005  95
57.294223  98
57.296016  119
57.299801  95
57.303926  153
57.321986  111
57.335520  135
57.337632  101
57.354453  109
57.371873  135
57.380144  126
57.382097  147
57.430570  139
57.440273  128
57.444977  131
57.468468  128
57.474406  132
57.476099  100
57.491239  137
57.502149  128
57.503862  142
57.506094  112
57.519249  137
57.538131  112
57.540084  142
57.580270  126
57.611165  160
57.666079  146
57.684041  108
57.696957  145
57.698630  142
57.709412  149
57.711904  143
57.716009  121
57.720973  151
57.727191  155
57.739886  134
57.742458  147
57.748996  112
57.752941  167
57.763824  160
57.774666  151
57.777198  180
57.783755  141
57.792205  146
57.793818  185
57.813649  130
57.829177  145
57.842232  138
57.875478  142
57.899415  191
57.931338  149
57.939987  145
57.941880  178
57.957606  140
57.968009  145
57.973987  128
57.975580  170
57.977653  182
57.990068  143
57.991681  156
57.996346  166
57.998239  158
58.005855  146
58.011773  166
58.022879  200
58.039708  162
58.057239  178
58.092065  191
58.109605  201
58.182895  139
58.195359  179
58.205362  165
58.207215  181
58.210881  174
58.216848  163
58.223505  185
58.239091  168
58.241284  185
58.245629  155
58.254039  172
58.256691  195
58.269606  176
58.275983  209
58.287585  186
58.291790  158
58.295636  211
58.297389  169
58.343611  169
58.369401  182
58.375779  191
58.390227  188
58.391900  212
58.416783  200
58.421308  216
58.439571  164
58.451312  205
58.453405  203
58.472207  205
58.478565  204
58.493952  217
58.501428  212
58.520391  203
58.524316  208
58.526628  211
58.531033  191
58.551284  214
58.570885  204
58.575010  219
58.623582  223
58.680763  216
58.683155  197
58.704919  195
58.714823  216
58.724291  211
58.738324  227
58.759195  226
58.770976  196
58.773029  230
58.780233  196
58.789003  220
58.797553  227
58.804250  213
58.805903  215
58.807516  232
58.822595  222
58.824188  212
58.869434  222
58.875224  210
58.885352  225
58.894002  211
58.901872  216
58.912587  220
58.967514  216
58.972398  225
58.982126  223
59.003618  227
59.015540  231
59.023950  221
59.026382  234
59.035271  224
59.037823  228
59.046472  222
59.048225  207
59.058473  233
59.093929  224
59.106563  226
59.133410  216
59.222511  223
59.241403  217
59.252904  225
59.254717  223
59.265204  221
59.267436  212
59.271961  221
59.300122  213
59.328402  224
59.332594  229
59.346487  227
59.350238  226
59.398530  215
59.403494  218
59.420563  218
59.450109  217
59.466421  217
59.470151  209
59.499308  223
59.503633  209
59.507219  221
59.509371  212
59.514499  216
59.530349  228
59.538224  221
59.551338  216
59.553690  221
59.564576  218
59.567248  203
59.568941  223
59.596987  208
59.602665  215
59.617517  215
59.699035  218
59.778960  216
59.788329  209
59.811772  203
59.814004  200
59.825565  203
59.828257  203
59.841439  210
59.843711  196
59.847836  197
59.857767  199
59.891831  200
59.894662  195
59.908190  193
59.912035  192
59.913628  192
59.916080  199
59.945209  197
59.946862  197
59.954378  192
59.956550  182
59.982238  197
59.986343  195
59.992026  181
59.999083  202
