# t(s) W_ledbat(bytes)
10.040185  65535
10.165943  65535
10.424563  65535
10.501274  65534
10.512216  65531
10.514568  65530
10.521086  65504
10.526704  65491
10.530869  65465
10.538845  65452
10.542891  65426
10.547795  65534
10.549428  65413
10.551101  65531
10.553473  65387
10.563682  65535
10.566014  65530
10.567967  65374
10.570140  65527
10.575464  65348
10.578136  65526
10.579769  65523
10.585727  65335
10.589712  65522
10.596050  65519
10.599726  65308
10.602198  65295
10.606384  65266
10.608836  65518
10.613121  65252
10.615294  65515
10.620398  65514
10.622331  65487
10.624723  65474
10.626416  65447
10.632873  65434
10.638912  65407
10.644036  65223
10.648221  65206
10.649934  65394
10.651687  65171
10.653879  65154
10.655472  65106
10.657884  65367
10.660156  65082
10.664161  65034
10.666753  65354
10.670159  65327
10.672391  65314
10.674124  65007
10.678709  65287
10.680941  65259
10.682774  64953
10.689591  64926
10.691324  64850
10.703106  64812
10.704979  64736
10.707091  64698
10.709064  64622
10.714682  64584
10.722802  64504
10.727866  64464
10.729579  64384
10.732051  64348
10.734064  64276
10.739682  64240
10.742888  65202
10.745180  64167
10.757168  65164
10.759041  65088
10.761453  64131
10.766791  65050
10.768524  64058
10.771056  64022
10.773229  64974
10.775721  63949
10.780565  64936
10.782138  64860
10.783951  63913
10.785704  63840
10.790239  63804
10.792112  63731
10.796636  63693
10.798569  64821
10.800262  63617
10.806920  64743
10.809032  63579
10.814091  64704
10.817222  64625
10.821487  64586
10.825612  64507
10.830017  64468
10.834322  64389
10.839650  64350
10.841323  63493
10.844729  64235
10.854068  63450
10.856320  64178
10.865011  64063
10.867383  63364
10.869975  64005
10.871868  63319
10.873861  63889
10.878326  63229
10.880558  63184
10.882171  63831
10.889480  63715
10.898610  63656
10.900383  63093
10.902715  63048
10.904548  63537
10.910865  62957
10.913497  63478
10.915650  62900
10.917223  63359
10.920834  63299
10.922647  63179
10.925019  63119
10.929584  65535
10.936581  62999
10.942139  62786
10.947757  62929
10.956606  62729
10.962604  62603
10.964177  62540
10.965890  62414
10.968681  62788
10.970474  62718
10.972786  62351
10.974639  62577
10.977011  65523
10.979283  65517
10.981016  62225
10.982789  62495
10.984961  62331
10.986574  65505
10.988986  62162
10.991438  62035
10.993650  61972
10.995763  65497
10.997636  65481
11.000248  65473
11.001981  61845
11.010878  65439
11.013010  62249
11.014903  61777
11.016596  61641
11.019068  61573
11.020981  62084
11.023533  61437
11.026065  62002
11.030190  65422
11.031983  65388
11.036228  61369
11.039954  65365
11.041527  65318
11.043859  61232
11.046551  61805
11.049083  61160
11.051116  61015
11.053428  60942
11.055161  65295
11.056954  61706
11.058967  60783
11.061359  60704
11.063392  60544
11.069689  60464
11.073494  65248
11.075067  65225
11.076720  60304
11.081331  61508
11.082964  65178
11.087648  61409
11.089581  60224
11.091614  60059
11.095719  61182
11.098131  65151
11.099724  59976
11.104129  61068
11.111067  65520
11.113659  65513
11.115792  65097
11.118364  65070
11.120437  65498
11.122749  59810
11.124402  65487
11.126974  60825
11.129666  59727
11.131439  59560
11.134151  65010
11.136303  64980
11.138356  65464
11.142352  65453
11.144405  59477
11.146438  59310
11.149110  65430
11.151722  60704
11.153435  60460
11.155867  59226
11.157500  65419
11.159113  64920
11.161625  59058
11.163917  65396
11.166549  64890
11.168682  64830
11.170914  64800
11.172807  58968
11.174800  64737
11.177092  58787
11.178745  64706
11.181317  64643
11.183769  60338
11.185902  60058
11.188494  64612
11.190247  58697
11.192120  58497
11.194572  59918
11.196265  58397
11.198098  64549
11.200210  59636
11.204882  58196
11.207054  58092
11.209087  64518
11.211080  59482
11.212733  57883
11.215025  59172
11.216658  59016
11.218471  57778
11.220803  58686
11.223255  57552
11.225807  58520
11.227420  64449
11.229752  58187
11.232364  57439
11.234157  64415
11.236190  57212
11.238442  58005
11.242867  57098
11.246732  64346
11.249044  64312
11.250977  64243
11.253409  64209
11.255142  57640
11.259487  56869
11.264271  57456
11.266284  56754
11.267917  65385
11.269810  65362
11.271942  64138
11.275497  65351
11.277230  64103
11.279083  64032
11.280716  57082
11.283288  56524
11.286459  56409
11.289051  56177
11.291523  56894
11.293196  65325
11.295488  56516
11.298140  65312
11.299973  65286
11.302847  56326
11.305342  56057
11.307295  55817
11.309587  55944
11.313892  55752
11.315585  55697
11.317278  55449
11.319530  55366
11.322002  55324
11.323855  55172
11.325888  54782
11.328460  55074
11.331172  63988
11.335437  63899
11.338109  63855
11.340182  54942
11.342195  54572
11.344108  54150
11.346640  53938
11.348793  53497
11.351285  53275
11.353198  63765
11.358566  52829
11.366069  54678
11.368481  63720
11.370674  52603
11.372827  63630
11.375279  52149
11.379304  63583
11.380997  63488
11.385901  63441
11.387834  63330
11.389986  54545
11.392119  54279
11.396644  63274
11.400929  54146
11.402862  63162
11.410999  53878
11.413591  63102
11.416283  62981
11.418515  62921
11.420368  51921
11.425212  65268
11.427405  62792
11.434675  65232
11.438861  51692
11.440794  62728
11.442507  53744
11.445478  62599
11.447111  51462
11.449763  53474
11.453413  53339
11.455026  65214
11.459571  51231
11.462283  50999
11.466867  50766
11.469219  62535
11.470832  65165
11.473444  65141
11.477470  62406
11.479882  50532
11.482334  50297
11.484886  62341
11.486539  65092
11.491403  50060
11.493955  49822
11.496287  62208
11.498959  65064
11.502785  49583
11.504897  62142
11.506910  65007
11.509162  64979
11.511075  49343
11.513487  64909
11.515739  49092
11.518151  53067
11.520343  62008
11.522835  52930
11.524408  64874
11.526341  64803
11.528613  52656
11.535670  48840
11.537962  52502
11.539595  64755
11.541548  61940
11.543461  64658
11.546133  61804
11.548845  61736
11.550738  48586
11.553190  48328
11.555522  52192
11.557115  64610
11.558688  48069
11.561180  64510
11.563033  47809
11.566164  47546
11.568516  64460
11.571068  61593
11.573460  61521
11.575553  61377
11.578165  47281
11.580357  64359
11.581950  64308
11.584502  52037
11.586415  64206
11.588547  64155
11.590120  51702
11.592712  64039
11.595184  47015
11.596997  46748
11.599888  61299
11.601881  61142
11.604293  46479
11.606805  61064
11.608378  46208
11.610950  45924
11.613302  45638
11.615834  63981
11.618007  60898
11.620419  63865
11.623071  45350
11.626406  63803
11.628998  63678
11.631490  51534
11.633663  63615
11.635636  60815
11.637789  60649
11.640061  51196
11.642313  51004
11.644106  50617
11.647522  60562
11.650714  60387
11.655618  50422
11.659604  50031
11.664808  49834
11.671246  49438
11.677551  49225
11.679184  60300
11.680817  60122
11.683389  60033
11.687894  48797
11.690146  45058
11.692658  48581
11.694811  44764
11.696923  59854
11.699575  48105
11.704447  44468
11.706779  59761
11.710825  59575
11.713317  47865
11.715150  59482
11.721468  59278
11.723660  44160
11.725992  47381
11.728344  59176
11.729957  58971
11.731530  43850
11.734701  43538
11.736714  43221
11.739645  58861
11.744737  58640
11.749889  58529
11.751822  47137
11.756167  42902
11.758759  58307
11.761411  58196
11.763224  46645
11.765916  42552
11.776726  46397
11.778759  57973
11.780991  42199
11.783263  45890
11.785675  41839
11.790479  63487
11.793171  41476
11.795303  45634
11.797276  45118
11.799428  63423
11.801121  44852
11.802934  44316
11.807259  44045
11.809132  41110
11.811324  57861
11.813497  43464
11.817941  63295
11.819714  57636
11.821327  40741
11.823639  43170
11.825871  42577
11.827524  57524
11.829117  42265
11.831489  41636
11.834700  40368
11.837272  57298
11.839764  41317
11.842756  39992
11.845008  39604
11.847640  40674
11.850132  39212
11.852684  57185
11.854697  40348
11.856390  56958
11.858662  39689
11.860874  38816
11.863206  38416
11.865638  65535
11.867930  38011
11.874387  37602
11.876999  39352
11.878992  37187
11.881704  38672
11.883916  36767
11.886528  36343
11.891420  38326
11.893333  35917
11.895925  37618
11.898537  63231
11.900210  35486
11.902842  63102
11.905014  35050
11.913953  34617
11.916645  37258
11.918738  63038
11.922104  34178
11.927068  36530
11.929600  62896
11.933725  62825
11.935618  62683
11.938230  33734
11.940462  36151
11.942295  35385
11.944667  34994
11.950945  34183
11.953297  33284
11.956531  33768
11.958946  32828
11.961098  32927
11.963650  32365
11.966202  65512
11.968315  32494
11.970028  56839
11.972101  56599
11.974433  65465
11.976845  31616
11.979237  31896
11.980890  65442
11.983602  31165
11.985635  56479
11.987468  31420
11.990020  30937
11.992332  30231
11.994924  56214
11.997276  56081
11.999009  30446
12.001621  29750
12.003794  29947
12.006146  28771
12.008478  28264
12.010151  55815
12.012743  65368
12.015055  27231
12.017407  65331
12.019220  65257
12.022395  29440
12.024068  55675
12.027259  55393
12.028932  26695
12.031444  28915
12.033996  55252
12.035889  25598
12.038201  28380
12.039934  25026
12.041587  27835
12.044179  54909
12.045812  54737
12.048863  27280
12.051155  54391
12.053427  65220
12.055540  23856
12.058132  65146
12.060404  26713
12.062137  54214
12.063870  65109
12.066282  26134
12.068994  25542
12.070687  24937
12.073838  64965
12.076350  24317
12.078622  23234
12.080215  23681
12.082767  64893
12.084580  53859
12.086852  53681
12.088905  21957
12.091357  64749
12.094069  21282
12.096142  64672
12.098035  19888
12.100187  19142
12.102000  17592
12.104392  64517
12.106964  16734
12.109077  14930
12.111289  64440
12.113442  53314
12.116074  13919
12.117867  53130
12.121084  11656
12.123476  23028
12.125588  52760
12.128200  22356
12.130592  10305
12.132485  21661
12.134617  20944
12.136430  20203
12.138003  19429
12.140535  18624
12.144065  17784
12.146297  16898
12.147950  15965
12.149543  14978
12.154956  13926
12.157168  12794
12.159400  7249
12.161013  5048
12.162806  11562
12.165178  2920
12.171036  10198
12.172689  8652
12.178460  52569
12.184398  62592
12.186011  52185
12.188802  6830
12.191334  4521
12.192947  62410
12.197771  62319
12.200143  62136
12.206390  51992
12.211574  62045
12.213287  51595
12.215539  2920
12.217232  51395
12.225087  61804
12.226900  50993
12.235749  61683
12.257358  50791
12.259031  61441
12.263236  50384
12.266407  61311
12.268340  61050
12.274697  60919
12.276410  60598
12.285439  60437
12.287532  60114
12.291677  59946
12.294389  59609
12.305658  50164
12.310023  49722
12.317613  59440
12.319266  49499
12.321139  49051
12.323251  48825
12.334373  59100
12.337384  48327
12.344261  48076
12.346134  47570
12.348346  47312
12.354164  46792
12.355757  58929
12.358409  58586
12.362714  58414
12.364487  46530
12.366939  58068
12.370090  57894
12.374175  57545
12.376567  45971
12.379079  57370
12.380852  57017
12.386176  45688
12.388189  45118
12.390681  44830
12.392254  44250
12.394566  43960
12.396759  43376
12.399411  43080
12.401604  42494
12.404136  42197
12.406169  41598
12.408441  41301
12.414399  40703
12.423339  40400
12.430196  39810
12.435260  39511
12.439005  38908
12.440798  38602
12.447255  37985
12.459236  37672
12.467386  37039
12.477142  64356
12.479075  64186
12.481607  64101
12.485912  36718
12.489278  63927
12.492509  36069
12.499646  35739
12.504251  63840
12.506084  35072
12.513161  34733
12.517866  56841
12.522151  63666
12.526696  56487
12.531740  56309
12.533513  55951
12.536225  55771
12.538118  55410
12.542703  55229
12.546528  54864
12.548820  54681
12.554818  54313
12.559982  54128
12.561875  34047
12.567039  33697
12.569012  53756
12.571464  32974
12.585278  32605
12.594155  31857
12.603424  31462
12.613887  30662
12.616419  30252
12.618372  29420
12.623990  28992
12.630327  28123
12.634319  27675
12.636112  26768
12.650633  26299
12.656798  25345
12.662102  24850
12.666368  23840
12.675717  23314
12.682414  22237
12.688911  53569
12.690984  53193
12.693136  53004
12.694989  52624
12.697641  52433
12.699614  52049
12.713715  51856
12.719913  21703
12.724158  51468
12.728143  20609
12.737811  20033
12.775275  18847
12.781392  18217
12.785537  16913
12.792414  16211
12.801703  14746
12.807761  13941
12.813590  12237
12.823593  11267
12.827039  63575
12.829611  9158
12.841271  7861
12.842884  4839
12.847548  2920
12.852193  63391
12.869403  63299
12.884191  63114
12.895633  63022
12.901671  62837
12.906515  62744
12.909661  62558
12.919050  62465
12.925607  62278
12.930331  62184
12.933917  61996
12.936269  61902
12.952766  65535
13.038876  51268
13.043141  50867
13.047766  50665
13.049339  50259
13.051611  50055
13.059821  49644
13.067991  49437
13.077440  49021
13.081545  48811
13.084237  61693
13.086849  48371
13.089261  61589
13.093446  61379
13.096138  48149
13.098151  61274
13.102216  61063
13.108014  47703
13.111968  60958
13.117127  60746
13.119619  47476
13.121192  47020
13.128967  60640
13.130540  46790
13.132433  46327
13.134685  46093
13.136418  45608
13.141542  45363
13.145447  44870
13.149772  44616
13.162947  44104
13.166912  43845
13.169384  43324
13.171856  43061
13.183079  42530
13.187184  42262
13.189237  41721
13.191349  41447
13.197527  40896
13.203010  40617
13.204683  40054
13.207295  39769
13.260934  60427
13.263526  60320
13.285484  60106
13.294833  59981
13.298859  59730
13.305436  59604
13.325231  39194
13.328105  38903
13.342333  38316
13.345539  38018
13.347112  37417
13.348785  37112
13.350658  36496
13.362227  36183
13.368145  35551
13.375082  35230
13.376695  34581
13.378867  34251
13.383072  33584
13.392062  33244
13.393715  32532
13.396147  32169
13.398060  31433
13.420224  65535
13.486882  31066
13.490928  30323
13.493600  29943
13.499118  29173
13.500711  28778
13.503403  27976
13.505855  27564
13.512872  26727
13.515204  26296
13.517197  25425
13.519509  24975
13.525807  24058
13.528821  59511
13.531276  59323
13.533748  59229
13.535881  59040
13.538473  58946
13.541610  58770
13.544781  58682
13.546974  58505
13.549406  65535
13.556986  58417
13.561451  58241
13.569761  58153
13.571434  57976
13.576578  57888
13.579555  57710
13.586592  57621
13.590858  57442
13.593530  57353
13.595663  57174
13.598015  57084
13.602380  56904
13.664854  23732
13.666567  23072
13.669239  22733
13.671332  22043
13.673664  21688
13.675337  20965
13.677729  20594
13.679462  19839
13.681734  19447
13.683547  18676
13.686179  18275
13.688391  56833
13.690444  17454
13.692696  56690
13.694269  17025
13.696222  56619
13.698674  56475
13.701366  16144
13.703798  56403
13.705991  15680
13.707664  56259
13.709876  56187
13.711809  14729
13.713482  14223
13.718653  56042
13.721145  13174
13.723677  55970
13.725250  12608
13.727043  11425
13.729435  55825
13.731108  55752
13.733740  10772
13.735533  55606
13.738205  9387
13.740677  8592
13.742790  6855
13.745462  5767
13.747375  3179
13.749667  2920
13.838588  55543
13.848931  55416
13.857807  55353
13.864325  65535
13.882769  55226
13.887474  55163
13.889047  55035
13.893891  54971
13.895984  54843
13.898176  54779
14.103019  54715
14.106725  54586
14.149450  54515
14.158859  54373
14.163764  54302
14.165457  54159
14.174127  54088
14.181244  53945
14.183616  53873
14.187802  53728
14.191257  53655
14.195422  53492
14.200706  53411
14.207303  53248
14.209695  53162
14.215294  52988
14.221771  52901
14.223664  52717
14.238630  52625
14.244968  52440
14.249772  52345
14.253458  52154
14.258122  52058
14.260015  51866
14.273190  51770
14.275243  51577
14.277455  51479
14.280961  51282
14.289591  51183
14.294435  50970
14.296028  50863
14.300373  50649
14.360950  65532
14.364855  65531
14.370613  65528
14.386022  65520
14.388514  50542
14.390087  65535
14.392759  65503
14.396684  65495
14.398337  50327
14.403161  50219
14.405034  49991
14.409339  49877
14.411452  49648
14.415917  49529
14.418070  49290
14.420502  49170
14.430345  48925
14.439394  48802
14.442820  48556
14.460040  48428
14.461813  48171
14.464345  48042
14.466198  47781
14.468650  47650
14.470623  47387
14.477171  65479
14.483976  65471
14.488181  65455
14.517889  47272
14.527473  47042
14.534097  46927
14.561181  46695
14.563393  46579
14.565386  46345
14.570350  46228
14.573562  45993
14.575954  45875
14.581658  45638
14.585683  45519
14.590148  45280
14.813432  65508
14.815824  65495
14.817797  65468
14.833004  65525
14.840520  65520
14.847417  65510
14.851682  65451
14.853835  65417
14.856167  65400
14.867629  65357
14.870081  65336
14.871834  65293
14.874146  65498
14.884029  65473
14.885822  65461
14.903048  65418
14.905480  65397
14.907133  65535
14.917196  65354
14.922799  65333
14.926924  65289
14.929835  65262
14.936233  65207
14.950792  65180
14.957413  65109
14.967144  65074
14.968977  65003
14.977734  45155
14.994354  44905
14.998559  44779
15.000392  44526
15.002504  44399
15.006729  44144
15.010714  44015
15.014799  43756
15.017311  43626
15.019144  43360
15.021656  43226
15.025322  42958
15.040703  42758
15.050292  42355
15.059202  42152
15.060835  65535
15.063387  41725
15.067692  41510
15.072037  41077
15.078675  40858
15.080868  65485
15.083080  65460
15.086286  40418
15.087939  65447
15.089712  65431
15.101935  40196
15.103628  65409
15.105940  65381
15.107713  65423
15.113531  39732
15.116123  65325
15.118395  39497
15.122600  65297
15.124753  39024
15.127465  38777
15.133523  65240
15.138028  38279
15.140340  65212
15.142413  38027
15.146978  37516
15.149510  65407
15.151922  65399
15.153595  65155
15.156127  37257
15.159873  65383
15.166330  65117
15.168642  65375
15.174621  65359
15.176993  36735
15.181745  65041
15.184037  36455
15.186529  65351
15.188522  65335
15.192987  65003
15.194760  65327
15.196493  65311
15.207482  65303
15.209415  35891
15.211987  65287
15.214479  65270
15.218625  65279
15.220318  65224
15.222570  35605
15.224603  65201
15.228149  35022
15.230521  65188
15.233033  34726
15.234806  34129
15.237378  65155
15.244934  65142
15.246967  65050
15.249159  33825
15.252725  65132
15.256670  65004
15.260436  33212
15.265328  32900
15.266961  64912
15.271805  32269
15.274377  64866
15.281749  64774
15.284041  31948
15.290798  64728
15.298169  31262
15.306718  30912
15.313216  30203
15.329636  29840
15.341338  29105
15.343910  28718
15.350128  27932
15.354513  27528
15.363683  26708
15.366395  26286
15.368528  25428
15.370660  24999
15.384314  24125
15.393143  23672
15.409170  22749
15.411482  22269
15.424380  21288
15.433817  20775
15.440662  19723
15.447419  19169
15.449112  18029
15.454156  17423
15.455809  16169
15.459894  15494
15.476800  65535
15.478473  14084
15.488389  13308
15.490502  11666
15.497978  10730
15.508801  8693
15.528907  7293
15.530560  3954
15.532173  2920
15.625108  64965
15.626881  64889
15.629333  64851
15.694533  65100
15.698858  65035
15.707468  65003
15.714306  64938
15.716918  64771
15.721283  64906
15.722996  64731
15.731386  64651
15.733838  64841
15.738622  64809
15.742108  64742
15.744620  64611
15.748106  64530
15.756962  64490
15.758735  64709
15.766866  64642
15.769578  64596
15.778548  64409
15.783412  64504
15.786104  64458
15.787957  64367
15.790110  64365
15.794355  64282
15.797047  64240
15.801193  64319
15.804699  64226
15.825485  64106
15.829421  64180
15.846222  64039
15.848175  64042
15.863282  63905
15.865954  63973
15.874264  63835
15.883074  63762
15.885267  63838
15.887300  63703
15.892344  63615
15.894816  63542
15.906592  63636
15.941114  63501
15.952775  63429
15.971695  63284
15.975700  63211
15.979585  64958
15.983271  64868
15.988275  64823
15.990128  64733
15.994692  63065
15.996365  62992
15.999057  62846
16.010521  62773
16.017578  64688
16.023316  64598
16.086074  64553
16.090898  64462
16.114200  64417
16.120618  64667
16.122451  64326
16.126576  64281
16.130581  64179
16.132434  64128
16.135046  64545
16.139910  65533
16.144216  65529
16.146648  64484
16.148341  64361
16.155078  64300
16.166041  64177
16.168333  64116
16.174331  63469
16.177023  63993
16.181847  63322
16.186611  63931
16.190817  63807
16.193249  63248
16.197954  63745
16.200127  63621
16.202799  63559
16.208677  63422
16.210370  63353
16.212123  63215
16.214795  63146
16.216368  63007
16.232752  62937
16.236478  62747
16.241243  62652
16.247900  62461
16.249473  62343
16.253638  62107
16.268805  61989
16.270878  61751
16.275303  61632
16.281921  64026
16.288378  63975
16.290151  63872
16.295075  61393
16.314227  63821
16.316400  61269
16.318113  63718
16.335060  63667
16.339685  61020
16.354899  60895
16.358605  63564
16.361157  60645
16.365482  63513
16.379036  60520
16.384895  63410
16.389120  60268
16.396531  60142
16.399043  63358
16.401355  59889
16.411464  63254
16.430142  65510
16.432275  65459
16.434647  65535
16.442023  65434
16.468114  63162
16.475131  65383
16.481648  65358
16.487127  62989
16.500440  62903
16.517426  65307
16.520138  65282
16.576806  62729
16.719186  62642
16.720959  62696
16.722612  62468
16.727297  62381
16.738853  62206
16.750643  62118
16.764896  62542
16.774265  62465
16.776418  62310
16.783594  62233
16.788458  61942
16.795614  61854
16.797767  61677
16.799899  61589
16.802012  61412
16.804324  62156
16.806616  62079
16.809168  61323
16.810861  62002
16.813033  61924
16.824734  61145
16.833683  61846
16.843331  61740
16.848914  61038
16.858803  60931
16.861135  65525
16.865680  65517
16.870924  60824
16.876810  60717
16.879222  61634
16.883806  60610
16.886398  61527
16.889110  60502
16.896026  61420
16.898618  60394
16.902044  60286
16.905255  60175
16.910059  60064
16.926045  59953
16.931149  59841
16.933481  65513
16.935813  61317
16.937566  61213
16.942510  61109
16.944283  61005
16.949287  65509
16.951739  60901
16.960808  65504
16.964558  60797
16.966331  60692
16.971235  65499
16.973627  60587
16.979410  65494
16.982421  60482
16.987125  60377
16.990311  65482
16.994326  63194
16.995899  60272
17.000064  65470
17.002858  63073
17.008441  60167
17.011053  60061
17.015118  59955
17.024566  63012
17.028991  59849
17.031363  62890
17.035608  62829
17.039613  59743
17.041226  62707
17.043438  65529
17.046469  59637
17.052120  65517
17.055351  59530
17.057463  62641
17.061029  65511
17.063321  65499
17.065553  62575
17.067146  65493
17.096974  62504
17.099186  62433
17.102572  59731
17.105084  62362
17.106897  59620
17.115127  65484
17.123729  65475
17.126361  62272
17.130486  62182
17.140214  65466
17.145198  65457
17.147570  62092
17.152454  65443
17.154626  59773
17.157018  65448
17.159710  59541
17.161303  62002
17.164454  65439
17.166247  59425
17.168519  65416
17.171231  59191
17.173883  65430
17.178667  65389
17.185216  65404
17.192916  59509
17.194609  59075
17.197620  65362
17.201805  65335
17.204377  65378
17.207388  58958
17.218722  59423
17.220934  58841
17.223226  59316
17.232789  58724
17.237833  58607
17.241379  58490
17.243851  58372
17.255966  58254
17.267976  58136
17.276046  58018
17.280391  57899
17.283382  57780
17.290338  57661
17.292950  57542
17.296061  57422
17.307455  57302
17.323928  61911
17.331431  57170
17.337153  57038
17.350931  61820
17.352624  61729
17.355176  56902
17.356929  61638
17.367730  56766
17.369383  56643
17.383400  61547
17.385053  56520
17.387924  56397
17.392169  61456
17.398866  61365
17.402276  59398
17.404269  59287
17.414336  56273
17.416848  56149
17.431795  56025
17.434946  55901
17.441683  65249
17.443536  65216
17.445169  61273
17.447301  61181
17.449154  65183
17.451706  61089
17.457595  55776
17.462163  65150
17.469299  65117
17.481339  65084
17.483911  65051
17.486423  65018
17.490308  59178
17.491881  59068
17.500615  58958
17.502847  64985
17.505519  64952
17.529919  64904
17.534823  64856
17.537355  64808
17.584856  58848
17.591513  58738
17.595263  58628
17.725216  58517
17.728482  58406
17.747283  58295
17.758271  58184
17.768673  58073
17.778209  59204
17.784866  59092
17.797046  58979
17.799538  58866
17.804362  58753
17.806574  57961
17.816182  57849
17.823667  58640
17.825440  57737
17.835000  57625
17.836773  57513
17.839425  57400
17.845674  29320
17.845674  29091
17.857913  57284
17.864370  57170
17.869354  65307
17.871566  65279
17.885719  28585
17.885719  28355
17.892776  28124
17.896171  28861
17.898244  27891
17.904566  28630
17.914182  27653
17.921658  27413
17.935919  27171
17.940943  65251
17.943335  26927
17.945587  28397
17.948139  28162
17.953123  27925
17.955535  27685
17.960699  65223
17.963031  27443
17.973139  27200
17.975831  26955
17.983547  65195
17.986239  26708
17.990024  65166
17.993195  26458
17.997420  65137
17.999812  26205
18.001625  25952
18.009920  65108
18.013071  60996
18.023283  60903
18.028447  25697
18.041506  60810
18.043858  25439
18.046130  60717
18.051314  60622
18.056018  60527
18.058490  25179
18.060882  24911
18.063434  65351
18.065047  65324
18.067299  60432
18.068872  60337
18.072083  65297
18.073656  60242
18.077406  65270
18.082430  60147
18.084902  65243
18.109122  60052
18.110855  30026
18.110855  29834
18.115639  26680
18.118750  29640
18.120363  26431
18.128837  65216
18.135074  32608
18.135074  32552
18.136827  29445
18.141631  29249
18.148927  32498
18.150520  32446
18.155424  29054
18.161666  65079
18.164098  32394
18.166510  55651
18.168922  28857
18.171194  55526
18.173866  55401
18.176458  32342
18.179170  65050
18.181622  55276
18.184334  55150
18.186806  55024
18.191510  65021
18.193323  32290
18.200265  26181
18.202437  54898
18.204969  64992
18.209833  64963
18.213004  32237
18.214857  54771
18.219831  24649
18.222762  27385
18.222762  27135
18.224954  24384
18.234263  26882
18.237334  26628
18.243241  26372
18.245753  26114
18.250816  25857
18.260252  25599
18.262005  25345
18.270934  25089
18.275159  24830
18.276812  24568
18.279184  24303
18.281456  24036
18.290573  23767
18.299626  28682
18.304645  23504
18.312260  23238
18.320669  65523
18.328763  65511
18.331435  65499
18.334606  28506
18.338471  28329
18.340224  22969
18.342836  65487
18.345208  65475
18.349852  28151
18.351745  65463
18.354676  65451
18.357687  22697
18.361792  22420
18.365622  32725
18.365622  32700
18.371065  27966
18.377407  22130
18.379140  21831
18.384303  27778
18.386895  27587
18.389307  32666
18.391879  25943
18.393552  32632
18.395984  25703
18.407691  21526
18.410822  21217
18.428805  32598
18.431377  20904
18.433649  20585
18.440246  64736
18.442778  64664
18.445170  27395
18.448281  27201
18.450453  32332
18.450453  32187
18.452226  20260
18.454019  32046
18.460221  27006
18.464466  31904
18.472381  32562
18.476366  31761
18.478938  31618
18.483882  31472
18.491318  31329
18.493590  25461
18.495503  25217
18.499528  24969
18.504831  31186
18.510434  32525
18.523928  31042
18.528253  30897
18.533037  30748
18.542546  32767
18.542546  32831
18.544778  32895
18.561282  32959
18.564688  33023
18.567799  24725
18.580439  24478
18.583550  24229
18.586601  32767
18.586601  32758
18.589233  32749
18.591845  32740
18.606577  32731
18.609229  32722
18.616245  32713
18.715197  23977
18.720061  23718
18.733794  23458
18.743502  23196
18.756261  22931
18.761939  24132
18.766898  23878
18.779138  23623
18.780911  23365
18.784197  23106
18.786689  22668
18.792986  22405
18.800561  22846
18.803712  22139
18.809155  21872
18.810748  21602
18.812581  21329
18.814793  22590
18.828293  21056
18.833896  20780
18.840138  64946
18.844143  64929
18.859821  10390
18.859821  9831
18.866143  9240
18.870448  22331
18.872820  8611
18.877704  22069
18.881030  7944
18.889440  7221
18.904581  6425
18.910726  5531
18.913258  21806
18.915590  21540
18.922197  21271
18.925288  20998
18.929313  64913
18.931685  20722
18.940694  20442
18.943925  20158
18.948190  64898
18.949983  19874
18.953988  64884
18.957179  19586
18.961484  64870
18.964016  19294
18.965589  18998
18.974428  64856
18.976141  26830
18.988241  26652
18.994542  18697
19.005923  26473
19.008455  18390
19.010787  26293
19.017972  26110
19.023535  25926
19.028406  18078
19.030778  32210
19.032771  32183
19.034943  25741
19.037435  25553
19.039867  32156
19.042918  25363
19.044971  32129
19.050441  25171
19.052633  32102
19.079553  24977
19.083348  12488
19.083348  12097
19.087933  4488
19.090345  11694
19.092038  3203
19.098974  32074
19.102360  32047
19.106429  11273
19.111193  10837
19.115617  32020
19.119842  31993
19.126583  10383
19.130093  64842
19.131906  31966
19.134118  19957
19.137029  9911
19.139002  19650
19.143750  31939
19.146921  64827
19.150733  19338
19.152646  19021
19.155677  18699
19.160521  64812
19.162913  31912
19.168596  2920
19.170349  18370
19.172941  64796
19.178304  18040
19.180816  64780
19.182589  17762
19.184861  31885
19.187493  9020
19.187493  8348
19.190948  17440
19.201176  7622
19.202809  6826
19.206954  5941
19.208627  4924
19.216942  3697
19.221726  2920
19.256975  9440
19.281747  32509
19.290161  32493
19.292992  8946
19.301242  32479
19.302935  32466
19.304888  8424
19.311077  7870
19.314108  32453
19.315681  32440
19.324255  16220
19.324255  16193
19.329459  7277
19.343611  6635
19.345364  16167
19.350208  16141
19.377015  16126
19.388735  33087
19.391806  30628
19.394917  30508
19.397269  5950
19.398842  5190
19.400635  30388
19.406563  30267
19.410748  4319
19.416770  30146
19.425044  16111
19.431530  30024
19.434721  29901
19.439625  29777
19.442097  29653
19.454676  29529
19.458701  16096
19.467390  29409
19.469882  29291
19.476439  29172
19.481743  33150
19.486447  16575
19.486447  16702
19.488679  16828
19.507206  16953
19.514302  17077
19.533813  32730
19.537778  32747
19.540130  32764
19.554332  32781
19.556964  32798
19.562128  32816
19.693560  17151
19.701156  16857
19.715134  16558
19.717526  16253
19.721611  15939
19.739034  15617
19.751629  7808
19.751629  7148
19.765665  64778
19.774459  64776
19.791039  6474
19.801366  5730
19.832272  4897
19.834504  3922
19.839168  2920
19.895942  3424
19.909060  2920
19.951220  31887
19.953632  31889
19.960868  31891
19.968544  31893
19.973748  31895
20.015710  31900
20.021528  15950
20.021528  15960
20.032509  15970
20.037473  15980
20.043071  64777
20.044724  15995
20.062954  16010
20.066664  64778
20.074934  64779
20.078025  16025
20.082909  64781
20.087913  64784
20.099374  16040
20.148172  16187
20.155848  16279
20.160632  16378
20.163264  16477
20.172632  16577
20.177856  16676
20.184241  8338
20.184241  8535
20.198934  8740
20.203858  8940
20.224250  9152
20.235563  17200
20.237935  29121
20.242400  29070
20.249556  14535
20.249556  14432
20.257979  14328
20.265994  14222
20.270958  9362
20.272611  14126
20.275143  14029
20.278354  13935
20.280706  13841
20.285118  13757
20.289862  9587
20.294447  13679
20.299511  13601
20.304115  13522
20.310892  17322
20.312745  17444
20.315876  17565
20.328331  17805
20.333675  17923
20.338679  16408
20.338679  16536
20.341251  16663
20.343703  16789
20.349106  16914
20.351698  17038
20.354390  17162
20.456674  64816
20.464010  64848
20.516059  64880
20.520044  64912
20.530233  64944
20.538548  64976
20.543532  65008
20.564681  16171
20.567033  16301
20.571338  16430
20.573011  16558
20.577955  16685
20.593513  3644
20.598297  16811
20.603241  16936
20.605493  17060
20.608005  17183
20.610217  65040
20.611930  17306
20.614642  17428
20.616495  65072
20.618128  65104
20.621239  17549
20.622932  65136
20.629322  65168
20.632193  17669
20.634525  3644
20.646186  9807
20.650391  10022
20.656788  10232
20.659420  10438
20.664284  10640
20.666736  10838
20.701123  5419
20.701123  5809
20.712624  18040
20.720419  13678
20.723071  13832
20.725683  13984
20.729708  14135
20.733853  14284
20.738777  6172
20.741489  14432
20.743601  14578
20.746073  14723
20.748445  14866
20.750897  15008
20.755142  6857
20.758153  15148
20.760545  15287
20.766323  15425
20.769893  18274
20.785320  18389
20.791958  18618
20.794590  17285
20.797042  17407
20.799394  17528
20.803879  17648
20.808783  17767
20.812888  17885
20.891901  3644
20.900315  65200
20.904260  65232
20.911796  3644
20.917494  2920
20.917494  3644
20.940236  65264
20.942868  65296
20.952017  65328
20.954729  18731
20.956462  18956
20.965751  65360
20.972069  65392
20.987836  17788
20.989429  17906
20.991042  18024
20.993155  18141
20.998458  18257
21.008945  4224
21.011197  2920
21.011197  3644
21.017115  18372
21.021060  65424
21.023053  9186
21.023053  9416
21.026723  9640
21.029255  65456
21.031767  65488
21.034059  10078
21.036371  65520
21.038923  65535
21.041595  2920
21.041595  3644
21.044087  4224
21.046399  10287
21.048212  4724
21.056802  7165
21.058995  7755
21.063560  8027
21.065273  8553
21.072230  8800
21.074003  9280
21.105390  15562
21.107922  15697
21.110494  7848
21.110494  8117
21.112946  8377
21.115398  8629
21.121902  8873
21.126467  9111
21.128959  9343
21.131331  9569
21.135695  9785
21.137268  10001
21.139161  10212
21.147576  10419
21.149968  19067
21.151721  19288
21.168860  19397
21.170993  8942
21.170993  9178
21.175258  19614
21.177870  9408
21.180302  9857
21.182954  10071
21.184647  3158
21.186440  3599
21.188113  10482
21.189686  10683
21.288186  4224
21.319869  4224
21.326246  2920
21.326246  3644
21.334616  4224
21.337547  4724
21.366289  19721
21.376237  19935
21.398600  10492
21.400693  10894
21.403025  11088
21.404718  11469
21.407310  11653
21.415421  3792
21.422965  4224
21.429582  2920
21.429582  3644
21.431814  12015
21.434925  4224
21.447305  5171
21.452748  2920
21.452748  3644
21.457792  4224
21.462077  9507
21.465403  9951
21.469288  4724
21.477343  10163
21.481069  10579
21.483201  10778
21.507059  10621
21.513656  10820
21.518680  5410
21.518680  5792
21.521252  6076
21.525217  6583
21.532498  6811
21.534311  7251
21.539295  7458
21.545018  7860
21.547450  8050
21.553248  8407
21.557513  8575
21.559586  8905
21.561818  20041
21.563411  20251
21.583976  20355
21.585909  10880
21.587482  20562
21.592506  11268
21.595158  4159
21.597310  4326
21.599363  11455
21.601496  11824
21.603748  12002
21.723070  2920
21.723070  3644
21.771234  2920
21.771234  3644
21.773926  4224
21.778770  4724
21.836557  20632
21.839229  20773
21.854716  12178
21.858482  12190
21.862108  12536
21.869464  12704
21.871117  13036
21.883737  13190
21.887963  13494
21.891968  2920
21.891968  3644
21.925341  2920
21.925341  3644
21.929406  4224
21.939393  4724
21.942719  10974
21.945311  11359
21.947803  5158
21.960058  5555
21.961631  11545
21.963244  11911
22.041095  20843
22.043248  20982
22.050664  21051
22.069502  21189
22.076539  21257
22.083497  12302
22.087902  9064
22.090194  9220
22.092387  4487
22.096752  12549
22.099244  9527
22.101596  4797
22.105861  12660
22.107554  12880
22.110266  9675
22.114371  4942
22.118716  9967
22.127806  10109
22.129699  10389
22.166149  10343
22.177671  12077
22.179584  12406
22.233192  4224
22.241462  5224
22.251749  5628
22.255914  6379
22.260738  6710
22.265103  7340
22.274851  7521
22.284380  7485
22.297274  2920
22.297274  3644
22.299886  4224
22.325160  4967
22.335702  12899
22.344751  65532
22.353900  65529
22.368308  65522
22.371000  21274
22.373652  21309
22.387694  65515
22.396264  13583
22.397857  13760
22.402861  13847
22.406767  14021
22.409239  14106
22.410892  14276
22.413284  4224
22.415137  5224
22.417709  65512
22.419881  5628
22.421934  6379
22.424566  6710
22.426519  65509
22.428811  7340
22.431303  65506
22.433735  7628
22.435648  8182
22.438180  65504
22.440812  8321
22.444977  8296
22.446710  8210
22.449302  65502
22.451075  8167
22.453587  2920
22.453587  3122
22.455839  3311
22.457652  3489
22.462616  3658
22.465208  3819
22.468379  3973
22.476130  12445
22.478422  4121
22.480335  12523
22.493269  12556
22.498972  12623
22.547120  10296
22.555890  10249
22.562288  10155
22.567612  10035
22.570244  9791
22.597440  12877
22.607743  9664
22.616421  21306
22.618154  21299
22.623018  9406
22.628696  9274
22.631128  8983
22.635193  12789
22.639138  12745
22.643502  4979
22.645555  5004
22.647787  12563
22.651872  12471
22.658409  12285
22.720617  12633
22.722510  12653
22.804400  21250
22.811836  7412
22.815781  7338
22.818812  65500
22.824603  65498
22.827255  4479
22.828968  4960
22.831640  5177
22.833773  5593
22.838438  5785
22.840071  6157
22.842203  6332
22.843956  6672
22.848081  6833
22.849914  6716
22.855038  4641
22.856611  6657
22.860936  6578
22.862669  6315
22.864921  6185
22.866874  5946
22.870739  5829
22.872732  65494
22.879329  65487
22.893043  65479
22.909009  65471
22.912801  21151
22.914734  21102
22.933233  65463
22.937777  14259
22.939970  14224
22.945034  14207
22.951492  14172
22.953165  14155
22.954958  14120
22.959622  14103
22.961455  65453
22.971476  65443
22.973988  65433
22.979571  65423
22.985314  8123
22.987626  8035
22.990178  65413
22.996895  7991
23.018525  12605
23.020917  12508
23.028608  7264
23.030940  2920
23.030940  3122
23.052114  12459
23.060008  12361
23.096400  4113
23.103037  2921
23.108021  12179
23.136321  8833
23.144152  8680
23.145765  8369
23.150030  21052
23.166990  20952
23.170081  20902
23.176480  8208
23.191276  20801
23.198213  20751
23.205808  7946
23.214518  7675
23.216211  7114
23.220676  11964
23.227233  6808
23.229066  11855
23.230639  2920
23.233031  11631
23.237843  11517
23.249765  11165
23.252257  6169
23.254749  7941
23.256802  10984
23.308628  12297
23.310641  12167
23.363194  7189
23.373737  7001
23.398079  65403
23.400511  65393
23.420055  65383
23.431723  5710
23.435369  5466
23.437761  65371
23.443839  5339
23.454545  5209
23.457911  65359
23.466361  5882
23.469871  65347
23.482206  20689
23.495001  20565
23.501458  65331
23.504924  14057
23.509608  13964
23.519297  13912
23.520870  13806
23.525155  13753
23.527108  13646
23.529280  7859
23.530933  65315
23.533585  7655
23.539742  65299
23.542034  65280
23.543647  7506
23.545280  65262
23.546893  7208
23.553514  65245
23.566967  12101
23.568660  11969
23.570912  11902
23.573085  3001
23.574918  2920
23.607913  11739
23.612877  5047
23.614630  11657
23.683781  20472
23.697064  5581
23.718628  13569
23.731044  20293
23.733476  20203
23.744798  20047
23.747450  19968
23.779124  10827
23.783349  10507
23.790965  10347
23.792938  10021
23.799395  9867
23.801288  9555
23.803900  9394
23.810898  5282
23.817839  4650
23.865320  11574
23.868012  11406
23.936371  6860
23.938324  6571
23.942489  6369
23.955763  65230
23.957995  19889
23.959948  65215
23.962280  4880
23.966086  4534
23.977028  4348
23.978761  65200
23.980953  3843
23.983505  3557
23.992035  65186
23.994167  3248
24.008575  9230
24.012840  65172
24.023888  65158
24.045892  19734
24.047505  19656
24.052649  65145
24.059266  13507
24.061379  13382
24.063751  13319
24.072481  13193
24.076866  13129
24.080751  13001
24.083203  7097
24.085076  65132
24.087448  12936
24.089141  6871
24.093206  65119
24.099513  65106
24.102165  65092
24.107029  65078
24.109601  6755
24.118091  6518
24.119804  5984
24.130119  11321
24.132311  11150
24.159839  11061
24.161572  10882
24.237759  4291
24.278711  3902
24.283256  3046
24.290033  2920
24.303495  19578
24.307940  19421
24.319062  6382
24.325340  19342
24.329226  19183
24.342137  19103
24.368327  9063
24.372332  8723
24.376297  8547
24.378909  10781
24.380642  8186
24.386600  7993
24.393077  7597
24.447759  10578
24.452703  10475
24.508170  12871
24.541815  18942
24.557087  65064
24.559799  65050
24.566096  2920
24.573272  65036
24.585014  65009
24.609551  7300
24.613796  64982
24.624478  64955
24.634081  18838
24.635694  18628
24.657703  64928
24.660255  12730
24.662747  12659
24.672930  12513
24.677095  12439
24.678988  64901
24.685825  12168
24.687977  12030
24.692382  64874
24.694674  64847
24.697246  64820
24.699358  64793
24.701990  6214
24.707074  5780
24.708747  5356
24.719849  10371
24.723914  10160
24.727449  10052
24.745503  9783
24.754072  9645
24.794399  6681
24.836575  18512
24.872332  11763
24.889412  18275
24.896069  18155
24.906292  17925
24.913568  17809
24.934554  5128
24.941032  6390
24.950476  5782
24.954741  5446
24.959385  4732
24.965033  4321
24.976261  3421
24.985220  2920
25.020914  9485
25.022707  9160
25.067973  6089
25.074870  5833
25.094981  4650
25.106003  17603
25.108235  17499
25.122963  64775
25.133614  64757
25.140131  64739
25.147068  64722
25.158229  32361
25.158229  32327
25.169590  5699
25.188563  17318
25.191514  17227
25.217542  9010
25.219874  11674
25.226352  11493
25.233549  11402
25.235722  5425
25.238214  11217
25.242599  11123
25.251948  10933
25.270407  4369
25.274273  10837
25.278318  8757
25.280750  8627
25.299603  8363
25.303728  8227
25.458879  10642
25.461291  10543
25.478554  17135
25.488602  16950
25.491114  16857
25.495419  16669
25.499744  16574
25.533709  8089
25.587447  7807
25.589080  7661
25.654377  4069
25.658123  3425
25.666892  16383
25.671896  16287
25.712913  32297
25.747472  16077
25.749824  15971
25.794366  10439
25.795979  10229
25.800464  5281
25.804789  10112
25.811407  4985
25.815452  9874
25.820356  9752
25.822189  3043
25.823982  4807
25.825635  9505
25.841362  7512
25.846980  7209
25.861594  7028
25.863767  6655
25.870724  6459
25.958522  15864
26.019478  9390
26.021231  9156
26.039528  2920
26.053003  15649
26.055495  15540
26.058881  15320
26.064324  6067
26.070222  15209
26.168223  5858
26.189034  4623
26.243307  9036
26.255082  14970
26.261499  14849
26.287483  16148
26.287483  16088
26.304169  16028
26.326132  14605
26.331096  14481
26.369245  5642
26.375542  8793
26.389185  8668
26.392511  8415
26.394943  4395
26.399208  8285
26.405777  8020
26.409782  7841
26.414487  7475
26.423216  5418
26.425009  5184
26.444080  4875
26.523852  14230
26.593288  7300
26.600066  6941
26.605509  4155
26.616166  3647
26.641740  14088
26.643873  13800
26.647818  13653
26.651883  13356
26.656647  4546
26.658819  4193
26.757603  3810
26.838586  13205
26.840599  12898
26.848455  12741
26.867528  8014
26.867528  7893
26.906508  12403
26.909040  12230
26.949006  3372
26.953491  6753
26.962440  6365
26.980559  3358
26.982212  2920
26.984844  6160
26.988769  5735
26.996465  5507
27.003142  5031
27.005654  4742
27.011312  4127
27.016076  2920
27.117327  12054
27.192900  3707
27.194753  2920
27.241121  11697
27.251587  11513
27.309001  11326
27.317940  11136
27.446029  10916
27.456017  10692
27.467298  3946
27.467298  3700
27.503419  10457
27.506685  10217
27.679423  10027
27.816786  9834
27.829964  9637
27.883982  9436
27.888766  4718
27.888766  4302
28.014496  3860
28.028170  2920
28.037439  3346
28.039032  2920
28.473844  3006
28.477570  2934
28.482015  2962
28.492977  3035
28.528875  3202
28.531227  3459
28.534578  3064
28.549131  2999
28.566112  3151
28.578887  3689
28.581459  2992
28.593315  3709
28.597660  3993
28.599313  4522
28.605790  4755
28.607503  5199
28.609815  5402
28.616033  5793
28.618485  5975
28.620058  6328
28.641128  3137
28.658288  3393
28.662513  3197
28.664326  3231
28.666419  3866
28.671104  3793
28.673236  4073
28.674869  4467
28.677381  3189
28.680093  3281
28.681846  3461
28.722488  4033
28.759607  3958
28.763612  3726
28.770788  6498
28.773959  3952
28.775712  4209
28.777405  6829
28.779537  4681
28.787273  4893
28.805311  5074
28.807384  3111
28.809317  3328
28.813242  3426
28.814895  3931
28.819859  4162
28.821932  4598
28.832094  3215
28.838032  3607
28.839925  3888
28.843970  3504
28.859890  3455
28.864235  3699
28.867406  4018
28.875996  4270
28.879442  4646
28.886498  4388
28.894769  4619
28.897261  4728
28.905097  4942
28.945247  4379
28.951892  4572
28.960822  5244
28.965127  4941
28.989304  4279
28.996021  4743
29.002398  3636
29.006903  3891
29.011907  4010
29.046527  5421
29.056950  6986
29.059123  7294
29.061595  7441
29.063228  7730
29.068152  7869
29.069825  8143
29.077242  8270
29.079335  8520
29.082346  8641
29.084539  8880
29.103871  4805
29.125056  4958
29.130894  5120
29.134005  4038
29.135958  4498
29.138490  5442
29.140922  4704
29.142935  5027
29.144588  5195
29.146720  5593
29.153418  5243
29.155531  5339
29.218571  3813
29.222796  4034
29.229593  5764
29.239491  5112
29.246129  5442
29.248721  4795
29.254979  8996
29.256692  5925
29.258285  9226
29.262270  6081
29.292965  6213
29.294618  6471
29.296411  4138
29.301075  4342
29.310271  5174
29.312583  5349
29.316788  5688
29.325318  5847
29.331656  5386
29.335502  5480
29.341799  4125
29.345005  4350
29.358759  4439
29.362369  4629
29.368907  5740
29.371100  5526
29.380863  5617
29.387660  5635
29.395431  5672
29.401788  5617
29.403621  5505
29.439792  5597
29.443697  6565
29.445410  5899
29.461344  6020
29.470214  6258
29.483136  4952
29.487681  5353
29.489274  5495
29.495731  4456
29.497764  4664
29.541851  6658
29.549862  9338
29.551795  9559
29.553987  9662
29.558312  9867
29.565109  9935
29.569454  10071
29.571726  10110
29.573539  10189
29.575112  5883
29.577244  10228
29.580690  10306
29.623940  6023
29.635421  4901
29.637354  6047
29.639187  5444
29.640940  5280
29.643352  6095
29.660219  5320
29.664844  5257
29.667037  5129
29.682324  5748
29.709254  4713
29.717684  4670
29.720196  4751
29.727273  6797
29.737556  6328
29.740088  6871
29.743554  10355
29.745786  6468
29.747659  10452
29.749292  10500
29.755154  6944
29.782797  7017
29.790648  7161
29.795632  4711
29.797325  4631
29.802169  5912
29.806155  6040
29.810380  6103
29.814645  6165
29.816418  6195
29.818970  5105
29.823235  5056
29.824828  5031
29.833817  5456
29.840015  4624
29.847371  6101
29.849084  4579
29.857775  4558
29.859848  4410
29.877446  4981
29.887075  4956
29.893073  4905
29.897538  4880
29.901503  4829
29.903276  4803
29.942819  7220
29.950390  6487
29.955075  6526
29.972774  6545
29.976280  6583
29.978712  6602
29.996170  4487
30.000935  5828
30.007952  4440
30.012257  4345
30.028330  6225
30.056045  7278
30.057678  10548
30.066288  10644
30.068440  10691
30.073085  6107
30.075178  6120
30.078983  10785
30.080856  10832
30.083308  10925
30.087573  10930
30.091439  10941
30.093551  10940
30.099309  10937
30.134033  6126
30.149401  5626
30.151034  5956
30.153646  6112
30.155279  6139
30.161916  6129
30.169267  6109
30.171919  4715
30.175685  4536
30.183221  4439
30.189399  4239
30.194263  5958
30.198748  6021
30.236139  4334
30.238332  7370
30.241044  7415
30.242857  4178
30.246068  4098
30.266474  6621
30.268207  6659
30.270599  10934
30.272652  10927
30.277496  7477
30.299841  7479
30.306738  7484
30.311830  7486
30.316075  3933
30.318567  3847
30.320400  6255
30.324286  6315
30.333115  6321
30.336381  6334
30.341245  4135
30.342898  3921
30.354359  4273
30.360596  4125
30.376330  3661
30.378922  3563
30.407589  3738
30.411555  3354
30.422197  3109
30.423910  2920
30.478215  10920
30.481186  6644
30.483179  6613
30.501497  6598
30.503290  6566
30.521748  6084
30.523381  4049
30.536276  3893
30.542074  3785
30.546759  3562
30.549271  6328
30.568604  6156
30.572310  7475
30.575496  6068
30.592795  10905
30.597340  10898
30.599892  5957
30.602304  5901
30.604676  10844
30.606309  10817
30.608521  10755
30.611213  10724
30.617510  10661
30.619323  10630
30.622514  10575
30.629171  10548
30.671114  6245
30.673826  5794
30.677376  6289
30.679069  5740
30.694057  5630
30.699201  6489
30.710067  6064
30.747962  6242
30.752846  7464
30.757470  7459
30.759603  3338
30.761536  2920
30.776402  6418
30.782811  10544
30.785163  10542
30.790307  7454
30.798897  7452
30.822980  7447
30.834182  6212
30.836355  6151
30.838887  6121
30.847317  6059
30.852181  6028
30.870813  6269
30.877230  3355
30.884167  2920
30.924882  6054
31.007235  6382
31.015190  6346
31.027970  6310
31.030502  6274
31.040050  7445
31.047674  7443
31.120576  10540
31.127293  5574
31.129845  5518
31.131498  10538
31.133990  5461
31.137775  10536
31.139788  10534
31.142559  10532
31.149715  10496
31.152147  10460
31.155533  10424
31.158684  10388
31.199155  6232
31.201527  6158
31.204039  5403
31.212269  5345
31.221338  5258
31.240474  6030
31.246951  5981
31.275968  5997
31.282924  7441
31.289281  7439
31.312930  6237
31.315242  6200
31.317854  10344
31.320126  6163
31.322019  7425
31.332766  7411
31.366710  7363
31.375879  5966
31.380204  5935
31.385128  5900
31.407395  6121
31.411661  6046
31.524206  10297
31.539025  6071
31.548933  5977
31.561672  2988
31.561672  2920
31.573213  7312
31.577838  7260
31.584974  5800
31.654908  10248
31.662164  5957
31.664736  5162
31.667028  5064
31.669180  10197
31.670833  2920
31.673984  5098
31.673984  4995
31.678496  4890
31.680229  4774
31.686007  4655
31.691690  4533
31.694976  4408
31.697388  4279
31.730816  6008
31.737428  5970
31.770795  5901
31.790625  5746
31.800912  3630
31.800912  3596
31.803544  3585
31.830501  4260
31.833747  3590
31.842996  3595
31.874496  3618
31.882851  5721
31.888833  2920
31.915770  5977
31.917503  5984
32.026014  4299
32.070225  3705
32.076602  3790
32.082520  2934
32.146264  4387
32.152901  5965
32.155093  3006
32.156706  3202
32.161458  4473
32.163071  4567
32.165104  4673
32.168215  4777
32.174732  4878
32.176944  4982
32.181329  5083
32.183082  5182
32.216970  6054
32.219162  3327
32.221015  6134
32.239767  2977
32.242119  3005
32.243812  6089
32.263898  3128
32.274919  4001
32.279983  2963
32.282235  4201
32.296823  3122
32.298476  5349
32.301008  4643
32.309777  4847
32.330465  3084
32.332657  5318
32.334630  3200
32.342645  3398
32.347669  3653
32.352793  3890
32.370653  3067
32.370653  3418
32.373285  3733
32.375178  3300
32.379203  3434
32.381835  3754
32.384367  3115
32.386140  3900
32.388313  3481
32.390565  3644
32.396543  3358
32.398915  3937
32.401627  3509
32.425983  4192
32.427616  4328
32.438858  4591
32.441510  4715
32.474220  5594
32.479084  3812
32.490066  4133
32.493257  4726
32.511694  5600
32.514166  6158
32.517512  4596
32.536304  4119
32.541707  4329
32.552749  4729
32.555021  4912
32.557154  5010
32.559626  5149
32.591397  5835
32.596421  3044
32.596421  3488
32.598074  4264
32.602439  4868
32.604192  6077
32.606884  3038
32.606884  3504
32.609356  3908
32.612507  4632
32.616299  4926
32.619936  5371
32.623795  5520
32.627322  5807
32.657681  4101
32.661606  4781
32.663778  5469
32.665611  5619
32.677866  5912
32.681212  6051
32.684223  3900
32.704769  4894
32.719002  3737
32.732695  6058
32.747384  5273
32.761238  4268
32.763410  6436
32.765423  4500
32.767076  6968
32.771561  5507
32.797477  6435
32.799829  6615
32.806007  6966
32.808239  7132
32.809892  5505
32.811965  5950
32.819142  5224
32.821115  5887
32.841266  7493
32.843718  7665
32.852508  8012
32.855459  8178
32.857572  8503
32.901140  6614
32.903113  5057
32.907558  5675
32.911923  5969
32.916288  6528
32.927230  6783
32.939885  7231
32.943391  7739
32.945863  5783
32.970686  6156
32.973912  6554
32.983288  6741
32.985081  7104
32.987513  8659
33.002628  8966
33.026826  6879
33.031431  4295
33.033624  4720
33.035357  6181
33.037550  7389
33.039662  6741
33.042194  7637
33.045920  8140
33.050185  8376
33.085605  5143
33.089990  9114
33.091743  9406
33.093955  5817
33.096447  6115
33.111915  9547
33.113968  9826
33.175256  7276
33.179002  7613
33.186038  5194
33.188690  5409
33.193295  7976
33.195228  6064
33.197281  6600
33.204058  8437
33.213586  8654
33.223909  9935
33.225622  10152
33.232459  10258
33.236904  7762
33.238917  10468
33.241189  8056
33.245514  6998
33.247467  7493
33.260127  7724
33.261800  8197
33.274156  10570
33.285038  10774
33.291016  10874
33.293408  11072
33.298546  11169
33.300339  11362
33.319072  4659
33.337886  8605
33.342671  7029
33.344404  9052
33.348948  7504
33.351080  7726
33.354426  8158
33.377827  9079
33.385251  9281
33.404148  5616
33.413896  8475
33.416388  8609
33.422266  8874
33.424618  9002
33.435675  11443
33.437328  11605
33.459911  9264
33.462146  7948
33.464259  8384
33.466531  9679
33.470656  9877
33.474042  10266
33.521583  11690
33.523196  11859
33.525568  6398
33.530392  6939
33.544165  11942
33.546058  12108
33.561485  8362
33.582311  6846
33.600405  7321
33.629206  9128
33.630879  5815
33.633591  9378
33.636003  7543
33.637936  6200
33.642601  7974
33.652449  9479
33.659027  9867
33.674134  12190
33.676207  12353
33.680252  4994
33.684757  12433
33.686950  9472
33.688623  12592
33.691275  9659
33.693447  5620
33.696139  8585
33.700564  10445
33.704769  8979
33.737697  12669
33.742042  12822
33.744574  12873
33.746207  7188
33.747800  12974
33.756569  13024
33.758742  13124
33.785209  10797
33.790093  10967
33.793899  8521
33.798124  8833
33.802988  8983
33.805161  9279
33.809605  9422
33.825532  10051
33.829377  10412
33.833882  6380
33.855108  9750
33.859912  9932
33.862484  10015
33.864317  10179
33.887923  13167
33.889576  13253
33.894288  13296
33.911768  9167
33.913661  9535
33.916373  11290
33.918885  9712
33.923410  11447
33.927476  11701
33.932200  11825
33.940111  12071
33.984780  5898
33.991737  13381
33.995862  13423
33.997575  7429
34.004746  7895
34.006639  8114
34.013496  13508
34.015269  13550
34.046881  10570
34.060915  8178
34.065360  8576
34.067712  6509
34.069725  6762
34.092567  10259
34.096253  10419
34.098425  6865
34.100218  10498
34.102391  7068
34.106176  8733
34.108309  9042
34.124483  10826
34.128468  10950
34.130281  11197
34.142616  13634
34.150651  13675
34.156269  13709
34.160934  10655
34.163226  13725
34.165279  10732
34.167092  6428
34.171597  6671
34.179341  9829
34.181274  10061
34.183686  10174
34.215993  13758
34.220957  13774
34.222870  13807
34.225462  13823
34.232778  13850
34.237183  9563
34.239196  13863
34.260901  12191
34.265286  12430
34.275529  9792
34.277761  9904
34.281966  10113
34.288963  10215
34.304784  11317
34.311389  11556
34.345994  10795
34.348606  10826
34.350639  10888
34.352931  10919
34.354984  10980
34.377947  13872
34.380459  13876
34.395306  10286
34.397339  10507
34.406508  12530
34.408661  12729
34.415438  12822
34.417191  13006
34.424247  13061
34.428472  13171
34.435469  8306
34.478179  13885
34.480491  13889
34.484976  8596
34.488981  10260
34.491094  8736
34.494919  13898
34.512638  7163
34.519256  13902
34.558189  9186
34.559822  7263
34.563572  7312
34.565625  9471
34.572982  9609
34.591736  10999
34.595921  11037
34.598453  7410
34.601105  7458
34.603742  9785
34.608866  9871
34.614345  10615
34.620463  11649
34.622216  11834
34.624448  11917
34.626421  12083
34.645613  13890
34.649558  13884
34.659961  13872
34.662672  13866
34.664545  11024
34.666218  6861
34.670404  10998
34.676227  10726
34.678419  10781
34.692054  7230
34.700070  7405
34.709300  8830
34.724068  13854
34.726440  13848
34.730406  13769
34.734890  13730
34.743920  13650
34.756320  13610
34.766923  13212
34.770909  13295
34.775541  10303
34.781599  10389
34.784271  10431
34.791227  10516
34.805360  12147
34.807213  12275
34.840566  10981
34.846364  10947
34.849036  10917
34.852782  10856
34.855234  10825
34.863984  10763
34.872354  7650
34.879450  13533
34.886766  13494
34.888419  10822
34.895731  10853
34.897883  10868
34.913754  13336
34.917959  13418
34.922364  13458
34.924057  13539
34.936860  13551
34.940705  13575
34.984128  13416
34.988873  8892
34.990686  9015
34.993078  10552
34.997823  10624
35.008385  13377
35.013653  13298
35.017898  13259
35.024675  13180
35.075056  7456
35.078702  7451
35.081174  7449
35.084640  9950
35.086813  10107
35.105606  10732
35.108218  10669
35.119104  7381
35.121376  7347
35.127334  10123
35.131519  10156
35.135624  12306
35.140169  12367
35.142801  12397
35.144874  12458
35.158548  13140
35.162434  13060
35.175338  13014
35.177790  12920
35.193937  10632
35.198122  10557
35.199715  10883
35.202047  10914
35.211856  10619
35.213449  9075
35.215162  9196
35.220074  7746
35.243051  12862
35.244664  12744
35.248669  12685
35.250582  12566
35.262024  12501
35.264356  12370
35.289910  13581
35.291803  13593
35.300772  10596
35.307888  10585
35.311753  10558
35.322305  10544
35.324957  12488
35.329621  7296
35.333886  12548
35.336058  10166
35.370378  10513
35.372351  10425
35.381520  10363
35.385286  10237
35.389630  7773
35.391443  10173
35.396747  9991
35.399279  7800
35.404263  10923
35.406176  12300
35.408249  9898
35.410122  10942
35.415286  12160
35.422503  10951
35.433465  10970
35.438169  9205
35.448112  13599
35.450404  13605
35.452097  13606
35.453890  13607
35.461944  13592
35.463557  13577
35.506852  12089
35.508565  11946
35.510917  9214
35.513509  9218
35.519567  10456
35.524599  10412
35.538987  11872
35.555472  11792
35.565280  11712
35.605592  7186
35.607525  6963
35.610017  10127
35.612469  10048
35.622971  10932
35.631935  9805
35.635086  9616
35.647087  6833
35.651672  6567
35.660781  10000
35.662954  9903
35.671871  12547
35.674443  12546
35.679926  12540
35.682438  12534
35.689435  11631
35.696611  11550
35.709435  11463
35.715353  11375
35.730913  9520
35.735438  10844
35.737910  10800
35.739783  9325
35.746180  7818
35.756607  9186
35.763264  9122
35.773771  11283
35.778315  11190
35.779988  11096
35.784253  11001
35.794530  10902
35.797102  10802
35.818470  13559
35.827319  10368
35.832882  10279
35.841771  10232
35.843544  10137
35.853132  6410
35.860089  12526
35.889815  9239
35.901197  9070
35.907654  8984
35.910306  7794
35.916564  8897
35.918816  3897
35.918816  3849
35.924299  10757
35.926911  10736
35.934088  10720
35.949160  10693
35.961420  13553
35.964551  13547
35.966963  6773
35.966963  6761
35.969275  6749
35.978185  6718
35.980417  6703
36.019364  10653
36.024388  9104
36.026181  9067
36.031045  10108
36.032758  10050
36.035330  10021
36.039455  6199
36.051316  9874
36.057174  10586
36.069609  10519
36.081469  5259
36.081469  5123
36.112305  6107
36.113978  5921
36.115711  5825
36.118902  8824
36.121154  9857
36.123606  9840
36.142607  8757
36.146782  8690
36.169660  5630
36.172391  5529
36.179068  9823
36.183712  9806
36.189993  12515
36.191766  12507
36.197968  6253
36.197968  6237
36.202732  6221
36.206877  4971
36.211841  4814
36.230978  4648
36.240167  9049
36.243673  9012
36.251668  9992
36.253361  4476
36.259478  10672
36.261091  10651
36.264102  8622
36.266314  8554
36.273131  3789
36.283119  8994
36.292028  8957
36.297751  4297
36.301676  4081
36.304168  3843
36.314635  3607
36.316308  3361
36.337917  6685
36.348379  9933
36.349972  9904
36.353897  9849
36.362359  9822
36.417168  8485
36.426297  8416
36.429488  3667
36.432100  8326
36.438018  10630
36.442043  10609
36.448620  10588
36.450433  3116
36.467517  10567
36.471167  10545
36.477005  6648
36.483562  6629
36.537324  2920
36.540375  8939
36.543581  8902
36.545314  9767
36.547506  9739
36.550792  5426
36.553284  5216
36.563786  9789
36.628347  5107
36.633011  4163
36.633011  3986
36.635503  4884
36.637775  9772
36.639568  4886
36.639568  4835
36.662088  3801
36.663761  3607
36.694832  4742
36.702188  4448
36.704360  4783
36.706353  6610
36.710838  4642
36.754531  9711
36.758497  8884
36.760430  8846
36.780326  10523
36.782498  10501
36.784271  3402
36.785944  3166
36.800251  8844
36.813011  8840
36.857063  9664
36.861268  9640
36.863081  9592
36.867186  9568
36.869578  4358
36.871451  6265
36.913232  3053
36.921881  2943
36.926885  3730
36.928758  2920
36.931010  3854
36.939700  5250
36.939700  5258
36.944344  5266
36.951820  5282
36.965054  5302
36.966907  5357
36.972051  6657
36.976076  6752
37.026522  8895
37.028215  9004
37.030727  9621
37.033199  9647
37.037225  9699
37.039937  4271
37.044841  4227
37.046674  4719
37.048287  2927
37.062641  2934
37.073943  2941
37.114998  4207
37.116831  4197
37.119283  4177
37.121675  4871
37.158646  6858
37.161278  7067
37.182687  4167
37.184320  4147
37.189004  4966
37.193289  6386
37.197095  6624
37.218051  9757
37.224269  9104
37.226402  9303
37.230987  9400
37.246174  5503
37.247747  5794
37.250039  3021
37.252072  3216
37.268525  9629
37.270957  9740
37.310469  9947
37.313041  10040
37.316511  10225
37.322808  10315
37.350570  7261
37.354616  3465
37.369744  3928
37.376825  4132
37.379956  4183
37.383841  4789
37.390299  5053
37.406246  6023
37.412124  6465
37.416828  7662
37.421073  7852
37.465343  10039
37.467196  10184
37.469808  10552
37.472360  10668
37.474213  10905
37.476325  11021
37.477998  4345
37.484496  4724
37.499963  6892
37.501876  7407
37.506740  2920
37.506740  3238
37.544964  4934
37.546857  5336
37.549549  5272
37.555367  5522
37.559412  5849
37.563657  5881
37.591438  8277
37.593231  8478
37.612582  6060
37.614455  6408
37.620992  7658
37.623105  8143
37.651846  10520
37.653439  10682
37.665994  6739
37.668566  7266
37.670698  4444
37.672471  5024
37.689750  11018
37.692402  11181
37.738963  11153
37.740856  11414
37.743368  11543
37.748073  11799
37.793122  5280
37.794975  5768
37.804623  5416
37.808849  6095
37.811121  6134
37.823796  7533
37.830621  8049
37.834866  8704
37.836999  9146
37.879808  11528
37.882160  11696
37.884093  11947
37.885886  12240
37.888258  12383
37.890231  12666
37.896588  6625
37.898281  7046
37.916767  8394
37.918340  8882
37.922805  3636
37.929209  4345
37.932355  4641
37.938832  5196
37.941504  5444
37.943657  5917
37.948261  6134
37.953046  6554
37.974974  7244
37.981073  7629
37.993015  6678
37.997719  6928
37.999912  7811
38.001745  7410
38.007089  8168
38.009681  8338
38.018651  5991
38.028694  6396
38.034792  9356
38.036385  9767
38.040510  9963
38.059543  8672
38.064687  8832
38.070545  9112
38.074910  9562
38.106946  11862
38.115057  12189
38.129331  8290
38.131084  8759
38.133596  12804
38.137921  13078
38.144758  6421
38.155380  6621
38.157153  12348
38.159086  7010
38.170128  12663
38.211065  13212
38.220034  13477
38.224299  13607
38.233556  13864
38.270333  10156
38.272366  7178
38.273979  7507
38.282169  6683
38.286994  7233
38.293032  7487
38.309259  8981
38.311172  9414
38.314223  9620
38.318169  10534
38.323373  10716
38.364925  12816
38.370683  13924
38.372496  13119
38.375208  13267
38.377221  14045
38.382926  8949
38.384679  9180
38.389643  14085
38.395682  14166
38.412408  9776
38.416434  10195
38.422831  6750
38.424944  7132
38.428909  7312
38.432974  7664
38.435206  7832
38.438712  8161
38.450074  8319
38.451927  10396
38.453900  8253
38.458265  8220
38.485808  9274
38.489694  9460
38.493979  7635
38.502808  8072
38.510585  8278
38.513097  8681
38.521172  9533
38.523005  9679
38.540703  10846
38.550326  11103
38.559535  9664
38.561348  9634
38.574881  10790
38.581498  10980
38.586022  13348
38.609320  13471
38.612531  13532
38.617970  9822
38.620502  10218
38.640722  14197
38.642675  14259
38.653937  7611
38.658062  7816
38.668014  7834
38.671540  7871
38.681989  13597
38.686014  13629
38.728452  14276
38.739394  7732
38.743899  14311
38.748264  14309
38.752550  14304
38.757434  11163
38.788475  9586
38.796793  7873
38.798646  7878
38.810328  8114
38.812061  8296
38.833286  10304
38.835079  11269
38.839903  10476
38.842355  11321
38.885086  13666
38.887338  13684
38.889171  14296
38.890864  14279
38.893036  9489
38.895288  9440
38.899414  14269
38.910056  14249
38.917293  11105
38.919446  11352
38.932780  8187
38.939078  8120
38.941310  8081
38.947715  8003
38.956335  7943
38.958707  7821
38.960380  7740
38.965164  7577
38.986488  9355
38.988121  9313
38.990833  8474
39.003767  8844
39.008032  9164
39.012657  10524
39.022001  9227
39.023694  9184
39.025287  11350
39.053181  11364
39.061232  11393
39.066056  11407
39.075570  9097
39.084519  9053
39.093468  8965
39.096000  11385
39.098033  13702
39.106463  11451
39.131220  13687
39.136658  13680
39.141950  10588
39.148767  10619
39.165987  14239
39.169613  14219
39.176090  14209
39.178203  7801
39.180216  7644
39.182488  7494
39.184940  7564
39.193251  7402
39.199868  7320
39.211150  13662
39.213582  13653
39.286522  14189
39.293798  14179
39.297804  14159
39.314903  14149
39.321221  11473
39.327159  7124
39.331384  7024
39.344039  8501
39.351026  8555
39.376325  11421
39.378098  11450
39.379811  10628
39.411331  10647
39.416315  10656
39.433044  13630
39.434957  8921
39.436690  13584
39.440815  13561
39.445040  14072
39.447712  14033
39.453930  13895
39.456422  8831
39.458854  13826
39.469238  11513
39.477473  11533
39.493395  7410
39.497700  7239
39.501625  7152
39.507883  6975
39.510535  6833
39.517060  6543
39.521804  6392
39.538530  5896
39.541062  5628
39.550092  8781
39.552165  8582
39.556291  8680
39.558643  8636
39.562548  8662
39.573051  9162
39.582288  8593
39.589285  9158
39.591457  8416
39.593869  11464
39.595602  11493
39.599747  9156
39.605685  9152
39.608377  9150
39.631674  11505
39.633247  11530
39.642531  8256
39.646596  7929
39.651899  13538
39.660628  7711
39.665532  7262
39.670616  11497
39.672988  11479
39.674621  11443
39.705610  13467
39.713493  10665
39.719571  10684
39.734104  13756
39.750477  6922
39.753863  6715
39.760360  6608
39.781110  13403
39.837174  11472
39.857265  13615
39.863669  13544
39.868633  13473
39.895445  6295
39.897697  6131
39.920340  10647
39.924286  8688
39.925999  8741
39.941745  11273
39.944417  5347
39.946610  11172
39.979865  10501
39.982417  13312
39.995251  13230
40.002902  13147
40.005374  13375
40.014283  13276
40.016795  13176
40.019706  7024
40.027861  11392
40.030273  11289
40.052696  4754
40.059353  4421
40.063598  3676
40.072928  3228
40.075380  2920
40.088535  5863
40.105001  6597
40.109166  8681
40.111359  8560
40.113791  6370
40.131995  9146
40.133968  6155
40.136600  5932
40.141084  9137
40.145449  11017
40.150792  9040
40.154638  10939
40.158563  8844
40.171543  10397
40.186869  10781
40.194105  10701
40.198230  10540
40.202694  13064
40.205306  5701
40.211204  5460
40.222071  13075
40.224443  5209
40.231460  4946
40.234172  11218
40.240829  11075
40.245454  10988
40.254164  10811
40.279434  12980
40.287753  12896
40.292872  10292
40.316021  5582
40.323817  8457
40.326948  5287
40.339428  12811
40.360777  8744
40.411264  12983
40.417841  12891
40.425556  12798
40.446227  5000
40.448879  4696
40.468415  8283
40.477964  8194
40.492397  10458
40.496982  10293
40.525902  10202
40.528474  12745
40.537263  6372
40.537263  6256
40.547734  6138
40.553105  6399
40.553105  6234
40.566306  6065
40.578026  10741
40.579839  10600
40.634866  4395
40.651655  4669
40.654287  8014
40.656859  7922
40.658752  4366
40.660924  7736
40.680400  4042
40.685404  2920
40.689589  8643
40.694193  10213
40.696346  8438
40.705455  8333
40.707368  8105
40.709860  7988
40.721800  10111
40.738573  10052
40.750893  9970
40.753265  9888
40.757969  6018
40.773555  5891
40.791293  10529
40.800461  10385
40.802973  10312
40.810010  10165
40.827988  5896
40.841489  10020
40.866016  2920
40.885513  5757
40.956559  5719
40.968080  5542
40.976602  5359
41.023825  7641
41.025558  7448
41.042602  9809
41.044375  9730
41.081389  5010
41.081389  4825
41.083202  5611
41.085075  2920
41.095149  5186
41.101526  7880
41.104772  5019
41.115454  10116
41.117067  10066
41.186811  7380
41.192135  7243
41.194767  7173
41.198792  7032
41.225232  7730
41.227384  7654
41.235534  7500
41.237327  7422
41.249615  4716
41.262135  9700
41.273536  9670
41.275169  9644
41.295952  4914
41.319194  10052
41.326438  10038
41.331642  10024
41.360787  4645
41.413786  7400
41.462635  4876
41.471764  4850
41.476029  3021
41.479060  4829
41.480773  3069
41.508540  7107
41.510333  7255
41.525339  4822
41.525339  4935
41.527471  5046
41.546707  3086
41.562018  4745
41.564829  2920
41.564829  3079
41.566702  3086
41.573898  2920
41.573898  3057
41.578942  3216
41.589724  10104
41.592436  10183
41.622056  2948
41.625402  2991
41.628173  3075
41.629866  3116
41.639669  3197
41.642760  3021
41.647744  3069
41.654905  2924
41.658291  7377
41.660583  7617
41.663075  7739
41.667640  7979
41.670132  8095
41.674437  3644
41.683806  3030
41.686418  7511
41.688730  7730
41.691422  7836
41.702334  8046
41.704187  8148
41.712142  3939
41.722065  5255
41.737564  5456
41.740276  5649
41.744521  2920
41.744521  3224
41.747053  3148
41.748706  3376
41.752691  3372
41.754384  3465
41.759248  3923
41.760901  3513
41.763473  3777
41.775053  5091
41.775053  5323
41.780017  5553
41.786195  5994
41.815334  3421
41.817746  3729
41.844000  3584
41.850837  3108
41.865189  8402
41.869813  8525
41.909530  3770
41.920044  4050
41.925942  4316
41.944343  8288
41.946216  3209
41.949862  8665
41.952913  4362
41.959570  5929
41.961842  6196
41.976355  4012
41.985324  4338
42.006833  4362
42.009105  3477
42.014923  4182
42.017615  4575
42.019827  4475
42.035094  6226
42.041332  6674
42.061583  3487
42.070872  4044
42.076196  3378
42.078049  3941
42.080261  4284
42.081874  4182
42.090464  8855
42.095069  9227
42.099754  9405
42.101367  9755
42.103579  5205
42.110463  4327
42.119233  4012
42.121066  8693
42.122899  9023
42.132272  9189
42.134085  9515
42.149691  6755
42.159893  7027
42.162465  7550
42.166890  4633
42.170620  4902
42.174845  5196
42.177097  5558
42.182528  6235
42.185120  5410
42.187432  5640
42.191698  6082
42.204772  6971
42.219760  4778
42.239172  5061
42.243996  3686
42.245589  4661
42.252566  5046
42.256152  9737
42.260957  10171
42.263409  9971
42.298808  5611
42.316806  3867
42.320871  4413
42.326302  4892
42.328734  10395
42.331046  10598
42.333039  5324
42.339596  5721
42.342028  6090
42.357649  4825
42.359302  5701
42.364905  6071
42.375228  4947
42.377121  5801
42.379433  5662
42.384477  5037
42.388263  6165
42.390136  5876
42.394001  6235
42.403270  7577
42.405562  7856
42.426408  10378
42.428161  4777
42.429954  5478
42.431707  5662
42.434379  6249
42.444851  10996
42.447243  11188
42.449176  11565
42.451808  11747
42.454505  6364
42.459509  6696
42.461262  7327
42.469532  10785
42.471105  10981
42.476169  11366
42.487371  11552
42.489004  11918
42.494208  7830
42.495841  8369
42.502058  8621
42.503771  9111
42.508635  6429
42.510288  7086
42.517624  6574
42.519237  7217
42.523702  7384
42.525735  7956
42.528187  8221
42.529960  8735
42.534664  7509
42.536697  8072
42.575869  6507
42.581507  6587
42.585732  7228
42.588344  5464
42.590157  6237
42.603838  12095
42.605691  12444
42.626001  6035
42.630166  6735
42.677687  6437
42.683210  6765
42.686901  3382
42.686901  3464
42.689573  11926
42.691366  12280
42.696570  4074
42.698343  12452
42.700476  5111
42.702588  5524
42.715724  6419
42.727999  7156
42.730491  6035
42.734796  6735
42.737008  7451
42.739041  6574
42.740754  7048
42.744720  7217
42.755142  8125
42.762414  8645
42.767413  8889
42.779733  7048
42.782385  7647
42.787429  7520
42.789582  8082
42.794206  8343
42.797672  12791
42.800124  12956
42.802137  13282
42.804829  6575
42.806822  13441
42.808955  7615
42.814973  8170
42.819178  12613
42.821331  8428
42.826056  8929
42.828688  12948
42.837867  13111
42.840279  13433
42.845897  13588
42.848289  13896
42.855446  9343
42.857159  9795
42.861204  10010
42.863237  10432
42.870094  8977
42.877874  9447
42.880306  8333
42.881879  8840
42.883472  9670
42.885065  10107
42.889989  9079
42.893375  10316
42.895807  10725
42.898818  10922
42.903004  9544
42.910180  9765
42.934796  6748
42.936749  7734
42.938462  8280
42.962032  8849
42.964624  9087
42.969372  7218
42.971584  7510
42.973337  7509
42.975370  8072
42.984487  9126
42.988732  14035
42.990785  14312
43.020712  7923
43.024138  8456
43.044429  13591
43.067322  5906
43.071966  6621
43.079142  13889
43.081754  14035
43.104038  8535
43.110336  7347
43.112588  8333
43.116853  7922
43.119345  8840
43.137651  9589
43.142895  9809
43.158027  8706
43.166657  9319
43.169408  9191
43.171041  9772
43.177518  14324
43.180629  14465
43.182242  14663
43.186886  14761
43.188759  9165
43.193583  9626
43.200120  9839
43.201733  10255
43.204285  10454
43.206957  14439
43.209030  14690
43.220132  14813
43.226070  15058
43.228342  15147
43.234140  15325
43.236712  10634
43.240258  15413
43.242451  11031
43.244923  11188
43.246556  11497
43.258018  11647
43.261584  11074
43.263737  11375
43.266309  9962
43.268022  10348
43.270554  11521
43.272747  11810
43.277671  11940
43.279844  12198
43.282056  6940
43.283849  10531
43.285862  10892
43.302191  7061
43.304364  7659
43.323515  8770
43.325168  9150
43.327500  8188
43.331925  9332
43.349125  9966
43.353451  7791
43.355304  10347
43.357816  8333
43.359928  10024
43.361521  9079
43.363374  9544
43.366026  8586
43.369312  15588
43.376995  15674
43.384647  14961
43.409303  9416
43.416280  9856
43.472269  7433
43.476833  7663
43.481992  8109
43.484164  15059
43.487750  15255
43.495446  15352
43.511834  12293
43.525677  11066
43.532729  8446
43.535341  8946
43.538013  9723
43.540225  9182
43.547182  10075
43.562938  7935
43.564911  10186
43.572290  10505
43.575556  10659
43.592309  10481
43.596055  10006
43.599940  10301
43.602492  10743
43.604824  8810
43.611682  10444
43.613415  10870
43.616921  15544
43.619233  10640
43.622379  15639
43.624951  15828
43.629456  15921
43.631069  11005
43.637286  11154
43.642450  11449
43.646835  15758
43.648628  15927
43.658976  16010
43.665014  16176
43.668185  16258
43.669818  16421
43.674542  11795
43.676235  12088
43.681913  12194
43.689030  12405
43.690663  12482
43.698207  11306
43.700799  12575
43.706977  11423
43.709349  12759
43.712021  11656
43.714213  12850
43.718678  11770
43.720871  12928
43.723443  12967
43.731254  9499
43.733127  8393
43.735259  8609
43.739265  9828
43.759455  9965
43.761488  10236
43.779507  10811
43.785984  11087
43.787557  11193
43.790069  9117
43.793080  9265
43.794853  10244
43.796446  11404
43.801470  10578
43.804062  16433
43.807888  16458
43.815938  16037
43.820542  16095
43.841153  11593
43.850042  10585
43.853388  10864
43.901172  12505
43.926189  8320
43.928861  8731
43.931213  16139
43.936217  8927
43.938749  9310
43.942015  16161
43.969805  9356
43.980848  10368
43.983240  9645
43.985732  10703
43.987545  9785
43.994083  10951
44.001339  11072
44.004865  10928
44.009030  9399
44.015568  11024
44.019893  11071
44.021726  16470
44.034081  10982
44.039859  11431
44.041572  11216
44.046780  16208
44.048613  16231
44.051839  11486
44.053652  16280
44.055405  11644
44.058216  16304
44.068384  11745
44.080124  11795
44.082177  16490
44.087361  11895
44.089633  16500
44.107792  16520
44.110224  16530
44.115155  16550
44.122132  16560
44.125998  12518
44.127911  12545
44.138333  12553
44.139986  12569
44.144041  12983
44.146373  12577
44.148426  13015
44.150538  11820
44.152331  13031
44.159328  11920
44.163952  11969
44.170110  12029
44.172542  12058
44.178640  13019
44.184443  13013
44.186196  8780
44.189662  9117
44.191335  10416
44.195560  9279
44.198371  9860
44.200244  10513
44.221194  10547
44.223846  10615
44.239672  11099
44.254141  11508
44.256094  11552
44.261597  9423
44.263490  9472
44.266022  11573
44.268314  9496
44.274532  11131
44.276245  11616
44.278757  11248
44.281189  16580
44.285893  16590
44.287766  11251
44.292351  16610
44.296516  16328
44.300781  16377
44.326798  11296
44.330823  11318
44.390318  12087
44.392990  12988
44.402718  9446
44.404391  16401
44.406743  16449
44.413440  9714
44.416012  9342
44.418065  9729
44.420218  9759
44.427215  9774
44.456796  11116
44.458369  9879
44.460262  9917
44.471764  9520
44.474476  11281
44.476489  11348
44.487252  11150
44.491916  11167
44.510390  11944
44.515858  11201
44.521621  11359
44.524013  16473
44.526106  16521
44.528258  12043
44.533290  11379
44.535443  11419
44.542940  11625
44.548858  16490
44.550591  11643
44.556349  16426
44.558781  16394
44.562966  12092
44.569344  12189
44.589444  12213
44.591217  12261
44.602738  12572
44.608556  16607
44.614414  16600
44.616866  16560
44.627269  16479
44.628902  12542
44.634026  12527
44.641322  12958
44.643415  12497
44.646047  12897
44.652664  12482
44.658723  12074
44.660496  12046
44.662848  12863
44.664781  12022
44.671039  12794
44.673471  12742
44.676083  11973
44.678535  12636
44.681147  10618
44.684573  9925
44.686686  9405
44.691251  9530
44.693763  9942
44.696854  10615
44.701206  11368
44.703099  10614
44.711889  10611
44.715714  9522
44.728349  11179
44.732495  10594
44.738613  10559
44.763962  11596
44.765675  11502
44.769747  16362
44.773233  9398
44.776963  9336
44.785313  11453
44.787106  11279
44.789518  16409
44.791351  11235
44.793324  16268
44.795596  11354
44.802493  11304
44.806838  16192
44.813256  16288
44.815388  16251
44.817041  16038
44.844128  11370
44.851085  11270
44.862674  12379
44.882547  11924
44.908637  12543
44.916948  9538
44.927651  9930
44.929664  16129
44.931836  16068
44.938393  9786
44.940186  9811
44.942478  9781
44.946883  9721
44.964103  11142
44.981463  9833
44.988420  9784
44.992625  9257
44.999861  11177
45.004545  11060
45.011242  11067
45.015287  11001
45.018913  11029
45.036213  10811
45.040438  10700
45.042491  11220
45.048549  11119
45.050821  15903
45.053513  12232
45.056025  12174
45.057598  11055
45.059930  15820
45.065174  10925
45.069379  11213
45.073964  11029
45.076296  15647
45.078948  15560
45.090010  12100
45.093676  11950
45.100373  15961
45.102146  15805
45.118698  11834
45.120351  11862
45.122563  11652
45.124196  12446
45.127347  12249
45.138309  11684
45.144506  15717
45.146399  15540
45.148691  9485
45.156322  9680
45.158135  15443
45.159848  15246
45.162160  12275
45.171029  12065
45.172782  11953
45.175454  11727
45.180119  12149
45.184524  11948
45.186996  11560
45.192000  11374
45.194332  11796
45.198797  9114
45.200710  11252
45.202783  11488
45.205495  11004
45.207787  11330
45.211853  9307
45.217386  9217
45.220812  11010
45.223224  9034
45.225396  9685
45.226969  9485
45.228742  10469
45.233706  10288
45.242935  10196
45.249413  10010
45.264860  9888
45.268605  9640
45.297646  15463
45.301651  10905
45.304917  10653
45.311854  8808
45.319131  8650
45.321324  8328
45.323956  10903
45.326149  15141
45.328222  10706
45.330834  10523
45.332907  10258
45.335399  14929
45.346780  15267
45.348653  14805
45.351145  14554
45.355310  15168
45.357822  14427
45.394822  10786
45.396935  10504
45.399327  11590
45.401460  11313
45.464453  14968
45.466086  14867
45.470091  9547
45.474116  9277
45.477821  9138
45.482026  8856
45.505984  8123
45.512661  9332
45.514254  9020
45.521230  10588
45.533726  10102
45.535739  10293
45.542423  10564
45.545055  10142
45.548701  10426
45.574703  10287
45.577415  10146
45.584571  10354
45.586464  10048
45.590449  14626
45.599218  11560
45.601710  11308
45.603403  11180
45.605875  11147
45.607648  9889
45.609261  9565
45.611533  9398
45.617671  9730
45.620163  14504
45.622655  9537
45.624348  14381
45.626740  10849
45.628873  14257
45.642147  10920
45.644120  10787
45.645813  14299
45.651296  14039
45.663755  10845
45.673419  8885
45.675192  10534
45.677864  10510
45.680436  10338
45.684621  10372
45.690299  10486
45.699991  13905
45.702263  13635
45.709819  13498
45.711952  13220
45.722094  10810
45.723707  10636
45.727852  10227
45.730564  10015
45.735628  9962
45.741019  8859
45.745024  8530
45.747376  10042
45.749968  9872
45.754640  9723
45.757012  9440
45.758825  9214
45.760518  8581
45.767834  8424
45.769567  9974
45.771480  9478
45.773672  9226
45.776204  8103
45.778516  7937
45.780509  8332
45.785134  7927
45.789998  9476
45.791891  9142
45.804131  8969
45.806244  10003
45.808756  8616
45.821875  8432
45.837447  14128
45.856339  9340
45.866262  8938
45.869473  7905
45.878007  9631
45.880459  7676
45.882711  9454
45.885403  8728
45.887556  8297
45.889828  13059
45.893573  12732
45.905214  13991
45.908345  12553
45.912670  12190
45.915302  8694
45.917335  13852
45.919747  8364
45.950265  9196
45.951998  9798
45.953731  9354
45.956003  8783
46.016224  13708
46.025041  8190
46.034250  8007
46.041706  7820
46.058945  7714
46.060958  7276
46.070726  9088
46.078482  9837
46.085958  9657
46.097559  12021
46.111592  4828
46.111592  4461
46.125573  8567
46.127546  8123
46.132050  13565
46.141878  10307
46.144430  10125
46.146742  7887
46.150348  7400
46.153683  8058
46.156275  7565
46.160849  13428
46.162582  6714
46.162582  6444
46.166092  7303
46.181080  9944
46.183372  9760
46.196586  11677
46.204002  11500
46.205595  9017
46.207568  9013
46.209940  8614
46.214025  8795
46.227718  9574
46.231224  9385
46.239388  11151
46.246724  7440
46.260305  10971
46.263711  9126
46.265844  8659
46.271268  10605
46.275093  8413
46.276706  7906
46.279418  10416
46.286255  8572
46.288807  8343
46.298211  7006
46.299904  6445
46.302096  8888
46.303889  8403
46.306441  8108
46.308673  8684
46.311365  7692
46.313358  7971
46.316010  7743
46.320575  7274
46.323147  7187
46.325739  7866
46.327312  7025
46.329924  3933
46.329924  3321
46.332136  6917
46.336781  6140
46.341206  5500
46.343139  6355
46.345950  8177
46.359068  4063
46.362179  7914
46.363992  7642
46.370374  7141
46.378009  7360
46.379742  7031
46.388631  6162
46.421896  7162
46.424148  6466
46.433157  6159
46.438121  8475
46.441332  6873
46.444543  5514
46.446715  5154
46.448488  8261
46.450620  10031
46.455823  9831
46.472389  5867
46.474741  9423
46.476893  9210
46.478866  5558
46.481078  7577
46.485423  7326
46.492044  7636
46.493937  7077
46.519203  6776
46.520976  6603
46.523408  6312
46.525601  6146
46.553320  6043
46.581301  5167
46.588417  7067
46.595313  6795
46.604182  3397
46.604182  2920
46.616602  5143
46.624018  4379
46.631434  8041
46.636318  7815
46.641402  3621
46.649557  3125
46.671420  2920
46.678337  5703
46.681328  5366
46.687765  4730
46.701778  9192
46.704230  8995
46.709014  4539
46.710587  4050
46.713259  4687
46.715132  4257
46.717524  3659
46.719876  2920
46.728905  4497
46.728905  4093
46.731357  3598
46.745765  8965
46.747798  8461
46.755314  2920
46.757586  6767
46.760278  6499
46.778156  2920
46.789158  8194
46.793802  7918
46.798766  3436
46.798766  2920
46.810507  5785
46.812759  5018
46.817763  7641
46.820135  4580
46.824880  3620
46.838653  3955
46.840566  7575
46.845690  3015
46.848162  7327
46.850274  6197
46.855458  5887
46.857570  5561
46.859143  5767
46.860936  5478
46.874274  2920
46.876666  5185
46.879338  7122
46.896410  3561
46.896410  3069
46.898542  2920
46.900295  3134
46.952040  2920
46.966313  3663
46.966313  3208
46.976062  2920
46.978155  7406
46.981920  7164
47.003849  6914
47.012044  6655
47.030188  3054
47.031981  2920
47.045119  3638
47.049958  5261
47.054083  2920
47.078019  4908
47.182482  6452
47.269699  6243
47.274164  6027
47.283073  4944
47.285505  4607
47.321335  5803
47.328871  5570
47.372823  2920
47.393873  2920
47.404100  4616
47.406432  2920
48.773391  3028
48.775164  3237
48.781661  2934
48.786166  2962
48.793702  2983
48.795495  3025
48.802312  3028
48.804285  3237
48.806597  3348
48.808170  3562
48.810582  3662
48.812655  3108
48.814668  3461
48.817220  2948
48.818833  3005
48.830355  3033
48.838191  3619
48.841437  2992
48.843270  3133
48.848806  3079
48.853151  3154
48.855044  3043
48.859029  3279
48.884938  3021
48.901718  2992
48.903411  3006
48.905364  3133
48.910129  3174
48.919378  3200
48.921151  3332
48.926529  3253
48.932427  3408
48.945621  3395
48.949686  3519
48.968404  3052
48.972709  3107
48.975201  2927
48.976934  2941
48.991581  3301
48.995626  3371
48.997579  3134
48.999772  3187
49.002244  3213
49.007789  3265
49.024195  3922
49.059911  2948
49.065689  3348
49.069315  3005
49.071787  3562
49.090505  3482
49.092278  3627
49.094830  3696
49.098456  3833
49.109758  3508
49.123041  3574
49.141954  3704
49.148651  3766
49.150404  3889
49.152776  3871
49.157261  3947
49.159753  3984
49.170516  3118
49.172369  3307
49.197325  3060
49.218351  2948
49.233679  2962
49.237884  3662
49.240057  3858
49.253811  3290
49.259909  3341
49.266306  3291
49.270571  3189
49.275076  3760
49.277089  3951
49.283214  4041
49.286405  4218
49.289017  4062
49.293442  3087
49.297547  3200
49.303446  3388
49.307871  3600
49.311776  3332
49.315781  3395
49.317494  3519
49.322805  3033
49.328823  3948
49.330776  4065
49.337753  3699
49.343372  3893
49.378979  3579
49.383464  3697
49.385576  3942
49.388842  3857
49.391474  3748
49.401143  3849
49.409812  3808
49.413218  3709
49.431038  3898
49.435323  3995
49.456628  3136
49.458821  3029
49.460953  2969
49.465158  2983
49.472235  4034
49.475861  2920
49.482565  3972
49.505768  4303
49.512785  4140
49.523468  3074
49.525740  4293
49.528292  3047
49.569156  3951
49.571069  3060
49.574635  4132
49.585637  3115
49.590601  4218
49.594946  3396
49.598312  3570
49.602217  3613
49.610827  3415
49.615911  3211
49.619357  3930
49.620930  3844
49.623642  2920
49.651411  3658
49.655896  3266
49.660780  3040
49.665265  2920
49.679312  3652
49.680985  3814
49.738221  2920
49.740114  4388
49.751016  4469
49.777700  4195
49.783797  3974
49.786169  4366
49.791313  3836
49.795339  3550
49.804058  2920
49.817912  3985
49.822397  4165
49.824829  3579
49.828675  3697
49.832840  3600
49.841430  3401
49.847707  4049
49.851373  3809
49.893037  3847
49.896883  3540
49.905193  3373
49.909678  3023
49.917138  2920
50.017923  4279
50.039248  3142
50.045685  3195
50.048097  3963
50.094257  4460
50.098523  4442
50.107971  3037
50.116701  2920
50.121046  3754
50.125032  3631
50.206460  3288
50.214571  2920
50.238388  3277
50.244426  2920
50.276920  4266
50.279013  3900
50.363552  3660
50.368137  3296
50.372882  3349
50.375534  3078
50.385343  2920
50.392160  3015
50.402463  2920
50.499950  3689
50.528340  3707
50.534298  3160
50.552376  2920
50.631815  3013
50.634007  2920
53.087868  2927
53.160342  2984
53.161935  3097
53.236873  2927
53.242396  2970
53.246561  3069
53.255730  3130
53.257503  3251
53.259635  2941
53.263580  2984
53.267925  2934
53.270816  2948
53.275141  3005
53.294523  2941
53.296436  2934
53.300741  2962
53.322985  3158
53.331895  2976
53.333908  2998
53.336320  3004
53.349374  2956
53.351167  3027
53.353779  3385
53.360336  3035
53.362409  3257
53.385353  2985
53.391491  3420
53.397609  3741
53.406419  3887
53.408372  4169
53.410844  2934
53.412637  2962
53.446072  3117
53.450776  3171
53.465085  2963
53.470743  3048
53.485090  2963
53.486683  3360
53.488676  3048
53.491368  3561
53.493640  3025
53.495293  3066
53.496946  3655
53.499458  3840
53.502030  3086
53.523675  3041
53.544287  2956
53.546240  3096
53.547953  3232
53.555170  3070
53.560014  3006
53.561867  3152
53.564040  3174
53.566712  3253
53.583912  2956
53.587458  3027
53.589870  3068
53.594394  3150
53.597625  3033
53.599518  3210
53.603943  3328
53.625808  3416
53.627741  3589
53.630353  3200
53.632446  3186
53.635158  3490
53.648412  3504
53.657071  3654
53.673671  3131
53.678695  3152
53.684693  4300
53.688379  4555
53.693083  4675
53.694716  3928
53.696869  4910
53.701873  3943
53.704045  4077
53.708270  3218
53.713074  3303
53.715067  3408
53.717259  3469
53.727821  3482
53.732286  3627
53.734458  3168
53.738464  3328
53.743448  3696
53.762180  3232
53.763813  3124
53.766465  3367
53.768897  3416
53.770830  3589
53.773502  3480
53.781913  3671
53.786199  3832
53.788371  3297
53.790244  3425
53.792396  3497
53.794069  3714
53.796281  3816
53.798334  4100
53.800766  4182
53.832913  5017
53.834726  5227
53.841143  5340
53.842936  5561
53.845508  5667
53.882307  4336
53.891876  4457
53.893569  3909
53.902159  4060
53.904371  4132
53.906404  4275
53.908556  3623
53.912661  3879
53.919692  3286
53.922344  3543
53.924676  3662
53.926269  4353
53.930114  4435
53.932087  4597
53.937011  3671
53.938644  4675
53.940837  3832
53.943469  4828
53.953978  3698
53.984631  3486
53.986764  3607
53.999266  3764
54.001818  3898
54.020143  3048
54.021756  3172
54.026141  4304
54.028254  3926
54.032499  4362
54.034931  4381
54.037044  4419
54.043321  4438
54.044994  4476
54.052390  4494
54.066878  4503
54.072321  3258
54.074054  4507
54.075767  3400
54.080492  3998
54.084258  4230
54.093747  4339
54.102617  4575
54.106503  3468
54.125263  4806
54.138682  3529
54.140795  5771
54.145400  5976
54.150744  4876
54.152877  6075
54.154910  3909
54.158896  5014
54.164180  3582
54.166233  6269
54.168605  3941
54.175709  3635
54.177682  4026
54.180334  3554
54.191516  4068
54.197354  4151
54.199606  4060
54.201778  4132
54.221251  3310
54.236150  4172
54.238023  4192
54.244600  3800
54.246793  4516
54.248985  3665
54.252411  4033
54.254603  4902
54.256436  4520
54.258469  3780
54.260641  5048
54.305811  6363
54.310915  6549
54.312608  6574
54.317013  3535
54.323018  6625
54.348387  3777
54.352692  5081
54.357277  5214
54.374201  4529
54.376613  4533
54.378246  4542
54.379879  4546
54.390473  4446
54.394139  4655
54.398783  4000
54.401295  5119
54.402888  4105
54.405061  5259
54.407493  5307
54.411199  5402
54.416223  4132
54.418775  4102
54.420848  4191
54.422581  5383
54.424694  5344
54.433584  3944
54.436276  4013
54.442334  3386
54.444027  3535
54.451264  3588
54.464799  3819
54.466932  3896
54.473589  3933
54.476261  3376
54.485710  4137
54.487743  4081
54.490135  4341
54.495139  4025
54.497332  3910
54.507734  3231
54.512019  3348
54.516744  4360
54.519735  3404
54.521368  4264
54.525813  3947
54.528485  6637
54.530478  3776
54.534643  3418
54.537155  3221
54.545724  2920
54.558519  3518
54.560592  4704
54.562505  4802
54.573647  5226
54.580005  5250
54.594533  3513
54.600971  4311
54.603483  5262
54.613855  5286
54.620020  6574
54.624405  6542
54.634433  5215
54.636366  5070
54.643390  6478
54.645023  3447
54.646796  6446
54.654002  3313
54.659046  3243
54.660799  3819
54.662772  3631
54.665264  2957
54.678837  3428
54.680990  4025
54.682703  3868
54.685215  3787
54.687308  2997
54.716908  4438
54.721672  4039
54.723505  3564
54.725957  3446
54.734866  4429
54.738871  3965
54.741004  4028
54.743596  5254
54.748201  5069
54.771338  4819
54.789457  3452
54.792823  6355
54.794976  6309
54.796549  3318
54.804524  6216
54.808929  6169
54.844923  4970
54.846816  4766
54.876216  4583
54.881061  4218
54.882974  4459
54.887239  4028
54.889851  4969
54.893497  4765
54.900294  3078
54.902906  4641
54.904499  2920
54.906212  4386
54.908904  4252
54.915322  3725
54.916895  3934
54.919926  3763
54.933774  4310
54.946449  3950
54.948062  3790
54.958071  3139
54.961617  2920
54.964009  4075
54.969312  2920
54.977122  3951
54.978755  3695
54.996095  3459
55.000120  3569
55.017719  3115
55.043576  2920
55.053184  4203
55.062597  4068
55.077697  4660
55.079890  4443
55.097650  3897
55.099443  3626
55.101735  3481
55.108812  4329
55.115410  4095
55.119955  6115
55.124639  6005
55.134928  5949
55.137640  3544
55.144198  3915
55.145831  2920
55.149997  5807
55.152389  3538
55.156913  5735
55.178638  3595
55.212065  3558
55.224940  3622
55.240686  3172
55.245550  2933
55.249655  3416
55.251528  3578
55.255794  3189
55.301540  5588
55.311215  5513
55.321158  5214
55.328139  5056
55.354666  3282
55.362497  2920
55.386235  3918
55.388048  3606
55.396165  3330
55.398138  2924
55.403956  3013
55.406648  2920
55.414603  3436
55.429052  3342
55.431025  2920
55.447506  3045
55.460340  2920
55.491236  2920
55.511542  3389
55.517460  2920
55.526490  4672
55.569153  3030
55.571765  2920
55.618026  2920
55.642222  4455
55.646547  4000
55.663072  3720
55.664685  3118
55.822277  2920
57.175094  3014
57.178285  2948
57.180817  3196
57.186788  3005
57.324674  3281
57.326567  3448
57.337468  3546
57.380475  2956
57.385179  3013
57.395842  3002
57.398374  3021
57.415633  3035
57.421536  3146
57.424962  2985
57.427354  3361
57.432318  3461
57.433951  2985
57.435844  2977
57.440248  3033
57.442361  3112
57.450201  3055
57.463994  3173
57.492579  2927
57.494492  2941
57.499216  3124
57.501009  2948
57.502782  2934
57.507246  2962
57.509938  3259
57.534303  3125
57.539467  3179
57.561796  3118
57.568973  3061
57.570686  3171
57.577503  2920
57.577503  3021
57.584846  3118
57.586839  3224
57.593476  2977
57.595449  3090
57.611267  3072
57.619497  3677
57.622408  3929
57.624341  3407
57.626693  2977
57.629305  3493
57.633350  3213
57.635103  3449
57.636716  3589
57.638349  3859
57.651283  3985
57.653376  4229
57.655668  3026
57.661746  3151
57.665471  3224
57.667124  3368
57.672288  3305
57.675519  3413
57.680623  3443
57.684908  3590
57.688793  3660
57.703220  3484
57.738482  4192
57.742867  4686
57.764711  3318
57.785676  4106
57.787968  3538
57.789761  4394
57.808000  3980
57.810572  3803
57.814717  3687
57.821115  4447
57.822888  4722
57.825580  4288
57.827413  5241
57.833031  3526
57.838435  4161
57.843159  4065
57.861278  3360
57.881349  4306
57.883921  3282
57.885934  4408
57.887947  3926
57.890519  3330
57.892372  4580
57.894485  4028
57.896977  4316
57.898550  5096
57.906800  5328
57.911485  3267
57.915490  3888
57.917183  3884
57.922008  5028
57.923761  5667
57.928465  4724
57.931811  4148
57.933664  5314
57.936376  4637
57.938748  4855
57.942773  5273
57.944406  5465
57.962984  4278
57.969581  3813
57.973087  4400
57.989112  4518
57.990805  5060
58.001467  5972
58.003080  6552
58.006251  4736
58.010783  5360
58.012696  3743
58.015368  4432
58.017720  5507
58.019733  5339
58.021926  5869
58.024498  6110
58.028104  6573
58.034981  6798
58.036734  4573
58.042077  7233
58.045663  5788
58.049153  5999
58.053359  4435
58.055072  6407
58.057204  6598
58.061629  4668
58.063402  5184
58.067647  6976
58.070159  7154
58.081595  4656
58.088791  4978
58.126341  6816
58.127974  7324
58.175988  4584
58.178500  5416
58.180293  5860
58.191415  4722
58.200225  4841
58.204570  5347
58.207002  6013
58.209634  6245
58.213300  6691
58.215592  6899
58.217725  5636
58.221351  5016
58.226295  5596
58.228168  5273
58.246581  5268
58.261968  5871
58.263841  7508
58.266273  4238
58.268046  4658
58.269839  7676
58.274404  4816
58.278436  8023
58.280648  8189
58.287765  6133
58.294522  5700
58.296455  7578
58.298168  6152
58.300880  8068
58.305704  6718
58.307317  6389
58.309529  6845
58.316746  7058
58.318819  7471
58.336945  5294
58.339557  5601
58.348667  6213
58.353472  6475
58.357718  6977
58.373364  6083
58.375417  7437
58.379423  7834
58.383348  8022
58.392298  8298
58.396643  7210
58.404693  7661
58.406406  5512
58.408898  8390
58.418286  5576
58.423784  8746
58.433991  8514
58.436643  8566
58.439235  8911
58.444159  8670
58.445952  9077
58.447885  9389
58.450377  5993
58.453009  8977
58.455141  6513
58.458527  9539
58.460140  6714
58.462831  9125
58.466857  9416
58.474401  9557
58.480639  5279
58.491461  5847
58.493893  4975
58.495706  6103
58.504176  5569
58.516671  8958
58.518724  9373
58.540448  7666
58.558927  7142
58.563192  7343
58.576167  7734
58.592113  6187
58.600863  6374
58.604869  7101
58.606522  6738
58.611027  7493
58.614198  5517
58.616850  6985
58.620975  7679
58.622928  8042
58.627380  8215
58.629313  5984
58.641728  6199
58.645813  5730
58.650338  6150
58.664332  9795
58.667403  9911
58.669995  7242
58.671828  7738
58.678945  10141
58.683537  5070
58.687803  5553
58.690075  10234
58.694440  7970
58.696293  10419
58.699404  5773
58.705322  6348
58.709087  8046
58.711299  8227
58.713212  9571
58.715325  9959
58.718037  10145
58.724734  8304
58.728679  8566
58.731850  8728
58.738088  8941
58.744405  9045
58.746138  9250
58.760911  5891
58.762684  6443
58.773367  7873
58.774980  8286
58.778885  8482
58.784763  8865
58.804095  9680
58.808800  9959
58.826160  6345
58.827893  9022
58.830265  9331
58.832797  10056
58.834450  10249
58.840967  6901
58.842720  8384
58.848458  10445
58.853302  10590
58.858626  6407
58.866277  10506
58.868010  10679
58.870502  10343
58.875127  10531
58.879072  10585
58.883137  10692
58.885589  10762
58.887941  7060
58.889794  7919
58.891967  10927
58.894439  8282
58.898864  5834
58.900497  10986
58.904163  11105
58.916112  6584
58.918005  7039
58.929307  6341
58.936144  6574
58.947746  10873
58.962047  11011
58.983542  6695
58.985135  7181
59.003987  8455
59.012737  8795
59.016782  8958
59.018455  9278
59.031969  7371
59.054065  7428
59.055978  6514
59.061002  7459
59.067639  8520
59.071105  8787
59.073437  6608
59.075630  8892
59.077543  6998
59.082427  9101
59.097374  6793
59.103751  10745
59.105924  8421
59.110249  11124
59.114235  11162
59.116507  8646
59.118719  8756
59.129301  11180
59.131414  5985
59.133347  8934
59.135499  7189
59.142388  11217
59.144081  11233
59.145974  6394
59.152451  9316
59.154224  11195
59.156936  11285
59.158589  11266
59.163713  9447
59.167938  8971
59.170510  9046
59.174775  9493
59.179838  9586
59.181451  9630
59.183823  9717
59.190600  9711
59.200556  9698
59.208766  7407
59.213111  7846
59.219988  9401
59.224673  9540
59.228858  9608
59.233043  9744
59.249249  10827
59.257389  10868
59.264046  9156
59.265639  9806
59.270084  9931
59.272536  10945
59.274888  9992
59.281013  7152
59.283146  10983
59.287531  11059
59.294368  11419
59.302706  11485
59.313589  11261
59.319387  11250
59.320960  11083
59.326024  7470
59.328097  11132
59.332182  11156
59.335728  9305
59.337581  6585
59.339913  11205
59.343798  9359
59.355479  7283
59.357532  7468
59.363829  7535
59.370067  7669
59.374252  6721
59.378457  7010
59.385094  7148
59.403447  11599
59.410404  11655
59.429638  7918
59.431371  8062
59.457176  9372
59.458889  9399
59.468477  9412
59.470370  9438
59.480285  6845
59.482178  6950
59.493659  7486
59.504642  7494
59.506755  7510
59.509147  9190
59.511459  6935
59.519669  7518
59.521842  7190
59.527141  9259
59.532504  7213
59.535056  9293
59.539481  9361
59.542133  9394
59.546977  9461
59.561574  6905
59.574696  7224
59.579021  7247
59.589564  9083
59.592890  9157
59.606383  9193
59.608615  9266
59.610807  7204
59.622997  6674
59.625988  6851
59.627641  6937
59.634358  11694
59.636191  11773
59.638603  11245
59.640456  11234
59.642888  11229
59.644661  9692
59.648606  9295
59.652292  9679
59.654624  9354
59.665306  9673
59.669391  9660
59.675349  9652
59.677122  9635
59.686851  9546
59.688844  9365
59.697813  8080
59.700485  8116
59.705389  10027
59.709314  10098
59.720776  10133
59.731957  10203
59.736761  11229
59.740887  11277
59.760718  7482
59.762351  10238
59.764284  11288
59.765857  10308
59.768269  11310
59.772294  11315
59.776579  11326
59.780884  11799
59.786782  9273
59.790048  11852
59.791881  11128
59.795092  11077
59.798917  7409
59.806768  11276
59.809499  7693
59.811072  11175
59.812685  10967
59.815077  11130
59.817589  11039
59.820820  9449
59.822473  10912
59.824865  9471
59.827197  9482
59.834274  10800
59.836646  10744
59.838319  7714
59.843143  7724
59.846629  7745
59.851053  7755
59.855118  7259
59.863209  7369
59.901780  11860
59.908337  8134
59.912363  8170
59.914595  11877
59.922985  11885
59.933169  9486
59.940465  9488
59.944470  9453
59.946463  9471
59.952781  9463
59.954954  10251
59.963744  7258
59.965477  6869
59.969482  6796
59.987941  7372
59.990453  7218
59.999423  7139
