# t(s) QueuingDelay(ms)
10.179010  0
10.188554  4
10.195531  7
10.218688  3
10.221360  13
10.250296  23
10.254608  15
10.260446  14
10.266754  24
10.277037  29
10.301714  29
10.305140  23
10.332728  35
10.368821  50
10.385621  69
10.410818  85
10.418829  35
10.429011  64
10.431723  6
10.443670  85
10.450847  10
10.488932  26
10.494490  98
10.504953  36
10.507225  95
10.528110  40
10.532155  102
10.536400  112
10.548915  54
10.559617  144
10.568487  110
10.574645  61
10.588839  149
10.596430  62
10.602888  176
10.609865  66
10.616262  191
10.623280  77
10.633534  163
10.639671  86
10.655042  186
10.656955  92
10.716849  199
10.718842  195
10.732810  101
10.734723  233
10.745465  230
10.762025  229
10.771399  259
10.773871  106
10.784574  133
10.803493  266
10.805566  137
10.829024  318
10.835502  233
10.842698  359
10.853521  149
10.860358  235
10.864244  382
10.870701  248
10.874806  155
10.889545  157
10.895603  257
10.902403  394
10.913647  273
10.918012  405
10.923096  165
10.934779  279
10.941597  409
10.943650  174
10.962069  182
10.964142  426
10.976077  201
10.985971  435
10.996594  453
11.008475  295
11.010707  466
11.012480  9
11.021298  298
11.029908  476
11.036505  213
11.049981  218
11.058259  311
11.071193  367
11.077691  245
11.099375  477
11.112189  248
11.145690  485
11.154440  259
11.173101  264
11.180177  531
11.183923  277
11.190620  376
11.200514  535
11.207531  387
11.211776  284
11.220446  404
11.226424  292
11.248429  445
11.256759  452
11.259051  546
11.272106  35
11.273759  563
11.280336  456
11.290859  307
11.301980  537
11.303793  473
11.307698  318
11.316468  52
11.327470  493
11.331455  67
11.347901  158
11.361578  504
11.394776  546
11.417535  505
11.435414  551
11.449223  523
11.451835  552
11.462757  334
11.470028  547
11.476505  345
11.482623  548
11.485135  570
11.503493  572
11.521143  482
11.545294  574
11.553465  490
11.561675  561
11.583540  494
11.602099  574
11.611289  578
11.631701  583
11.648501  12
11.665720  583
11.667353  640
11.680088  613
11.681681  652
11.684093  508
11.691209  516
11.710047  525
11.725528  551
11.729493  656
11.744081  175
11.754864  702
11.771164  660
11.773676  733
11.776288  557
11.784279  206
11.796714  753
11.806876  753
11.822603  562
11.827267  757
11.840802  752
11.847339  683
11.854536  569
11.882099  737
11.891328  729
11.892961  583
11.906276  617
11.908469  728
11.913193  690
11.919751  632
11.926648  708
11.946101  729
11.977135  664
11.978888  738
11.992827  665
12.020936  747
12.026320  699
12.041128  277
12.055696  283
12.059781  760
12.084178  310
12.094461  761
12.106203  769
12.108615  500
12.114773  810
12.127548  832
12.131873  502
12.133706  46
12.140643  845
12.160015  481
12.163980  845
12.166612  785
12.187906  852
12.195477  811
12.197829  660
12.207238  123
12.219814  852
12.230525  849
12.238376  132
12.245033  862
12.256374  369
12.267117  138
12.293128  903
12.295500  867
12.311067  919
12.313260  695
12.315672  893
12.328215  693
12.330008  910
12.351533  944
12.358190  944
12.364947  964
12.370805  879
12.405594  666
12.431156  996
12.446163  1005
12.463678  1022
12.506761  1043
12.547649  153
12.553647  1037
12.573067  2
12.584229  759
12.609365  19
12.627164  762
12.664462  62
12.683362  381
12.721972  777
12.734826  805
12.754766  829
12.770972  956
12.782953  881
12.795074  879
12.798779  1054
12.819069  171
12.841999  383
12.861306  1003
12.872607  1077
12.893079  1098
12.903541  1061
12.910718  1074
12.924471  204
12.926723  1062
12.966078  905
12.981824  1119
13.000346  929
13.008529  1074
13.043866  405
13.069421  409
13.086360  438
13.098866  938
13.101977  470
13.129190  1101
13.140531  1025
13.144576  896
13.177386  206
13.237926  1
13.243944  211
13.296678  937
13.303535  679
13.322834  102
13.324807  963
13.335450  122
13.363442  971
13.443028  471
13.447493  125
13.465222  219
13.483170  234
13.488848  225
13.495784  220
13.502462  430
13.504594  210
13.516799  204
13.519491  626
13.535103  421
13.547726  67
13.557929  189
13.574702  188
13.579247  416
13.591643  183
13.615969  402
13.631067  397
13.637165  387
13.647353  385
13.694000  398
13.699678  395
13.706655  395
13.714577  386
13.716869  20
13.727023  103
13.733021  0
13.746456  100
13.797067  1
13.813627  0
13.822777  0
13.836745  492
13.847707  531
13.861001  328
13.879225  492
13.892520  495
13.902263  1
13.904256  494
13.910493  324
13.919083  9
13.962818  10
13.979638  15
13.984263  15
14.021165  17
14.050646  349
14.066053  26
14.096488  372
14.138389  105
14.150765  164
14.156983  195
14.165912  221
14.170137  382
14.184813  392
14.194022  224
14.212770  228
14.217874  432
14.252352  241
14.265747  132
14.271405  449
14.285313  245
14.294222  147
14.300460  251
14.313813  456
14.399013  52
14.403179  460
14.413662  469
14.418746  247
14.460013  475
14.505560  530
14.536999  56
14.566993  559
14.576737  115
14.584867  600
14.586800  159
14.600573  63
14.605318  199
14.610657  625
14.613029  499
14.630170  653
14.652977  667
14.680870  688
14.703767  575
14.712677  138
14.723579  152
14.741258  170
14.756386  278
14.758119  527
14.781361  268
14.936209  547
14.953136  246
14.987756  355
14.991621  288
15.059624  342
15.137853  153
15.142018  365
15.184777  157
15.222022  248
15.236930  390
15.296240  554
15.300185  248
15.313520  412
15.418862  262
15.424280  639
15.439076  631
15.444180  265
15.466186  644
15.489399  654
15.503536  657
15.528405  729
15.530917  757
15.614670  267
15.636335  46
15.665651  384
15.748273  379
15.813327  285
15.820688  296
15.864520  340
15.888047  386
15.903394  213
15.913697  427
15.917862  394
15.935485  278
15.960401  289
15.973875  304
15.993446  465
16.000963  97
16.021739  314
16.032361  323
16.074085  472
16.096463  482
16.112750  334
16.192856  544
16.245836  317
16.269715  555
16.297816  322
16.336414  605
16.338566  346
16.348210  345
16.368152  791
16.386384  699
16.425907  353
16.475787  368
16.489162  708
16.493367  478
16.515014  385
16.546907  369
16.608642  117
16.646591  374
16.717625  144
16.774635  385
16.776328  496
16.785717  404
16.850960  510
16.872599  326
16.879723  394
16.889292  524
16.919187  450
16.956732  210
16.973472  486
17.008199  459
17.018403  527
17.074255  416
17.137117  428
17.206487  546
17.212625  412
17.239768  523
17.266217  570
17.271735  33
17.281563  607
17.304525  575
17.318306  78
17.330686  463
17.362366  4
17.380017  574
17.382549  117
17.399194  465
17.404018  4
17.503545  87
17.562378  804
17.571807  216
17.617007  556
17.655400  466
17.674636  222
17.868705  257
17.891965  454
17.980966  468
18.010070  646
18.024562  736
18.049711  761
18.057127  751
18.096726  498
18.100511  639
18.168686  281
18.222805  462
18.242226  455
18.317603  116
18.357476  122
18.365251  730
18.367823  194
18.398585  225
18.403069  465
18.419741  742
18.432595  769
18.443102  226
18.461306  706
18.504437  93
18.516877  548
18.528757  208
18.550426  861
18.580655  957
18.588611  286
18.593495  649
18.602839  489
18.606050  460
18.645788  283
18.667031  465
18.702079  462
18.704391  283
18.714219  463
18.716571  460
18.719063  463
18.721615  463
18.726099  462
18.738319  281
18.761715  462
18.790084  458
18.817842  268
18.820294  447
18.821907  445
18.824978  263
18.839350  438
18.849378  257
18.851690  257
18.854302  437
18.856954  435
18.862098  250
18.867736  425
18.876190  427
18.878502  418
18.910861  419
18.931510  414
18.941912  405
18.951121  413
18.958617  411
18.963341  405
18.965873  402
18.967486  407
18.972385  403
18.979590  397
18.981283  403
18.983655  394
18.991231  404
18.992924  403
18.995416  401
19.039281  403
19.041893  392
19.043766  405
19.046917  402
19.051761  401
19.059696  404
19.092952  401
19.099788  404
19.107024  410
19.108717  394
19.112742  396
19.114575  406
19.119818  402
19.121491  229
19.132537  401
19.134350  400
19.189682  411
19.195105  659
19.196958  405
19.202416  402
19.204928  405
19.212564  415
19.215775  405
19.231245  413
19.239395  415
19.247202  416
19.264251  414
19.276011  66
19.303740  416
19.311311  63
19.315336  411
19.319501  409
19.321094  170
19.322907  169
19.325119  168
19.326712  409
19.329204  406
19.331576  166
19.334048  399
19.338293  405
19.343317  396
19.344910  163
19.346643  401
19.349874  404
19.368761  402
19.389133  402
19.398929  408
19.410370  61
19.414100  408
19.426754  408
19.431299  407
19.439234  401
19.450136  147
19.465275  397
19.469959  397
19.489750  395
19.505528  403
19.514342  404
19.527361  897
19.536122  224
19.541386  403
19.581934  213
19.589610  380
19.603463  215
19.620048  203
19.630115  202
19.649930  380
19.669786  380
19.682066  378
19.734959  194
19.737311  373
19.739763  192
19.750824  369
19.760867  188
19.764397  367
19.772727  187
19.784527  365
19.791303  363
19.801969  361
19.839778  358
19.842430  350
19.861485  327
19.866329  654
19.886665  317
19.891949  312
19.896473  310
19.901217  299
19.908713  294
19.916698  72
19.928279  53
19.939281  214
19.946098  211
19.947731  731
19.954807  200
19.961903  193
19.974443  182
19.992712  0
20.009142  163
20.018530  0
20.025447  156
20.039289  147
20.069497  0
20.082631  146
20.093298  42
20.106485  528
20.112323  0
20.124103  26
20.233656  532
20.351734  0
20.377755  291
20.454836  486
20.456569  482
20.506830  2
20.545155  1
20.575573  49
20.588273  0
20.598679  441
20.618869  0
20.678061  0
20.684638  0
20.701258  0
20.719999  470
20.801401  10
20.861067  259
20.896031  0
20.917140  439
20.935453  0
20.977419  5
20.982003  0
21.002442  1
21.035397  16
21.046838  243
21.066713  412
21.156967  424
21.292415  211
21.326276  383
21.336966  0
21.378465  0
21.402529  2
21.438642  0
21.450382  185
21.476835  359
21.489769  355
21.597591  415
21.604155  407
21.608980  5
21.638595  15
21.647505  180
21.705741  1
21.784914  13
21.917784  4
21.936602  392
22.058382  55
22.065019  68
22.082728  206
22.088187  74
22.092732  20
22.119602  74
22.149608  88
22.172311  105
22.177909  215
22.213389  402
22.217255  405
22.243110  27
22.258936  76
22.270345  67
22.274670  30
22.278516  154
22.294502  18
22.300800  18
22.342935  0
22.351825  20
22.364839  88
22.374308  6
22.439197  104
22.493471  31
22.499628  37
22.591337  95
22.595722  428
22.601520  145
22.630527  149
22.632120  231
22.643122  153
22.670465  165
22.677042  155
22.687071  167
22.701499  156
22.722808  176
22.724961  468
22.752963  129
22.770070  137
22.774954  188
22.803493  202
22.805106  281
22.830382  431
22.843834  438
22.857029  175
22.870882  54
22.872775  176
22.885769  204
22.888341  161
22.894819  168
22.897131  189
22.907833  172
22.910105  205
22.922521  210
22.929178  212
22.931470  94
22.962463  100
22.997982  230
23.001508  25
23.011436  29
23.020939  290
23.038258  94
23.044523  319
23.053852  223
23.070197  228
23.072689  229
23.077913  211
23.095835  468
23.099980  532
23.112564  38
23.117728  113
23.127796  118
23.136965  123
23.141170  124
23.178584  483
23.205147  140
23.218245  224
23.242293  228
23.245939  523
23.259636  232
23.271937  253
23.281086  268
23.287104  395
23.289017  271
23.295874  215
23.324137  223
23.341856  280
23.346281  226
23.358246  221
23.360818  291
23.375605  127
23.394998  292
23.402015  223
23.430057  583
23.436814  315
23.439146  268
23.450488  236
23.457385  319
23.464741  320
23.469406  247
23.512314  263
23.527541  290
23.535691  328
23.543482  629
23.545355  406
23.558449  333
23.574359  592
23.576352  277
23.580537  301
23.607726  307
23.609459  282
23.619941  299
23.622014  338
23.639574  322
23.652429  322
23.680932  330
23.687769  221
23.689382  107
23.716529  229
23.725139  346
23.746828  230
23.763177  258
23.772646  358
23.782469  237
23.789586  244
23.796917  363
23.816414  429
23.821019  598
23.825444  29
23.851791  367
23.863972  590
23.865905  336
23.878560  339
23.880253  652
23.901657  242
23.910047  243
23.923932  273
23.930289  231
23.947688  228
23.973940  233
24.033095  251
24.050958  347
24.057655  355
24.070309  512
24.078840  387
24.092989  417
24.111407  426
24.114059  546
24.120956  362
24.125241  430
24.136143  435
24.144273  365
24.164018  370
24.167963  445
24.172987  329
24.178605  448
24.181077  404
24.187689  456
24.201322  461
24.223582  375
24.232192  463
24.240781  471
24.249650  457
24.293707  723
24.296039  364
24.311265  461
24.329730  718
24.332322  411
24.344003  475
24.352892  480
24.359469  331
24.361222  414
24.377972  438
24.388294  488
24.395890  450
24.412270  493
24.426982  519
24.441107  553
24.443619  523
24.452915  521
24.466976  514
24.487453  459
24.507717  332
24.509450  462
24.520181  493
24.529274  473
24.535017  417
24.548031  481
24.561054  485
24.571641  488
24.578522  491
24.580355  499
24.590497  355
24.593488  493
24.600484  354
24.612779  494
24.644442  356
24.663938  500
24.671928  815
24.674320  368
24.699302  464
24.705724  714
24.707437  530
24.712201  371
24.717265  375
24.722444  376
24.733972  603
24.738796  521
24.744578  604
24.752333  99
24.763994  522
24.768119  464
24.779564  522
24.787847  503
24.790319  526
24.797056  723
24.800961  515
24.804926  724
24.821438  811
24.835071  524
24.854919  383
24.866579  432
24.883024  402
24.929092  422
24.942606  491
24.946671  489
24.967827  821
24.978654  854
25.012091  518
25.017475  675
25.024711  521
25.033680  495
25.052904  524
25.059281  528
25.061773  527
25.072080  521
25.084040  518
25.086312  409
25.104639  504
25.116415  525
25.117988  526
25.133818  492
25.153973  526
25.155566  525
25.174892  528
25.179483  496
25.195288  530
25.196881  529
25.199353  527
25.212072  525
25.216237  878
25.230829  506
25.237646  507
25.240358  527
25.246640  684
25.254635  877
25.260852  511
25.263903  513
25.267469  512
25.269142  529
25.271374  529
25.285746  522
25.288777  512
25.291928  529
25.296073  503
25.306600  520
25.320041  505
25.331826  520
25.335671  525
25.340455  525
25.342308  506
25.348670  524
25.350283  518
25.353494  506
25.368046  756
25.370378  520
25.373844  500
25.375517  512
25.393893  514
25.398497  495
25.400789  513
25.403361  512
25.407246  512
25.419014  509
25.434445  500
25.438450  499
25.451276  517
25.454786  509
25.469613  517
25.475016  501
25.476849  500
25.485283  498
25.489228  517
25.494786  516
25.498172  515
25.499825  489
25.505248  498
25.515635  509
25.530288  500
25.560062  501
25.562893  515
25.565525  502
25.572449  503
25.583715  516
25.586806  517
25.615258  891
25.620002  514
25.624472  511
25.636133  684
25.638825  683
25.640758  678
25.643450  873
25.647495  215
25.661643  489
25.671391  468
25.673523  360
25.675436  467
25.677968  481
25.686937  494
25.689489  841
25.703822  475
25.708307  479
25.716083  843
25.720228  478
25.722880  843
25.735008  479
25.737340  491
25.739493  18
25.743898  490
25.746130  489
25.749995  489
25.756992  234
25.766790  500
25.775064  879
25.818493  507
25.860907  497
25.862600  488
25.864872  881
25.897045  499
25.902308  504
25.904860  502
25.907332  502
25.909085  501
25.910698  500
25.920231  500
25.924875  476
25.932171  500
25.934643  501
25.940521  494
25.944191  493
25.948376  468
25.958004  466
25.961035  464
25.966578  463
25.970843  460
25.972676  458
25.974948  457
25.976521  456
25.978314  456
25.980027  454
25.986084  452
25.988736  449
26.010876  455
26.012549  451
26.051347  405
26.052940  405
26.055492  402
26.060736  394
26.063068  757
26.067592  391
26.081585  390
26.083618  399
26.089428  385
26.094253  382
26.098238  380
26.104915  373
26.108880  373
26.111092  372
26.119127  361
26.119846  367
26.122478  353
26.129015  739
26.132481  343
26.146399  332
26.153915  348
26.156527  326
26.158999  729
26.160972  337
26.183395  329
26.187265  308
26.189897  308
26.191510  303
26.194222  303
26.205488  304
26.207960  302
26.210652  301
26.212864  301
26.215456  294
26.218068  305
26.222613  301
26.263579  297
26.267931  292
26.269584  301
26.279851  292
26.287267  297
26.289959  297
26.294923  293
26.301680  665
26.303413  665
26.305645  276
26.315353  456
26.322674  662
26.338548  660
26.344810  258
26.347222  256
26.350608  259
26.352181  252
26.353854  613
26.355871  611
26.357584  245
26.379952  249
26.387413  249
26.389106  248
26.395064  244
26.398095  241
26.407024  245
26.420442  247
26.423313  628
26.440611  242
26.449140  235
26.459966  229
26.481988  418
26.493293  225
26.498018  611
26.506808  608
26.513305  208
26.519902  383
26.521815  548
26.524387  184
26.527079  175
26.529671  194
26.534016  37
26.538321  196
26.552134  177
26.554726  177
26.559550  177
26.574110  177
26.576442  178
26.582125  182
26.600103  187
26.606121  189
26.637247  170
26.649981  167
26.693468  74
26.695760  76
26.698272  72
26.726333  411
26.729005  59
26.740866  55
26.759384  50
26.773687  236
26.780264  444
26.786562  48
26.788355  466
26.790228  44
26.797144  454
26.806234  450
26.811932  405
26.818789  38
26.831803  22
26.842714  404
26.846879  8
26.871975  11
26.889660  8
26.904935  200
26.913335  14
26.920591  7
26.936516  364
26.940781  0
26.942874  6
26.954155  394
26.983806  0
27.020569  0
27.059907  0
27.066425  0
27.086457  148
27.104656  0
27.127798  0
27.139100  342
27.141592  146
27.148869  354
27.152974  0
27.172305  309
27.204617  349
27.228015  0
27.236345  2
27.258899  134
27.265617  4
27.274627  0
27.276300  345
27.282058  0
27.304404  0
27.316414  348
27.454398  312
27.464785  275
27.471603  112
27.476427  111
27.490854  315
27.505882  314
27.510926  0
27.515571  6
27.528153  7
27.552109  0
27.587435  1
27.612286  1
27.628433  0
27.641467  316
27.807305  28
27.833654  12
27.864408  335
27.873158  338
27.890297  355
27.892390  13
27.896615  60
27.908096  57
27.914281  283
27.916094  56
27.931140  7
27.948660  31
27.953165  336
27.987985  32
27.998527  129
28.013862  33
28.020479  366
28.026897  368
28.031442  45
28.042284  304
28.051653  30
28.076068  357
28.080653  45
28.093587  51
28.113139  28
28.131237  22
28.178744  46
28.196083  52
28.210311  35
28.227030  38
28.237453  47
28.239626  60
28.259670  154
28.265968  363
28.270613  156
28.282888  364
28.287572  370
28.297715  385
28.303893  319
28.311513  78
28.319029  85
28.326185  85
28.328138  87
28.330810  327
28.332483  45
28.350995  46
28.359979  369
28.362251  37
28.367095  370
28.377717  64
28.385688  66
28.394498  34
28.398903  68
28.403947  68
28.411617  68
28.418454  161
28.426724  65
28.441851  397
28.444183  73
28.448742  398
28.451174  80
28.473417  67
28.482866  391
28.500794  331
28.508225  72
28.513913  81
28.544093  90
28.545826  54
28.569869  34
28.618380  35
28.623064  84
28.640348  86
28.656685  191
28.658258  83
28.670506  83
28.674651  99
28.692511  196
28.698708  199
28.712921  404
28.724263  405
28.728523  90
28.735779  91
28.737452  413
28.741877  358
28.756050  100
28.760994  108
28.763067  361
28.772017  74
28.780707  114
28.789399  82
28.800131  404
28.808901  407
28.825381  69
28.836862  92
28.841327  102
28.851590  208
28.867196  104
28.886808  100
28.889220  99
28.893226  19
28.898031  114
28.904808  108
28.908853  49
28.910746  420
28.919436  422
28.935082  21
28.940286  417
28.951987  21
28.953700  376
28.955493  48
29.000134  93
29.005039  58
29.072469  52
29.144288  110
29.160034  120
29.168465  419
29.174303  68
29.178288  108
29.186978  143
29.188951  456
29.206403  423
29.210468  451
29.212201  377
29.214373  114
29.222810  456
29.225242  97
29.227195  123
29.243002  160
29.250370  164
29.256987  164
29.258720  398
29.260373  102
29.277672  119
29.281717  456
29.303146  86
29.325749  136
29.335473  90
29.338025  213
29.355484  140
29.357317  251
29.383465  55
29.400006  81
29.418483  103
29.438242  466
29.454426  96
29.456159  119
29.465249  417
29.505333  142
29.512569  105
29.608862  144
29.610755  142
29.650438  126
29.654383  147
29.668891  177
29.671183  256
29.676781  165
29.683478  468
29.692208  268
29.698565  167
29.703664  463
29.711407  168
29.718284  476
29.724282  179
29.729126  479
29.744992  177
29.763475  438
29.768499  146
29.784506  149
29.792996  481
29.803739  482
29.817533  137
29.827217  158
29.845081  278
29.851199  144
29.858236  141
29.876215  281
29.884745  111
29.886478  159
29.895768  90
29.910796  161
29.918507  123
29.937224  496
29.939077  482
29.966521  171
29.973278  138
29.976249  121
29.982866  449
29.984659  454
30.008356  180
30.010029  163
30.026370  172
30.045302  139
30.108515  97
30.165179  180
30.184059  179
30.188783  179
30.203216  185
30.209274  149
30.218043  185
30.226393  498
30.228326  184
30.237535  485
30.242060  203
30.252862  186
30.254675  486
30.258641  192
30.261273  466
30.263485  513
30.272534  209
30.295298  467
30.303909  182
30.318522  211
30.320135  166
30.335123  168
30.355013  155
30.370340  174
30.386861  291
30.391665  184
30.410598  163
30.412311  197
30.416716  208
30.422854  315
30.431403  199
30.479178  151
30.487229  521
30.501097  525
30.505661  183
30.514212  150
30.520729  473
30.522862  152
30.527626  213
30.562984  194
30.611775  207
30.637868  124
30.663462  155
30.671193  205
30.694316  205
30.710121  207
30.712793  152
30.724648  208
30.758062  173
30.772650  526
30.792171  524
30.803281  518
30.820880  219
30.832562  225
30.836867  222
30.840592  222
30.849622  485
30.853428  201
30.870532  203
30.919939  189
30.921952  201
30.936699  191
30.938852  324
30.968593  194
30.976384  328
30.981368  212
30.988585  181
30.990558  202
31.024898  209
31.036754  184
31.053714  489
31.055367  529
31.057520  212
31.063897  539
31.070961  174
31.072714  543
31.082846  213
31.127110  215
31.188988  209
31.197958  331
31.207547  168
31.238862  191
31.240655  191
31.249864  232
31.254588  253
31.273326  220
31.281636  549
31.288653  232
31.290526  214
31.297583  216
31.307878  223
31.311264  226
31.313756  503
31.323025  219
31.332858  228
31.342067  186
31.344299  216
31.346831  233
31.353329  334
31.360766  335
31.366964  245
31.370769  531
31.372662  505
31.378500  241
31.384977  243
31.386610  547
31.415167  243
31.429475  506
31.450213  244
31.451886  227
31.456091  210
31.464361  246
31.471384  553
31.492819  558
31.496804  210
31.516356  354
31.528656  227
31.530948  251
31.535732  225
31.539877  223
31.548347  351
31.558809  246
31.566005  190
31.573860  224
31.608777  192
31.635107  250
31.640431  565
31.642803  561
31.649540  560
31.653585  192
31.660502  232
31.663693  513
31.722407  176
31.788291  210
31.805814  205
31.808166  237
31.813644  230
31.854443  240
31.856076  236
31.859207  510
31.867577  207
31.879684  247
31.891145  238
31.909723  207
31.920070  348
31.924474  347
31.929398  543
31.938767  243
31.969739  244
31.994774  235
31.996827  251
32.006036  247
32.032464  246
32.044384  560
32.104189  243
32.106062  222
32.108534  222
32.111940  243
32.130900  205
32.141862  222
32.172667  225
32.184807  225
32.190784  547
32.198774  238
32.200547  238
32.203678  550
32.208766  220
32.210739  197
32.220243  503
32.222116  218
32.258759  216
32.329423  220
32.337977  203
32.340569  210
32.347506  206
32.355089  190
32.357761  222
32.385328  217
32.387720  216
32.394117  218
32.406257  214
32.408210  491
32.410782  183
32.414567  178
32.419411  215
32.421324  213
32.428840  216
32.436256  213
32.452622  208
32.466974  328
32.476043  525
32.484893  523
32.489418  326
32.493304  323
32.505249  213
32.507062  195
32.510273  517
32.538392  205
32.575473  215
32.582609  202
32.584782  216
32.594958  216
32.615189  199
32.617182  198
32.642736  213
32.645887  193
32.647460  194
32.655316  214
32.658826  322
32.662212  206
32.664205  175
32.677899  496
32.693845  152
32.696497  151
32.701741  490
32.708479  185
32.713323  496
32.719960  149
32.722292  146
32.724504  167
32.728909  451
32.752651  178
32.776097  142
32.844896  166
32.854824  140
32.865031  162
32.879584  165
32.883754  164
32.886266  472
32.890531  161
32.893163  159
32.895355  124
32.899221  124
32.901833  433
32.905718  161
32.907970  160
32.909643  159
32.913988  159
32.918912  155
32.927027  427
32.938615  151
32.963228  464
32.966339  267
32.977422  265
32.998113  146
32.999886  142
33.002518  158
33.009075  153
33.017645  134
33.019318  141
33.037750  421
33.042734  135
33.046739  131
33.049171  113
33.061846  107
33.070375  107
33.090086  109
33.096663  129
33.100655  108
33.105040  127
33.107552  104
33.111817  88
33.114169  121
33.127263  423
33.131888  79
33.134580  79
33.141377  410
33.143090  416
33.152738  73
33.154930  93
33.161215  379
33.186890  86
33.220185  32
33.222397  31
33.252677  39
33.259294  53
33.276613  70
33.284747  67
33.286740  66
33.289891  30
33.292363  337
33.296548  66
33.302806  67
33.312314  332
33.320364  47
33.333659  349
33.337764  149
33.339717  345
33.346314  148
33.350619  316
33.354904  11
33.357037  331
33.361302  24
33.368079  13
33.372124  19
33.390670  302
33.404605  20
33.409270  14
33.426944  10
33.463339  33
33.472688  2
33.474501  33
33.489350  0
33.506510  3
33.508882  352
33.533070  133
33.540601  0
33.580651  0
33.587468  0
33.606290  3
33.608602  2
33.610335  1
33.614300  0
33.618445  275
33.628154  4
33.629927  0
33.634651  5
33.638796  5
33.655556  0
33.667931  311
33.669824  110
33.676341  310
33.703202  14
33.718010  4
33.729852  0
33.807023  1
33.834566  313
33.856156  281
33.866599  315
33.924656  1
33.957452  1
33.982762  281
34.004801  311
34.027054  282
34.038136  114
34.050472  286
34.071283  1
34.086472  7
34.119876  9
34.160019  24
34.206561  27
34.224414  293
34.231210  321
34.238486  339
34.273976  0
34.275869  23
34.297438  2
34.306987  290
34.316036  13
34.322574  9
34.326819  16
34.339115  17
34.351610  326
34.368929  115
34.384656  119
34.390114  17
34.399744  129
34.403909  28
34.425074  14
34.435721  24
34.451233  299
34.459024  26
34.464802  6
34.480983  1
34.516941  38
34.525132  10
34.530176  13
34.533227  41
34.574610  13
34.593274  342
34.595447  23
34.616572  329
34.627255  1
34.634806  18
34.647980  18
34.680646  16
34.688836  18
34.690589  26
34.718546  346
34.734153  309
34.738138  344
34.744256  311
34.780989  311
34.783301  31
34.792111  34
34.826807  33
34.832925  32
34.841875  31
34.886497  23
34.888130  21
34.891476  34
34.917705  39
34.928927  14
34.945377  363
34.954666  36
34.956499  359
34.961863  34
34.969694  38
34.996883  39
35.002151  346
35.006595  28
35.019949  35
35.028159  30
35.031984  31
35.049464  38
35.054408  35
35.085642  346
35.110439  314
35.116577  318
35.121761  146
35.134876  150
35.145279  345
35.167545  46
35.185763  38
35.198818  319
35.220463  35
35.257873  50
35.264830  52
35.275592  34
35.280716  48
35.299236  40
35.303201  43
35.334229  37
35.339333  42
35.343838  47
35.348223  155
35.384195  34
35.403808  31
35.405921  46
35.424855  41
35.436396  49
35.441555  49
35.456363  46
35.473423  42
35.486238  348
35.497241  322
35.516034  157
35.534061  157
35.546017  331
35.547790  363
35.554147  43
35.567043  362
35.574300  48
35.575993  55
35.586935  334
35.593852  49
35.595905  56
35.604634  58
35.666141  65
35.677163  45
35.684000  71
35.700925  51
35.702658  51
35.706584  39
35.735459  39
35.740383  47
35.746521  68
35.756804  70
35.785818  337
35.792915  374
35.807043  74
35.812662  73
35.819858  40
35.841382  50
35.843934  54
35.854837  57
35.863688  69
35.865661  60
35.875424  68
35.891451  380
35.904506  347
35.908931  380
35.918894  168
35.934561  175
35.940679  68
35.945803  377
35.963562  66
35.967847  71
35.979009  59
35.997842  184
36.006491  351
36.022653  62
36.027078  62
36.050694  75
36.057771  78
36.082440  54
36.084553  78
36.095022  79
36.108817  92
36.120539  95
36.130602  106
36.140246  59
36.148196  67
36.169841  62
36.176199  381
36.180324  74
36.196225  72
36.202722  75
36.231738  78
36.236223  418
36.252529  76
36.259445  89
36.263870  73
36.272060  108
36.291032  82
36.315763  99
36.318335  114
36.339579  364
36.359992  392
36.373046  188
36.382695  392
36.390705  82
36.400448  63
36.402321  429
36.407804  395
36.416241  87
36.418154  229
36.424791  116
36.429036  113
36.430849  386
36.446583  90
36.469361  89
36.477141  90
36.478754  74
36.484612  115
36.491988  119
36.504183  107
36.523000  109
36.528978  112
36.531590  124
36.533902  107
36.546777  103
36.561904  128
36.577375  120
36.585297  134
36.591854  140
36.595400  98
36.608315  113
36.624909  120
36.629354  123
36.640216  99
36.647727  390
36.651832  123
36.661795  107
36.663968  122
36.693868  133
36.702698  402
36.704791  90
36.713161  432
36.725736  136
36.744122  109
36.755124  124
36.769177  125
36.773262  114
36.787310  139
36.808949  128
36.818599  132
36.822884  410
36.828962  443
36.840304  413
36.847021  445
36.855431  455
36.860076  118
36.868467  425
36.870580  240
36.881796  133
36.890525  459
36.897262  429
36.899455  461
36.907385  242
36.911610  138
36.921262  441
36.925836  143
36.927569  134
36.929961  139
36.952380  245
36.956385  266
36.964176  156
36.975701  121
36.985138  137
36.995251  152
37.023991  145
37.028396  145
37.051274  157
37.094731  173
37.113229  150
37.135034  143
37.142725  135
37.146610  458
37.156605  158
37.169921  159
37.181462  138
37.186327  433
37.189653  464
37.202735  176
37.207080  153
37.210885  438
37.221588  466
37.255048  145
37.261106  129
37.271769  177
37.280758  161
37.296465  147
37.307127  146
37.313505  139
37.315218  174
37.324475  180
37.326228  177
37.333384  159
37.339942  153
37.350050  175
37.357901  459
37.364897  488
37.383083  152
37.388921  491
37.392906  491
37.398684  459
37.405820  273
37.421701  508
37.428438  157
37.430131  507
37.432763  475
37.454647  472
37.457239  176
37.461204  173
37.484868  286
37.488494  177
37.494572  182
37.497284  190
37.508146  186
37.515023  312
37.516616  139
37.525086  199
37.529431  196
37.533616  196
37.543919  193
37.593452  198
37.602123  167
37.630845  203
37.657948  177
37.662693  204
37.674988  192
37.681346  198
37.685951  198
37.687944  203
37.692888  484
37.708276  205
37.722038  158
37.726842  179
37.758438  478
37.763142  202
37.769919  206
37.792457  181
37.813661  200
37.833500  202
37.846695  205
37.852593  212
37.857637  212
37.859949  195
37.872834  212
37.885949  206
37.889734  196
37.895042  212
37.901699  489
37.906111  213
37.907844  520
37.925730  517
37.939426  490
37.968153  493
37.970066  207
37.986686  535
37.995316  538
37.999422  506
38.006123  206
38.012600  324
38.025259  525
38.031956  212
38.058912  217
38.061244  341
38.068161  223
38.070313  507
38.079623  195
38.083748  230
38.095429  220
38.109043  210
38.155125  226
38.194173  210
38.203941  226
38.228058  227
38.236428  215
38.254327  530
38.256520  232
38.265269  226
38.267801  231
38.323972  539
38.399179  215
38.419411  219
38.430353  240
38.432186  219
38.439043  232
38.445880  230
38.452458  218
38.454091  227
38.460348  536
38.462940  225
38.466825  235
38.476813  228
38.487655  539
38.490921  508
38.508639  506
38.529444  505
38.533789  339
38.537774  227
38.551208  495
38.555613  216
38.565945  335
38.575901  225
38.578013  539
38.580685  225
38.590273  541
38.600201  236
38.611961  218
38.614533  228
38.621710  235
38.623843  218
38.638470  222
38.664626  236
38.686882  233
38.797428  232
38.816066  231
38.817919  236
38.836649  227
38.850403  241
38.852895  237
38.871633  235
38.878311  237
38.901494  547
38.906498  240
38.922923  544
38.930306  222
38.959053  238
39.002633  238
39.007098  240
39.009630  235
39.014374  233
39.016526  223
39.025635  231
39.030599  236
39.032971  236
39.037116  231
39.042244  504
39.051073  534
39.052806  509
39.090208  507
39.097385  233
39.099558  337
39.109187  233
39.114051  231
39.116683  507
39.120608  231
39.123160  331
39.124933  212
39.143300  543
39.154714  228
39.159358  228
39.161690  227
39.168946  227
39.173111  212
39.185231  499
39.189176  212
39.191788  329
39.198505  220
39.205302  222
39.210573  222
39.212366  220
39.217390  217
39.226399  220
39.230844  211
39.233356  216
39.241211  210
39.261035  208
39.307399  210
39.330810  206
39.342999  220
39.352967  220
39.363429  216
39.370226  223
39.376743  221
39.380828  536
39.425278  219
39.438312  494
39.445388  211
39.447740  488
39.465378  198
39.471875  198
39.487645  198
39.491750  199
39.505443  197
39.526934  197
39.532617  197
39.539114  197
39.543219  192
39.545611  190
39.547723  514
39.552567  194
39.554340  194
39.557012  194
39.561117  461
39.589462  184
39.593947  456
39.605276  282
39.614565  172
39.616178  448
39.616897  447
39.618590  157
39.624880  171
39.631757  282
39.643398  487
39.649875  168
39.654180  167
39.656772  154
39.659144  163
39.660897  150
39.663229  269
39.672258  433
39.674111  145
39.678915  265
39.686271  160
39.692788  160
39.697173  145
39.700344  154
39.708858  152
39.784686  119
39.788871  116
39.793875  126
39.795528  125
39.798220  114
39.802525  120
39.809242  121
39.811095  118
39.813467  112
39.815360  111
39.820264  119
39.825887  432
39.828559  432
39.832864  120
39.845459  215
39.848450  103
39.855187  99
39.857859  108
39.894308  87
39.916444  100
39.936615  95
39.942553  93
39.944446  84
39.954269  88
39.956941  86
39.959832  84
39.963884  403
39.988440  537
40.002513  178
40.014302  61
40.020879  171
40.029749  373
40.034793  53
40.039777  42
40.046575  165
40.056384  332
40.063281  53
40.077055  63
40.092822  73
40.100178  67
40.101751  73
40.108313  70
40.174271  54
40.176983  53
40.179575  59
40.181248  47
40.186372  45
40.188784  40
40.190557  40
40.195341  50
40.201179  362
40.203651  44
40.219638  151
40.228608  38
40.230860  46
40.239010  36
40.242121  45
40.278652  35
40.287322  32
40.301390  30
40.305235  27
40.314105  32
40.320622  31
40.323194  346
40.324867  28
40.347665  338
40.364151  141
40.372662  31
40.379279  137
40.385991  343
40.388283  31
40.390056  25
40.394301  15
40.400543  132
40.408933  23
40.410826  299
40.414731  296
40.425414  20
40.427666  128
40.438708  19
40.441260  127
40.445505  9
40.447857  18
40.453181  15
40.518479  8
40.524202  7
40.526514  18
40.530659  14
40.537616  15
40.548598  18
40.552883  333
40.558341  116
40.571736  14
40.578274  3
40.582719  13
40.584931  3
40.606776  0
40.611341  6
40.636771  2
40.640896  4
40.645580  4
40.647173  1
40.648806  0
40.653111  0
40.670929  302
40.690461  104
40.698831  0
40.717490  319
40.723928  0
40.741867  278
40.748025  0
40.751730  104
40.764145  103
40.768550  0
40.770483  0
40.835117  0
40.843447  0
40.867321  0
40.900828  0
40.946818  0
40.974068  2
41.068182  6
41.078725  103
41.085976  115
41.104514  116
41.275587  5
41.284018  12
41.292148  13
41.298106  5
41.300598  20
41.304763  9
41.308109  20
41.313847  20
41.322142  13
41.332904  15
41.381570  13
41.386314  121
41.388247  14
41.409332  18
41.413937  6
41.417982  121
41.422367  14
41.450530  16
41.531351  10
41.544666  21
41.548272  25
41.574032  314
41.578237  18
41.601674  12
41.605340  2
41.627977  324
41.637031  16
41.667200  46
41.671764  15
41.694809  20
41.702920  16
41.739800  49
41.760972  126
41.763005  319
41.778462  31
41.788350  143
41.798973  11
41.800586  327
41.805351  50
41.820438  172
41.822291  18
41.828728  15
41.830681  23
41.844236  24
41.845929  171
41.850294  67
41.867154  27
41.933368  26
41.935700  29
41.943670  37
41.947835  34
41.954432  43
41.962702  46
41.964735  45
41.974758  60
41.990971  22
41.999261  42
42.037225  47
42.053391  52
42.061142  57
42.076458  74
42.083115  55
42.087540  78
42.093818  39
42.100515  39
42.102687  18
42.106093  62
42.119042  68
42.133819  42
42.136890  74
42.147452  339
42.161648  75
42.174502  69
42.196221  69
42.202858  65
42.205390  36
42.213401  66
42.217586  70
42.233121  42
42.237426  72
42.260804  75
42.293752  79
42.326158  51
42.334928  50
42.336561  67
42.405902  63
42.413772  71
42.421723  75
42.437996  64
42.454203  67
42.456335  79
42.485271  15
42.509247  101
42.511639  74
42.513292  76
42.519489  110
42.521262  64
42.555785  90
42.580744  363
42.595144  76
42.599768  79
42.603494  94
42.608298  78
42.617408  84
42.628011  105
42.629904  66
42.642779  103
42.659779  73
42.666317  78
42.673757  91
42.696528  99
42.773849  86
42.780326  85
42.786904  60
42.788737  90
42.790650  105
42.799859  96
42.803705  107
42.812834  110
42.830787  89
42.842883  98
42.844856  69
42.856117  99
42.880734  93
42.921184  112
42.925409  42
42.927972  106
42.937042  115
42.945273  93
42.951530  81
42.957708  95
42.968598  91
42.982673  115
43.007968  114
43.015425  110
43.029912  86
43.032344  107
43.049185  104
43.059447  120
43.075628  128
43.087149  128
43.094585  111
43.098890  93
43.119655  101
43.135425  99
43.144124  131
43.152541  105
43.161984  138
43.255723  132
43.274816  132
43.289344  141
43.299926  106
43.308463  109
43.318646  101
43.324144  109
43.362185  134
43.367129  115
43.386462  126
43.392899  91
43.394832  131
43.396785  70
43.402883  114
43.411413  99
43.414484  142
43.432778  137
43.444459  108
43.448405  132
43.461000  129
43.469130  134
43.483558  137
43.500825  126
43.520818  135
43.553274  143
43.557519  143
43.563737  132
43.574800  148
43.577871  135
43.593200  144
43.598878  116
43.611673  135
43.620762  151
43.631265  83
43.637783  149
43.646273  116
43.699793  141
43.733039  144
43.740016  143
43.746274  156
43.764636  158
43.768122  151
43.773525  158
43.781316  175
43.801031  138
43.845649  151
43.898029  144
43.904586  109
43.916342  141
43.918894  134
43.929666  186
43.934231  140
43.954781  137
43.972421  180
43.988108  148
43.992133  185
43.996798  190
44.013068  134
44.024070  144
44.035446  154
44.062474  147
44.065006  171
44.074691  156
44.077303  187
44.086672  174
44.094303  147
44.098568  153
44.101080  178
44.103193  152
44.109111  156
44.124279  152
44.129243  161
44.138587  177
44.150907  180
44.223924  145
44.235126  185
44.239411  177
44.244989  185
44.250828  177
44.270480  178
44.272313  186
44.288754  185
44.315270  174
44.321628  178
44.323781  172
44.337237  186
44.349218  139
44.361401  177
44.366165  158
44.387259  185
44.400952  192
44.423451  182
44.438408  187
44.444091  184
44.453784  196
44.456136  189
44.463567  169
44.471422  186
44.481089  183
44.526649  195
44.539104  199
44.548388  188
44.568633  186
44.577102  200
44.585671  200
44.595439  187
44.609372  201
44.615746  188
44.622623  208
44.626608  193
44.628361  200
44.651938  188
44.656263  192
44.665727  198
44.676689  194
44.688051  199
44.689644  183
44.780278  189
44.782710  210
44.793532  198
44.801008  207
44.833930  196
44.874593  194
44.887028  205
44.888961  200
44.908712  210
44.922128  203
44.943719  212
44.966284  214
44.975154  221
44.988576  203
44.995652  216
44.997245  197
44.999697  204
45.003323  221
45.010380  194
45.013966  220
45.018530  210
45.043370  217
45.049452  209
45.056029  208
45.057702  211
45.068804  192
45.085404  203
45.099398  207
45.104163  217
45.110581  201
45.113033  202
45.119111  211
45.149131  219
45.156228  196
45.167730  218
45.199190  218
45.201722  210
45.206446  217
45.221173  201
45.232694  213
45.239570  215
45.308091  210
45.317439  223
45.327188  223
45.329181  225
45.342696  212
45.353159  219
45.383504  224
45.406650  199
45.408723  224
45.418893  210
45.421065  210
45.422638  221
45.445708  207
45.450232  225
45.469884  217
45.511272  212
45.522553  214
45.526838  221
45.539046  215
45.541458  216
45.546522  220
45.550587  214
45.560255  221
45.571516  213
45.586068  233
45.614627  216
45.672495  227
45.678078  226
45.682583  220
45.703552  224
45.721611  221
45.723229  227
45.725761  224
45.735298  222
45.736991  219
45.739563  217
45.750832  223
45.764720  215
45.768745  219
45.774483  218
45.848951  218
45.857860  219
45.871318  232
45.876290  232
45.882927  230
45.902615  225
45.904847  219
45.917509  219
45.927377  209
45.929629  205
45.941630  217
45.950786  213
45.953458  205
45.969404  208
45.972096  207
45.976720  206
45.978293  204
45.980086  213
45.997437  204
46.005273  209
46.043975  198
46.050736  206
46.053288  205
46.056379  206
46.058252  206
46.060404  202
46.062357  199
46.064609  201
46.066542  202
46.072672  199
46.082460  205
46.094021  199
46.096233  199
46.105170  204
46.122714  206
46.151449  198
46.154835  202
46.162858  202
46.180142  204
46.182834  198
46.191331  202
46.195316  194
46.200100  192
46.206957  190
46.218578  198
46.222523  186
46.226548  190
46.228141  196
46.232866  186
46.235118  186
46.237670  185
46.242094  185
46.243847  184
46.246978  182
46.248811  175
46.253415  180
46.256027  181
46.262824  180
46.264397  179
46.266470  178
46.268922  178
46.345210  164
46.350613  174
46.358229  172
46.363413  174
46.386242  169
46.388694  167
46.400015  167
46.411615  155
46.425528  167
46.432624  163
46.435196  161
46.436909  152
46.446717  152
46.452855  149
46.455107  158
46.462024  158
46.464216  152
46.476441  150
46.482411  158
46.523627  158
46.529894  161
46.531567  160
46.535317  150
46.538468  155
46.540201  155
46.545924  150
46.548156  149
46.552940  154
46.555412  156
46.569265  152
46.575442  155
46.577015  148
46.579727  153
46.584566  149
46.586179  148
46.588791  140
46.612770  140
46.619167  133
46.632828  135
46.637453  131
46.652744  117
46.657329  108
46.662074  116
46.666339  108
46.674039  99
46.683618  105
46.693086  107
46.761854  92
46.766858  104
46.769190  92
46.772960  99
46.774793  102
46.777445  101
46.782429  100
46.788253  95
46.795050  89
46.808292  81
46.814250  76
46.826965  82
46.830970  77
46.835335  72
46.845498  68
46.859479  80
46.863584  75
46.867509  76
46.874865  74
46.877357  69
46.919279  60
46.921132  59
46.925716  54
46.934214  61
46.941271  58
46.949542  50
46.955420  61
46.979821  36
46.987871  36
46.993609  32
47.000246  33
47.013260  27
47.022609  29
47.028447  42
47.033151  40
47.037037  31
47.047999  38
47.059729  47
47.064054  46
47.108583  23
47.110815  22
47.112568  33
47.114641  21
47.119345  32
47.120978  31
47.136544  23
47.155289  14
47.165871  15
47.167644  5
47.188176  8
47.192281  16
47.202404  1
47.239114  3
47.242560  0
47.245751  3
47.254061  0
47.258646  0
47.262831  0
47.267196  0
47.315847  0
47.329309  0
47.347188  0
47.349381  4
47.357931  0
47.370027  0
47.381469  0
47.440406  7
47.497935  4
47.559006  2
47.583461  4
47.619897  6
47.639130  12
47.652324  5
47.668030  13
47.675067  15
47.680845  6
47.694693  11
47.711952  2
47.717530  7
47.762727  0
47.799839  18
47.818240  13
47.820612  12
47.840205  8
47.856705  2
47.913650  2
47.922559  10
47.926285  10
47.928777  19
47.933142  21
47.960725  21
47.975712  1
47.981570  20
47.998157  9
48.017409  16
48.028391  9
48.030544  4
48.035488  18
48.040033  25
48.051096  11
48.066623  12
48.069095  25
48.108643  11
48.125408  19
48.139570  24
48.152366  28
48.162334  21
48.192116  13
48.194209  11
48.200666  13
48.274699  15
48.276272  16
48.280697  28
48.287535  26
48.289688  39
48.291381  26
48.303102  18
48.307388  14
48.320883  32
48.338103  47
48.366759  25
48.375349  45
48.383699  28
48.387824  6
48.403632  28
48.406004  33
48.423751  30
48.432641  26
48.439778  32
48.454566  49
48.456379  38
48.491396  25
48.510415  29
48.527183  30
48.534280  33
48.544243  28
48.555325  48
48.559830  51
48.573005  50
48.577370  55
48.581655  22
48.588052  33
48.594650  36
48.596783  27
48.606152  38
48.609378  53
48.657566  12
48.662570  49
48.665756  51
48.671040  49
48.674011  52
48.682341  64
48.687125  39
48.702812  50
48.717779  58
48.722244  62
48.725630  26
48.732187  64
48.749690  65
48.773947  22
48.780392  38
48.784637  44
48.788103  65
48.794680  55
48.804752  51
48.806885  65
48.820400  55
48.824805  53
48.829050  34
48.841925  59
48.843958  66
48.861119  64
48.863811  35
48.889362  38
48.905630  38
48.909715  67
48.912287  72
48.929027  77
48.936483  80
48.941962  51
48.962612  67
48.987488  66
48.993286  68
49.004288  62
49.068275  44
49.074353  56
49.077839  71
49.089180  69
49.096198  78
49.102976  70
49.114759  62
49.119404  79
49.126262  75
49.143043  72
49.152791  87
49.160262  101
49.177234  81
49.189410  95
49.194394  81
49.200532  43
49.210335  103
49.217532  65
49.224529  89
49.233553  104
49.238677  71
49.249560  74
49.260862  53
49.268578  86
49.272464  75
49.283026  69
49.290243  98
49.324330  80
49.334693  93
49.343302  83
49.362594  85
49.366759  76
49.372597  102
49.378535  85
49.386366  106
49.420736  80
49.429625  83
49.431618  84
49.440408  87
49.452923  106
49.456888  100
49.482944  74
49.502037  72
49.526876  102
49.531461  94
49.535806  108
49.538378  111
49.542203  103
49.547981  98
49.571739  110
49.579275  97
49.580948  83
49.585493  117
49.592150  117
49.607657  109
49.609470  125
49.619593  110
49.623758  120
49.639505  113
49.643950  66
49.660143  96
49.661836  104
49.674891  116
49.708153  98
49.715624  118
49.721662  125
49.723854  126
49.728099  101
49.775033  113
49.777186  105
49.786216  112
49.794633  126
49.799957  116
49.826921  123
49.850431  136
49.854936  125
49.876410  110
49.886373  114
49.895322  116
49.900047  117
49.910290  117
49.912443  120
49.935206  106
49.975163  127
49.998481  129
50.015541  129
50.025724  116
50.031751  113
50.033404  129
50.043987  129
50.050924  117
50.064402  126
50.066734  130
50.075684  146
50.092732  146
50.105885  131
50.117107  126
50.118780  146
50.122825  114
50.129802  127
50.133168  119
50.137573  135
50.140185  140
50.148256  153
50.156426  143
50.159018  120
50.173667  128
50.178052  126
50.179625  130
50.196730  154
50.199916  137
50.201649  122
50.213530  157
50.246336  134
50.253747  130
50.258052  124
50.266282  153
50.278978  139
50.296217  155
50.304708  138
50.311705  151
50.330917  157
50.358599  167
50.367988  141
50.369741  154
50.376558  143
50.387501  138
50.393839  157
50.405280  144
50.427688  147
50.476245  158
50.496077  158
50.498230  167
50.509453  156
50.511346  164
50.527533  150
50.536323  165
50.544793  170
50.546606  146
50.551410  169
50.568770  181
50.578658  169
50.580791  139
50.595699  173
50.624121  147
50.625954  150
50.634544  148
50.637236  176
50.641521  168
50.648299  166
50.670292  153
50.676529  158
50.689604  174
50.708997  167
50.719780  173
50.735920  149
50.755812  156
50.766914  173
50.769087  168
50.777437  181
50.790752  165
50.797729  170
50.808612  172
50.826458  175
50.833689  176
50.909742  173
50.916419  168
50.918372  180
50.923771  167
50.939577  173
50.984066  173
51.001626  173
51.023172  186
51.029729  178
51.036127  176
51.042644  204
51.047308  168
51.057971  186
51.076884  190
51.087706  175
51.091991  208
51.101441  178
51.111684  173
51.113377  206
51.118041  186
51.138607  190
51.148056  173
51.156626  175
51.158299  204
51.164656  178
51.169041  205
51.173885  192
51.179663  187
51.203561  179
51.211811  185
51.220001  205
51.245097  191
51.256140  205
51.290736  197
51.301626  209
51.306358  180
51.312975  213
51.327084  174
51.381104  189
51.401435  205
51.403508  223
51.413730  188
51.424293  188
51.425906  185
51.437488  190
51.446158  205
51.450703  199
51.452836  199
51.515261  211
51.531227  182
51.542253  205
51.552835  198
51.569321  211
51.571473  197
51.589472  214
51.595457  206
51.597550  216
51.613916  205
51.615989  214
51.624359  205
51.631356  204
51.638093  198
51.667174  211
51.676843  203
51.705257  215
51.706890  208
51.710675  204
51.717272  209
51.725362  208
51.729567  205
51.738636  212
51.743061  210
51.756559  201
51.787040  217
51.844243  221
51.853572  209
51.862061  209
51.871010  217
51.896964  203
51.920387  210
51.925291  210
51.944263  202
51.957875  201
51.988817  204
52.008353  213
52.102183  207
52.111879  222
52.130257  224
52.133488  218
52.140125  224
52.142297  217
52.151765  225
52.164525  217
52.169469  219
52.172101  223
52.188185  201
52.190577  212
52.206703  221
52.219131  215
52.226408  206
52.231516  215
52.233189  217
52.235721  213
52.240306  208
52.251252  207
52.254907  215
52.265210  216
52.268940  217
52.280808  214
52.283500  216
52.285792  214
52.287485  208
52.295815  215
52.323298  217
52.328142  213
52.329975  210
52.346934  214
52.352872  204
52.358610  204
52.362240  204
52.367304  210
52.373022  205
52.383538  205
52.389141  212
52.398949  207
52.410151  209
52.422399  207
52.431268  204
52.447213  208
52.466117  200
52.470901  206
52.473493  205
52.476205  204
52.494410  192
52.501107  194
52.507904  194
52.513207  204
52.529392  202
52.614142  208
52.659951  213
52.662523  221
52.671132  220
52.672825  215
52.694044  211
52.706304  215
52.725560  205
52.727852  207
52.732437  217
52.734330  206
52.739334  204
52.746970  199
52.758579  202
52.760951  200
52.763543  197
52.785711  194
52.798111  199
52.807780  194
52.812644  198
52.829828  191
52.833953  194
52.839276  197
52.863696  206
52.867282  196
52.873340  192
52.877185  197
52.882268  196
52.884540  185
52.889324  183
52.893589  188
52.895781  188
52.903157  187
52.912086  188
52.918863  180
52.926559  184
52.932282  182
52.934295  176
52.937446  176
52.939439  176
52.947613  160
52.949246  160
52.951818  162
52.953471  158
52.955923  154
52.982462  152
52.990238  160
52.995941  159
53.005376  157
53.017280  157
53.021205  154
53.030395  154
53.057400  152
53.059712  153
53.061285  153
53.081102  152
53.083734  151
53.093557  143
53.096249  143
53.097882  138
53.100514  139
53.106951  134
53.111376  137
53.113668  133
53.116360  138
53.118872  145
53.126208  140
53.135025  110
53.148519  91
53.150092  90
53.152604  85
53.156529  79
53.161093  74
53.163725  73
53.175287  73
53.177799  75
53.182284  73
53.184916  72
53.188502  71
53.193446  63
53.198051  61
53.206481  54
53.210446  53
53.234268  44
53.242118  47
53.248755  43
53.251227  43
53.253659  43
53.255852  40
53.268787  34
53.270940  33
53.285488  40
53.287980  38
53.307953  39
53.314929  38
53.317521  45
53.327329  36
53.334426  29
53.336558  32
53.356039  31
53.364249  29
53.368014  29
53.376723  35
53.396834  25
53.413181  21
53.430751  15
53.434856  16
53.441733  12
53.443686  13
53.447411  12
53.449484  20
53.455881  15
53.465670  10
53.475258  6
53.477810  2
53.496448  7
53.500313  5
53.507749  6
53.519031  0
53.553080  0
53.557305  0
53.559817  5
53.566282  2
53.577923  0
53.588726  0
53.590759  0
53.603734  0
53.613162  0
53.635066  0
53.643803  0
53.662301  0
53.684917  0
53.714638  0
53.718423  0
53.739587  0
54.078079  8
54.080491  14
54.164491  3
54.174654  27
54.222611  9
54.283979  5
54.293203  9
54.305064  10
54.311022  8
54.347076  16
54.375805  15
54.377378  15
54.405020  3
54.406693  16
54.409205  20
54.453460  30
54.460458  15
54.475226  36
54.487626  24
54.492430  23
54.499746  27
54.512066  27
54.518623  21
54.523467  26
54.534770  21
54.537222  23
54.579953  24
54.631313  32
54.727331  32
54.734648  21
54.747223  27
54.782337  41
54.793219  31
54.794912  42
54.799697  26
54.810460  43
54.812033  28
54.818590  59
54.821162  33
54.831604  44
54.842966  46
54.858213  30
54.869355  2
54.871068  37
54.915563  33
54.924652  37
54.944604  42
54.964917  42
54.973866  34
54.975659  63
54.977732  15
55.000275  36
55.011297  40
55.013450  39
55.033312  25
55.045807  33
55.047580  47
55.058862  44
55.070238  55
55.081374  48
55.090003  57
55.124364  36
55.130102  64
55.139332  60
55.141964  57
55.148262  42
55.152627  69
55.156892  76
55.165482  55
55.179056  60
55.181209  63
55.182822  60
55.208892  49
55.215669  57
55.217622  69
55.227758  19
55.259790  43
55.280216  70
55.290209  64
55.326601  70
55.341508  72
55.343461  75
55.347686  24
55.360322  85
55.367019  54
55.377382  68
55.389363  68
55.395721  66
55.407827  65
55.410898  60
55.422618  75
55.440598  74
55.448249  28
55.466447  78
55.477289  70
55.489625  79
55.510123  76
55.520287  75
55.536507  78
55.547529  73
55.558211  78
55.560264  105
55.567161  81
55.580396  80
55.593111  65
55.610372  25
55.621713  82
55.633135  71
55.654741  78
55.677591  92
55.680043  101
55.688813  93
55.709184  108
55.713329  96
55.717375  102
55.731269  103
55.744444  55
55.746517  109
55.755207  111
55.764491  115
55.769615  88
55.785461  115
55.790445  104
55.796703  101
55.808026  90
55.810398  94
55.827278  101
55.845177  109
55.851894  56
55.871365  38
55.874731  109
55.906573  112
55.913590  116
55.934461  112
55.941638  104
55.953507  127
55.956893  108
55.973593  144
55.982023  115
55.983816  116
55.996931  110
56.005041  127
56.017837  120
56.030412  58
56.051264  111
56.060181  108
56.073097  81
56.081947  121
56.094082  120
56.110723  128
56.125951  141
56.129856  136
56.134840  130
56.152260  130
56.163802  90
56.171933  143
56.173926  121
56.183059  149
56.195240  109
56.202117  119
56.218817  145
56.232251  121
56.233944  126
56.255549  130
56.284710  148
56.286423  103
56.315134  148
56.337198  142
56.347501  150
56.386324  145
56.390349  149
56.394894  148
56.412240  148
56.414912  156
56.425235  149
56.427328  168
56.445091  143
56.454800  145
56.459604  143
56.472619  90
56.474432  163
56.492052  120
56.508598  153
56.573071  145
56.581741  148
56.601852  149
56.612295  113
56.623357  179
56.625789  170
56.629335  166
56.634873  171
56.639757  131
56.652453  151
56.665642  162
56.667215  155
56.687755  141
56.694233  153
56.719773  174
56.744523  132
56.746256  151
56.748888  174
56.765809  165
56.772246  175
56.795892  166
56.797765  181
56.824854  175
56.851364  141
56.866192  173
56.873329  188
56.885674  185
56.891972  179
56.894524  177
56.915254  163
56.922011  192
56.929288  171
56.939851  128
56.959044  158
56.962390  167
56.972557  167
56.998448  144
57.027209  190
57.031274  184
57.037951  175
57.055110  183
57.081820  189
57.097146  179
57.109135  193
57.115692  198
57.121630  200
57.125555  162
57.133566  177
57.150026  180
57.156004  189
57.174182  179
57.176494  168
57.188415  183
57.220630  187
57.237509  190
57.266331  192
57.276274  202
57.297838  190
57.314905  185
57.319430  189
57.342268  197
57.344800  200
57.355022  201
57.365385  203
57.373276  197
57.381685  172
57.387743  193
57.394201  198
57.398546  197
57.409089  165
57.414787  200
57.431807  179
57.444907  196
57.472532  192
57.491784  200
57.498042  196
57.506692  201
57.534395  169
57.558193  198
57.601151  206
57.605236  203
57.620464  198
57.658806  201
57.670048  200
57.722461  203
57.769044  205
57.777474  200
57.782238  204
57.791846  205
57.812436  213
57.818314  211
57.829896  215
57.840248  205
57.846926  234
57.856055  208
57.860300  201
57.870283  198
57.872815  227
57.888936  227
57.899478  222
57.922695  180
57.943899  183
57.955899  204
57.988888  213
58.003496  214
58.019501  231
58.023686  215
58.049796  238
58.051369  217
58.056573  226
58.076325  242
58.081010  232
58.083162  217
58.100244  231
58.112379  229
58.121348  203
58.127706  227
58.147212  216
58.151397  209
58.159688  231
58.162579  187
58.168398  235
58.170670  227
58.176388  238
58.202857  213
58.233311  230
58.245967  230
58.247880  239
58.249593  236
58.289616  240
58.298426  234
58.300678  243
58.302431  240
58.335592  244
58.343882  245
58.351912  219
58.375600  243
58.381618  238
58.385863  243
58.390048  258
58.391781  250
58.394313  240
58.404576  265
58.410234  245
58.416791  266
58.423268  243
58.437903  255
58.455063  257
58.474876  222
58.490151  228
58.494376  236
58.514016  226
58.541818  245
58.566773  247
58.570159  258
58.601293  253
58.638624  240
58.664334  260
58.668898  275
58.674896  279
58.680020  275
58.688370  233
58.691062  276
58.694788  248
58.716939  250
58.749009  235
58.775639  259
58.789869  260
58.811060  250
58.813512  258
58.826327  284
58.832465  276
58.856977  274
58.864253  279
58.888050  287
58.899646  283
58.906123  270
58.914813  284
58.921790  248
58.926694  236
58.934225  260
58.938690  281
58.953598  284
58.960435  278
58.986664  293
58.990649  273
59.007848  286
59.018611  281
59.036671  266
59.047474  283
59.049427  253
59.060489  259
59.062721  278
59.082313  248
59.101904  280
59.105530  282
59.128526  288
59.130699  278
59.152763  290
59.162427  294
59.172275  281
59.180625  290
59.184391  290
59.194739  281
59.234617  294
59.243566  287
59.266236  280
59.303109  291
59.310845  294
59.335775  288
59.350116  271
59.356134  274
59.365144  295
59.388302  289
59.389875  299
59.395853  291
59.405921  293
59.423201  290
59.437275  302
59.443813  301
59.458246  302
59.460419  294
59.468989  299
59.476844  273
59.492021  295
59.502923  295
59.523719  302
59.534856  295
59.551541  282
59.553294  302
59.555426  304
59.588531  305
59.593523  300
59.605384  291
59.609709  276
59.613934  292
59.655570  291
59.678668  288
59.689870  303
59.701331  295
59.731127  304
59.747533  301
59.772967  303
59.815345  302
59.840101  302
59.865065  297
59.874354  313
59.876926  303
59.886614  298
59.954266  305
59.984174  307
59.988139  309
59.996749  301
