# t(s) QueuingDelay(ms)
10.154524  0
10.179974  0
10.197154  3
10.205404  9
10.218899  12
10.230081  0
10.231674  20
10.239904  10
10.249324  18
10.251197  23
10.262225  24
10.283790  16
10.295886  14
10.300551  8
10.302983  34
10.310100  6
10.334311  67
10.347126  14
10.355763  24
10.381913  23
10.412688  25
10.432841  69
10.445875  80
10.453766  112
10.456258  30
10.482468  36
10.489425  36
10.493311  34
10.497616  33
10.505686  27
10.508258  26
10.513747  25
10.531740  25
10.549480  121
10.566420  27
10.572123  34
10.595461  33
10.601479  150
10.632746  166
10.651737  40
10.682333  60
10.684745  195
10.699672  2
10.706289  214
10.712707  7
10.732600  246
10.737264  8
10.751473  86
10.760562  26
10.780654  252
10.784520  26
10.790118  33
10.798295  262
10.806865  88
10.809417  266
10.831349  45
10.867253  299
10.869106  60
10.871438  119
10.891654  62
10.903136  307
10.914952  309
10.923262  88
10.934005  111
10.936717  123
10.940353  334
10.953829  124
10.958213  363
10.984632  130
10.996748  162
11.028883  210
11.031015  138
11.065706  263
11.090563  298
11.098834  367
11.114122  324
11.116334  373
11.132521  384
11.134334  5
11.154967  158
11.159352  350
11.170114  162
11.176832  367
11.186341  185
11.207969  262
11.217738  373
11.223656  403
11.250465  409
11.257203  263
11.271538  443
11.321658  462
11.323491  270
11.325164  471
11.332301  16
11.334873  279
11.343563  482
11.345616  286
11.352732  285
11.382187  19
11.402533  285
11.428222  22
11.448379  91
11.460355  302
11.464840  122
11.482287  142
11.484220  317
11.492850  484
11.495162  144
11.504372  330
11.511009  300
11.513721  553
11.524144  301
11.528029  559
11.537572  560
11.587211  302
11.595761  568
11.605304  307
11.630466  329
11.641528  581
11.647685  334
11.666595  583
11.693358  605
11.703401  336
11.715916  610
11.718608  349
11.731043  364
11.737960  372
11.742525  145
11.749023  366
11.762472  341
11.779331  155
11.814591  349
11.823241  366
11.833744  388
11.850684  205
11.904077  210
11.913346  221
11.917511  401
11.924248  409
11.928493  244
11.935210  248
11.941488  245
11.948245  420
11.965046  368
11.971623  388
11.978041  379
12.001390  373
12.025208  373
12.028583  14
12.049294  403
12.082745  374
12.129607  403
12.141074  413
12.145998  408
12.148011  18
12.154289  405
12.169460  222
12.175518  406
12.179743  396
12.184307  10
12.192222  212
12.199019  5
12.215560  203
12.218012  388
12.297461  28
12.356286  224
12.364376  237
12.372907  239
12.379804  398
12.392114  251
12.398172  253
12.404869  433
12.409054  256
12.423194  262
12.431883  265
12.446372  270
12.485356  376
12.497462  389
12.515641  398
12.527717  400
12.546161  0
12.568565  435
12.589570  432
12.591383  1
12.604657  12
12.606690  34
12.611760  252
12.631812  14
12.637330  17
12.676660  40
12.689135  434
12.707395  440
12.709428  49
12.715486  440
12.753558  482
12.763042  91
12.779728  267
12.788737  118
12.822497  335
12.852212  360
12.854404  1
12.872043  125
12.880293  373
12.900284  24
12.906042  394
12.931263  142
12.951150  208
12.975813  483
12.991625  409
12.999581  428
13.020526  428
13.022699  564
13.043411  432
13.062229  432
13.085608  8
13.090512  437
13.098982  449
13.121167  463
13.132109  483
13.155946  497
13.157619  36
13.174519  501
13.182696  230
13.187181  407
13.192719  237
13.201569  411
13.214911  433
13.223861  588
13.235348  639
13.239613  437
13.241206  640
13.250296  29
13.263331  649
13.275886  651
13.281391  442
13.283564  29
13.292513  679
13.296219  109
13.302756  684
13.316130  250
13.318283  685
13.320276  260
13.350358  267
13.352471  507
13.359168  275
13.376259  293
13.382637  309
13.391706  33
13.418697  295
13.454636  296
13.482487  19
13.491816  54
13.497974  301
13.512521  341
13.520912  573
13.527469  349
13.531574  84
13.550035  358
13.551788  185
13.591073  272
13.639147  278
13.663629  510
13.672379  278
13.684394  30
13.720452  564
13.732353  625
13.739784  359
13.813135  603
13.848695  43
13.878804  52
13.900287  152
13.990588  676
13.996506  360
14.006089  653
14.035465  713
14.044555  661
14.064729  748
14.070365  692
14.082688  317
14.086214  761
14.108139  763
14.120954  333
14.149596  347
14.187564  739
14.200918  661
14.204963  390
14.225928  54
14.238743  218
14.280481  69
14.313961  387
14.318186  694
14.328829  803
14.335467  134
14.342524  396
14.349841  410
14.358431  296
14.370033  409
14.401301  446
14.403653  315
14.442259  332
14.456847  541
14.480395  472
14.486373  27
14.495163  550
14.516748  38
14.560563  377
14.575695  143
14.610914  384
14.627574  458
14.668012  731
14.727945  409
14.746035  672
14.771045  229
14.807717  748
14.856404  772
14.874327  507
14.907131  711
14.920445  716
14.928696  444
14.967101  826
14.979316  256
14.988885  784
14.995403  335
15.013263  908
15.058186  850
15.082324  833
15.092827  861
15.094960  857
15.105222  881
15.110186  39
15.112259  883
15.119316  912
15.137569  491
15.140041  914
15.170595  534
15.237301  497
15.260580  502
15.278622  530
15.297375  523
15.329882  521
15.377062  452
15.384673  168
15.493501  120
15.526888  529
15.529460  549
15.602033  240
15.606657  12
15.617722  130
15.647183  244
15.650809  573
15.659978  561
15.700069  279
15.725892  679
15.757432  668
15.785320  643
15.787512  340
15.823086  485
15.867280  607
15.879300  511
15.895525  950
15.927721  420
15.934358  1130
15.943367  515
15.960911  518
16.042051  565
16.061727  696
16.063999  807
16.087760  807
16.099241  953
16.120210  951
16.142325  563
16.144817  928
16.171204  106
16.200469  605
16.227484  145
16.264198  283
16.280943  943
16.329384  981
16.331696  608
16.346813  608
16.354827  986
16.382828  292
16.409941  596
16.446428  602
16.464091  520
16.477264  28
16.528128  104
16.578175  230
16.601456  514
16.608879  287
16.641867  125
16.674587  239
16.695217  605
16.788323  128
16.796473  606
16.819045  646
16.829312  632
16.836428  612
16.839659  531
16.856445  524
16.868075  517
16.877289  608
16.960290  519
16.964435  520
16.976910  608
16.981075  998
16.984281  990
17.015731  421
17.030327  607
17.045113  606
17.047765  564
17.066967  994
17.075281  603
17.078452  561
17.080465  600
17.085112  561
17.086705  417
17.088538  800
17.101797  559
17.108888  795
17.142456  558
17.145607  793
17.148818  971
17.156014  183
17.168273  546
17.169332  964
17.184730  583
17.187721  182
17.229864  183
17.233310  182
17.258449  275
17.290621  190
17.293293  587
17.306447  588
17.312944  552
17.314757  598
17.320939  567
17.322532  606
17.325683  607
17.328295  567
17.331266  605
17.334761  559
17.345158  280
17.350342  599
17.352834  599
17.355985  558
17.358657  280
17.360869  556
17.363361  555
17.365733  277
17.368305  550
17.375641  274
17.380065  273
17.383930  547
17.385803  545
17.394472  498
17.397798  545
17.400989  269
17.402842  269
17.408025  264
17.427762  580
17.429375  578
17.435819  496
17.464848  108
17.469133  108
17.471445  103
17.477103  208
17.497922  90
17.538020  586
17.548095  587
17.580944  594
17.584470  30
17.587441  599
17.614911  290
17.616764  266
17.621398  277
17.628275  8
17.641351  13
17.647333  267
17.655737  604
17.684582  244
17.699658  117
17.716425  125
17.729144  604
17.732115  129
17.739012  604
17.742123  602
17.749859  289
17.777949  13
17.795314  128
17.799379  500
17.814701  502
17.818646  519
17.849594  525
17.861155  527
17.866778  532
17.876386  532
17.878938  434
17.885615  529
17.895063  609
17.962715  547
17.977467  578
17.982371  532
17.986935  534
17.992179  609
17.999635  580
18.002347  613
18.009583  582
18.012215  582
18.014727  612
18.016859  578
18.021531  577
18.023683  430
18.028727  428
18.037643  612
18.043027  611
18.044840  611
18.049005  605
18.051577  604
18.053949  565
18.056361  604
18.058773  951
18.064511  563
18.067003  418
18.080501  603
18.086631  563
18.099111  564
18.110572  565
18.129923  982
18.132595  552
18.148660  190
18.154278  187
18.159302  549
18.178485  592
18.181971  188
18.198379  590
18.212931  188
18.234794  189
18.246375  189
18.263965  272
18.281274  189
18.282887  588
18.312512  549
18.318155  553
18.319728  594
18.321940  552
18.324332  595
18.326884  594
18.330130  586
18.332642  544
18.334295  582
18.335868  582
18.337501  540
18.339194  537
18.345456  535
18.352672  534
18.369214  535
18.372445  490
18.376594  535
18.379705  535
18.393977  565
18.402052  478
18.406716  565
18.414766  474
18.421263  560
18.427840  84
18.451286  208
18.463786  9
18.502322  14
18.507386  8
18.519074  88
18.520727  0
18.564734  561
18.570896  224
18.576180  585
18.582347  585
18.590111  229
18.592383  229
18.601891  230
18.608588  231
18.626526  233
18.633143  236
18.636094  3
18.639520  7
18.653033  592
18.655445  92
18.670938  109
18.673490  593
18.678818  229
18.707954  112
18.713477  3
18.722802  111
18.724435  589
18.800832  475
18.804837  498
18.830769  493
18.857312  402
18.874146  498
18.892079  497
18.901028  494
18.924645  521
18.953887  486
18.955460  485
18.960232  523
18.965395  525
18.968027  532
18.972172  531
18.974424  527
18.976097  480
18.983673  526
18.987283  524
18.991518  383
18.995863  382
19.007264  512
19.008857  895
19.017247  511
19.020238  367
19.022051  511
19.025022  511
19.029707  502
19.032778  351
19.047984  905
19.058606  716
19.065547  115
19.084703  110
19.087929  105
19.102088  88
19.103701  84
19.111105  83
19.142150  159
19.158716  75
19.174482  0
19.185438  0
19.196999  0
19.248833  0
19.345627  678
19.456175  256
19.462612  170
19.557357  0
19.564793  501
19.576174  105
19.599347  538
19.609655  350
19.619722  0
19.665548  0
19.776201  6
19.864536  497
19.873832  1
19.926102  0
19.969301  111
19.974485  24
20.024287  403
20.026659  9
20.040980  428
20.058813  243
20.125353  0
20.199617  371
20.245218  221
20.290471  404
20.373448  2
20.379965  0
20.441819  364
20.443892  0
20.447757  359
20.452022  395
20.598117  337
20.620562  174
20.700876  383
20.985970  403
20.990135  0
21.015964  418
21.040439  5
21.055906  106
21.064496  111
21.247496  500
21.303784  16
21.355496  22
21.393016  19
21.421365  52
21.486549  66
21.492252  72
21.498130  64
21.508857  80
21.535272  83
21.641071  75
21.687582  510
21.701435  115
21.728364  122
21.732749  536
21.747717  29
21.755628  154
21.761306  122
21.765471  111
21.769557  292
21.771210  310
21.781085  314
21.793880  301
21.830093  79
21.840776  447
21.880564  294
21.949741  164
21.959954  341
21.967989  367
21.972893  369
21.978531  499
22.056102  461
22.083606  170
22.089824  319
22.108023  177
22.139906  182
22.158324  190
22.185272  680
22.254262  179
22.256055  212
22.323326  224
22.334468  108
22.353432  245
22.452082  96
22.466949  317
22.472827  75
22.500900  276
22.521964  639
22.544396  699
22.575970  724
22.585040  316
22.597915  317
22.609077  422
22.622592  423
22.629868  419
22.636565  427
22.666829  237
22.696141  667
22.720541  524
22.802697  823
22.811805  319
22.820475  324
22.824580  370
22.832175  370
22.834288  531
22.844251  699
22.966995  333
22.978936  331
23.000168  336
23.019570  433
23.031091  372
23.137523  673
23.153528  361
23.162057  215
23.217096  531
23.254366  404
23.277222  317
23.281687  454
23.285839  221
23.290510  415
23.295793  494
23.320355  451
23.331277  374
23.334947  533
23.337658  565
23.395425  277
23.410583  98
23.417100  271
23.421764  419
23.427762  520
23.445185  524
23.452601  525
23.459118  528
23.462384  421
23.476362  439
23.478894  529
23.483139  550
23.491181  776
23.499416  548
23.573005  848
23.584266  445
23.590224  943
23.595188  462
23.604716  569
23.607148  564
23.610219  577
23.614524  577
23.616776  576
23.650309  405
23.718142  639
23.755032  484
23.812085  611
23.838179  842
23.853365  574
23.855897  574
23.938392  670
24.003281  544
24.011356  572
24.028855  561
24.046677  558
24.099188  530
24.103973  826
24.105706  536
24.110990  233
24.181256  534
24.198647  566
24.200899  567
24.210647  559
24.213319  537
24.215332  432
24.217684  527
24.220356  514
24.225160  513
24.229593  505
24.257419  450
24.274442  656
24.308197  434
24.331203  445
24.337860  780
24.343710  433
24.375799  431
24.415444  439
24.458042  441
24.469823  449
24.487614  933
24.489926  435
24.491739  907
24.497257  906
24.505714  902
24.511672  460
24.515941  455
24.544328  624
24.595749  455
24.611850  454
24.630049  443
24.632162  440
24.634734  788
24.645237  779
24.674476  533
24.678441  332
24.680793  322
24.685638  314
24.700485  302
24.705629  298
24.710361  295
24.712374  320
24.714307  259
24.716619  254
24.718192  631
24.720544  214
24.722497  559
24.726282  214
24.767078  150
24.769630  152
24.772002  146
24.795291  121
24.809604  90
24.829190  93
24.836526  90
24.841470  441
24.877753  94
24.891890  81
24.901278  79
24.915438  543
24.968612  293
24.976168  88
25.008416  82
25.037477  124
25.144002  643
25.165965  646
25.173341  648
25.177266  170
25.184502  526
25.244292  162
25.266500  155
25.272997  85
25.281587  153
25.283320  153
25.307679  169
25.314016  144
25.316228  138
25.340759  98
25.359856  103
25.382121  148
25.386646  125
25.397689  136
25.410843  131
25.441966  105
25.449896  135
25.454161  121
25.458566  518
25.484218  110
25.491649  117
25.519105  102
25.529767  108
25.548808  110
25.556543  453
25.558716  448
25.588890  305
25.665201  507
25.666759  503
25.683085  140
25.702258  490
25.713400  484
25.741092  300
25.752768  101
25.756633  99
25.762551  87
25.773965  439
25.794125  102
25.797611  95
25.838372  126
25.844674  127
25.853465  129
25.866120  129
26.039389  134
26.048818  109
26.069656  109
26.082630  134
26.154303  108
26.247107  500
26.334742  138
26.367754  144
26.374252  143
26.390378  142
26.465812  504
26.505698  467
26.514927  132
26.524776  495
26.547120  329
26.555759  333
26.565747  123
26.603770  133
26.625115  142
26.649033  138
26.658342  134
26.678314  144
26.682439  184
26.692383  500
26.719985  501
26.772445  178
26.843690  506
26.867427  509
26.873805  560
26.903724  159
26.909423  390
26.951359  186
26.955884  124
26.957457  123
26.969019  141
26.973843  528
26.991371  156
26.997708  179
27.008171  241
27.054753  140
27.078256  524
27.084513  177
27.111022  194
27.145741  179
27.161768  185
27.198587  202
27.221766  147
27.255822  174
27.291621  183
27.299751  170
27.312745  169
27.318443  174
27.346130  219
27.361471  574
27.369642  188
27.371914  241
27.380604  286
27.394677  586
27.403096  148
27.456755  246
27.514464  153
27.534316  240
27.538761  596
27.546492  614
27.581778  276
27.589320  213
27.620836  422
27.641821  484
27.666512  183
27.670637  181
27.696556  240
27.700801  612
27.770295  200
27.786322  668
27.793773  243
27.878773  249
27.887603  303
27.897866  261
27.924051  617
27.938687  269
27.947257  639
27.966350  486
27.984129  251
27.991166  287
27.995791  645
28.029512  275
28.044839  275
28.048145  322
28.131239  295
28.141689  676
28.147252  297
28.163852  315
28.171168  360
28.199471  663
28.215297  243
28.252982  510
28.288736  304
28.309055  298
28.317445  323
28.333136  307
28.365927  673
28.382684  679
28.394201  366
28.395794  688
28.402711  678
28.421528  515
28.431675  523
28.456020  292
28.459826  252
28.483443  679
28.487728  321
28.530010  312
28.540473  323
28.547051  739
28.558947  308
28.576047  322
28.650475  295
28.661856  343
28.668233  321
28.685082  334
28.705221  722
28.724637  359
28.753758  584
28.786263  350
28.814749  376
28.841002  324
28.859140  373
28.873153  354
28.898488  361
28.909750  322
28.911503  368
28.920352  704
29.024104  303
29.150704  763
29.170880  367
29.180228  765
29.276659  383
29.315727  305
29.358726  395
29.431167  357
29.483054  376
29.490210  360
29.535967  601
29.539293  370
29.551368  367
29.562968  479
29.639348  727
29.661758  371
29.666941  748
29.688549  635
29.765657  377
29.773073  406
29.851094  377
29.858078  379
29.862263  378
29.892993  513
29.903520  383
29.912788  479
29.917013  537
29.921937  543
29.927101  541
29.939381  799
29.941753  866
29.944385  403
29.980782  389
29.983074  475
29.996972  451
30.007998  788
30.014375  432
30.017007  796
30.018620  821
30.023384  786
30.031029  800
30.039283  797
30.045640  583
30.047333  583
30.064937  573
30.067169  572
30.071634  357
30.075939  357
30.084329  691
30.089113  337
30.099441  346
30.118026  286
30.120518  257
30.129608  253
30.138377  245
30.142142  242
30.146866  229
30.165184  429
30.169329  223
30.177224  214
30.191277  231
30.195762  221
30.226419  227
30.228132  215
30.238914  544
30.252052  182
30.254324  188
30.256876  535
30.259388  568
30.266005  376
30.268537  133
30.283029  113
30.287014  108
30.289546  77
30.294150  138
30.303279  55
30.311309  43
30.313162  50
30.320704  35
30.325189  43
30.327501  46
30.330113  36
30.332825  432
30.334818  34
30.342714  42
30.344787  31
30.347039  29
30.353776  26
30.360358  23
30.374577  380
30.377129  26
30.409618  18
30.411211  16
30.426427  12
30.430512  409
30.445419  400
30.451102  397
30.458418  397
30.465994  219
30.490714  13
30.492687  12
30.501617  362
30.506641  13
30.511305  42
30.513358  15
30.518162  0
30.523026  0
30.542799  0
30.560778  194
30.564623  0
30.573852  0
30.588184  0
30.613779  0
30.629046  0
30.631678  6
30.636123  343
30.638435  340
30.644253  0
30.649296  338
30.651448  370
30.655933  188
30.672482  4
30.683324  0
30.709173  0
30.731317  302
30.769617  0
30.790082  346
30.802242  335
30.806467  333
30.811511  331
30.813723  147
30.815336  145
30.847231  0
30.985998  294
30.987591  333
31.118441  313
31.125278  301
31.134607  118
31.240433  254
31.309313  252
31.310926  284
31.316269  106
31.432362  300
31.546303  2
31.558084  3
31.562389  3
31.584378  11
31.601902  15
31.685134  3
31.711967  8
31.732561  9
31.746849  39
31.749401  1
31.796680  5
31.812801  57
31.820616  289
31.858136  7
31.921670  11
31.925835  262
31.932373  24
31.942677  7
31.949574  7
31.955692  10
31.961969  11
31.963542  68
31.968007  56
31.972132  6
32.006837  56
32.008590  110
32.054436  280
32.088054  48
32.098457  12
32.108919  54
32.115776  45
32.124006  47
32.127252  61
32.137080  61
32.151428  62
32.169467  45
32.187606  68
32.189359  313
32.202754  299
32.225022  124
32.237377  61
32.242081  12
32.243814  58
32.246426  57
32.252804  5
32.254797  305
32.265719  51
32.291274  51
32.324795  56
32.341256  71
32.351539  72
32.369584  352
32.376142  162
32.425690  316
32.438664  66
32.443548  51
32.455963  67
32.460028  59
32.462161  64
32.468598  61
32.478107  57
32.480020  60
32.596803  351
32.598956  71
32.610498  354
32.644139  166
32.663787  60
32.693869  72
32.718986  77
32.737404  84
32.747907  60
32.754024  64
32.767099  107
32.779914  114
32.793349  354
32.860489  60
32.875237  77
32.882034  61
32.883747  83
32.898915  62
32.905252  64
32.919465  59
32.933953  110
32.937419  67
32.953365  73
32.955118  89
32.960102  90
32.961955  93
32.991064  80
33.003360  197
33.007565  383
33.014162  111
33.018567  356
33.033004  112
33.037389  374
33.045279  96
33.059780  203
33.072655  106
33.083816  108
33.093899  350
33.113891  91
33.118256  116
33.145779  111
33.154569  104
33.161626  119
33.182872  109
33.201830  104
33.210087  123
33.213433  350
33.225033  403
33.233363  214
33.248891  375
33.295410  95
33.307026  109
33.316989  112
33.327097  111
33.352881  113
33.372581  116
33.380776  113
33.399115  111
33.430430  116
33.457932  118
33.462404  396
33.487846  401
33.489579  368
33.491252  113
33.517270  110
33.520976  108
33.531579  116
33.539015  113
33.542601  100
33.554563  116
33.558628  376
33.575668  107
33.595021  129
33.599006  116
33.619551  137
33.633779  150
33.636890  116
33.647593  119
33.653751  123
33.658975  116
33.685592  376
33.696335  416
33.703691  234
33.728797  389
33.745402  129
33.752458  124
33.754071  112
33.770096  134
33.778406  118
33.784923  108
33.791840  119
33.802303  116
33.817429  119
33.825045  122
33.834074  135
33.837660  114
33.854312  121
33.855885  140
33.861663  133
33.866547  143
33.875696  131
33.884066  136
33.886079  133
33.920064  424
33.921877  239
33.923690  145
33.929668  250
33.936605  405
33.938298  451
33.944356  146
33.951073  420
33.963729  174
33.972918  141
33.981568  155
33.991237  422
34.000327  149
34.011509  140
34.015774  269
34.019959  141
34.024204  138
34.026277  136
34.032315  143
34.037040  401
34.050056  402
34.056394  149
34.059046  150
34.083643  162
34.098371  162
34.100024  165
34.107922  166
34.116292  172
34.121116  148
34.134491  159
34.136663  160
34.173401  173
34.181892  176
34.205417  280
34.207130  460
34.227493  423
34.236622  142
34.249937  179
34.256514  175
34.258587  165
34.266697  179
34.269169  148
34.287307  169
34.312726  167
34.328079  170
34.344993  166
34.378033  171
34.397145  168
34.412119  471
34.420015  177
34.434583  175
34.448671  475
34.488150  191
34.501405  172
34.503158  149
34.516607  179
34.525517  176
34.538591  172
34.551425  163
34.556569  167
34.558262  429
34.571437  433
34.573190  165
34.586644  184
34.601632  170
34.603545  184
34.618272  207
34.620624  201
34.638944  182
34.642450  187
34.658091  188
34.671058  476
34.679648  181
34.703692  211
34.705325  436
34.729322  471
34.731515  497
34.744070  293
34.754893  188
34.763323  176
34.765356  462
34.783719  202
34.790296  191
34.791929  203
34.794221  203
34.801658  178
34.806523  210
34.821290  197
34.845566  192
34.866928  190
34.870973  201
34.877530  216
34.890704  226
34.895752  195
34.897425  191
34.906849  200
34.924048  217
34.932897  212
34.942960  198
34.949418  497
34.955201  306
34.971008  217
34.983792  327
34.995708  517
35.007948  507
35.010660  228
35.014486  211
35.029593  226
35.040116  209
35.041729  496
35.063281  219
35.069160  213
35.080768  336
35.092684  225
35.116002  467
35.127004  211
35.137966  222
35.144823  223
35.160497  226
35.164462  229
35.177402  217
35.191535  220
35.208174  215
35.217930  219
35.236223  219
35.239469  218
35.247105  472
35.248878  217
35.255659  511
35.271272  326
35.283647  463
35.304146  211
35.311742  218
35.317940  217
35.322545  217
35.324418  212
35.330975  213
35.344595  213
35.402376  224
35.411285  222
35.420314  206
35.431177  209
35.450238  211
35.476812  214
35.568501  207
35.586386  205
35.599680  318
35.613833  210
35.618877  219
35.679699  214
35.681632  215
35.684783  214
35.689068  207
35.690821  206
35.697313  205
35.707440  204
35.728989  509
35.732040  205
35.761703  215
35.763935  493
35.771371  216
35.780907  465
35.822046  215
35.826531  209
35.844030  211
35.852180  210
35.888015  207
35.893838  201
35.913289  201
35.935125  210
35.937237  207
35.939729  199
35.942261  203
35.946506  196
35.965937  203
35.973288  199
35.981647  501
35.985912  194
35.988364  308
35.990896  452
36.004894  450
36.026273  208
36.041345  490
36.064507  204
36.127794  318
36.130386  202
36.135151  208
36.139755  210
36.146652  207
36.148365  202
36.172207  463
36.177491  217
36.198401  211
36.209203  204
36.213488  204
36.239922  198
36.242094  217
36.243947  203
36.246858  206
36.252756  205
36.260351  206
36.281541  214
36.283114  494
36.286345  497
36.289536  214
36.296033  460
36.300278  209
36.307124  503
36.309756  507
36.318606  318
36.358837  203
36.368286  206
36.380781  208
36.384826  204
36.409965  205
36.452664  206
36.461453  211
36.467890  204
36.472934  210
36.476580  209
36.483824  212
36.485437  222
36.493966  213
36.502876  209
36.505568  209
36.551756  488
36.555681  200
36.560326  485
36.585800  195
36.587373  195
36.594829  483
36.596422  191
36.598115  200
36.613786  195
36.617831  196
36.630106  301
36.631719  190
36.634810  186
36.636543  186
36.638975  439
36.640888  185
36.643320  181
36.645472  181
36.649738  183
36.653723  180
36.661793  439
36.664225  437
36.666657  176
36.669369  186
36.680690  180
36.705774  175
36.707986  182
36.710518  173
36.714623  170
36.716596  180
36.720960  171
36.722753  179
36.725345  169
36.730049  172
36.732761  472
36.745143  175
36.760909  172
36.763561  176
36.765634  460
36.767192  459
36.769904  175
36.771677  173
36.778394  427
36.782040  422
36.784392  463
36.792862  273
36.812434  155
36.820765  162
36.822838  155
36.825410  157
36.829815  161
36.834899  159
36.852028  159
36.910377  154
36.914802  150
36.916935  153
36.929370  156
36.941016  131
36.943488  128
36.947413  130
36.956762  434
36.959434  243
36.988244  134
37.011027  125
37.019537  119
37.025415  411
37.027328  117
37.031234  117
37.044349  119
37.050227  107
37.052739  93
37.057104  90
37.058817  94
37.068386  349
37.072452  89
37.079269  104
37.098142  101
37.109883  89
37.113729  100
37.142928  101
37.155983  101
37.177020  389
37.202056  404
37.214117  220
37.247158  110
37.256175  119
37.288339  102
37.428764  121
37.460205  114
37.473440  117
37.479158  119
37.550968  102
37.563751  120
37.589949  124
37.610458  125
37.612591  121
37.615917  126
37.622314  129
37.631443  126
37.676005  117
37.690039  121
37.704007  112
37.708831  116
37.772706  93
37.787040  98
37.823117  122
37.847095  355
37.908273  117
37.911719  123
37.922960  122
37.931210  101
37.935295  106
37.939041  108
37.947351  375
37.962758  114
37.980916  110
37.994210  113
38.007585  113
38.009698  127
38.033036  415
38.035528  228
38.039913  409
38.054360  414
38.058505  131
38.074646  377
38.096890  231
38.116876  114
38.134002  128
38.176403  135
38.188883  116
38.246218  139
38.267507  114
38.269999  149
38.288776  151
38.298132  425
38.300764  238
38.315272  123
38.360792  141
38.373147  154
38.378451  119
38.398443  157
38.407332  132
38.418058  114
38.423906  386
38.443977  137
38.448841  143
38.476345  149
38.530549  173
38.573200  159
38.575053  153
38.577166  246
38.587109  129
38.609434  160
38.625162  153
38.636763  130
38.645134  159
38.654103  140
38.684361  122
38.753061  157
38.755034  428
38.771554  264
38.774305  157
38.780143  159
38.781836  453
38.789192  159
38.810444  130
38.847256  151
38.859612  149
38.868881  147
38.884822  161
38.886655  166
38.903156  157
38.911566  417
38.946806  168
38.981305  157
38.996891  458
39.008947  455
39.011319  159
39.043652  176
39.057721  268
39.118692  161
39.126408  167
39.235158  176
39.244228  173
39.247474  169
39.249427  176
39.273444  172
39.275637  268
39.279982  166
39.328390  172
39.334468  172
39.356486  174
39.397573  162
39.404830  169
39.413919  424
39.423109  165
39.442721  172
39.444714  459
39.461344  166
39.471087  174
39.478443  167
39.480516  472
39.486914  168
39.490839  174
39.505499  464
39.517735  166
39.548118  431
39.568210  436
39.572335  284
39.591161  173
39.602777  176
39.633011  179
39.634644  180
39.649791  196
39.683080  184
39.761502  180
39.770671  182
39.772943  188
39.777088  179
39.783066  474
39.784719  207
39.787191  186
39.798300  222
39.801091  482
39.819190  211
39.864619  203
39.866512  181
39.889710  179
39.893556  223
39.902426  185
39.906531  196
39.918247  187
39.928090  221
39.935107  181
39.939432  184
39.963983  180
39.976917  221
39.990158  471
40.000161  206
40.007398  208
40.012597  307
40.017142  491
40.026510  190
40.033626  481
40.051185  200
40.057163  194
40.070178  446
40.074883  511
40.088337  501
40.090170  453
40.096687  211
40.106556  323
40.113640  210
40.119318  194
40.133332  207
40.155408  213
40.162145  205
40.166330  207
40.189627  205
40.268688  197
40.280169  202
40.308143  467
40.430031  211
40.433417  206
40.446531  210
40.452948  198
40.473328  462
40.477313  197
40.481478  204
40.507596  493
40.510088  198
40.524520  501
40.543597  208
40.591598  460
40.593890  205
40.598015  211
40.618824  209
40.624662  322
40.640941  216
40.688822  214
40.696238  210
40.773135  195
40.790494  195
40.799663  200
40.813077  187
40.815150  194
40.825952  193
40.828843  196
40.832688  193
40.836953  187
40.843810  302
40.848035  301
40.850986  188
40.854961  192
40.879879  198
40.904355  196
40.906987  191
40.929894  205
40.962320  198
40.964972  198
41.001108  457
41.017278  207
41.031830  201
41.064003  200
41.066175  204
41.079329  208
41.110627  206
41.118003  199
41.136877  458
41.175553  201
41.225082  215
41.232278  201
41.285142  197
41.295565  198
41.301902  195
41.303475  192
41.308199  188
41.320520  187
41.370686  195
41.372339  212
41.377243  217
41.379815  196
41.427117  198
41.439358  209
41.444082  209
41.446354  208
41.466085  205
41.477087  207
41.478680  201
41.484758  198
41.491994  196
41.498231  201
41.502336  186
41.504968  196
41.516709  186
41.518402  192
41.529424  196
41.534708  186
41.540466  187
41.542938  182
41.548716  181
41.551388  177
41.560318  182
41.574531  185
41.590296  177
41.596993  182
41.599505  183
41.614344  170
41.620382  168
41.629905  179
41.633116  174
41.652241  169
41.660970  169
41.679864  165
41.684648  165
41.689732  169
41.698162  144
41.717113  139
41.737984  142
41.753372  144
41.760549  137
41.767406  126
41.776775  130
41.786064  130
41.794124  136
41.798629  133
41.803793  129
41.805646  124
41.807878  130
41.813082  128
41.817646  120
41.845366  129
41.864024  120
41.875725  120
41.877698  122
41.889539  117
41.903727  116
41.908192  119
41.910864  113
41.912517  111
41.914989  113
41.918815  111
41.923220  99
41.927445  106
41.935955  97
41.944545  106
41.950463  99
41.953055  98
41.968661  97
41.977171  103
42.003800  103
42.010317  107
42.014862  110
42.033296  97
42.035309  98
42.045611  109
42.066656  92
42.088142  99
42.097079  104
42.098772  102
42.108980  94
42.136308  86
42.149782  88
42.166942  83
42.174199  95
42.181176  87
42.206807  88
42.211332  97
42.213445  96
42.217290  85
42.242266  87
42.284824  80
42.295466  83
42.301764  85
42.305649  80
42.309914  82
42.314039  74
42.316032  79
42.336164  85
42.342182  76
42.349119  77
42.380652  85
42.391755  76
42.398073  78
42.402758  80
42.408876  68
42.413041  65
42.417326  65
42.430641  74
42.447982  72
42.456172  69
42.477462  71
42.481887  71
42.487925  64
42.532554  71
42.550773  63
42.565920  66
42.576192  68
42.585382  63
42.589727  69
42.594711  64
42.598816  74
42.622353  66
42.643265  64
42.656340  59
42.669335  63
42.675253  64
42.680097  59
42.684622  66
42.689247  63
42.695645  61
42.715504  70
42.719889  60
42.725547  60
42.744680  60
42.757375  71
42.875399  78
42.896093  61
42.932125  70
42.957915  80
42.975854  80
43.027494  71
43.051851  69
43.069859  82
43.120466  69
43.127523  64
43.146316  72
43.153293  72
43.168741  85
43.170993  78
43.199829  83
43.204753  80
43.209078  66
43.216054  91
43.260850  83
43.272466  95
43.293298  89
43.300834  88
43.315167  98
43.332375  82
43.339672  71
43.341545  97
43.345830  92
43.361477  89
43.378425  83
43.396525  74
43.426307  77
43.438523  97
43.487631  72
43.501026  100
43.503039  97
43.507943  80
43.514788  102
43.535160  106
43.550316  87
43.556274  98
43.568949  99
43.576999  86
43.587822  98
43.591967  75
43.604642  92
43.606854  101
43.630872  95
43.644900  92
43.646473  95
43.669456  88
43.682431  96
43.690841  97
43.709080  112
43.720122  100
43.721735  106
43.734511  103
43.741548  98
43.754463  109
43.767498  102
43.771803  118
43.776747  103
43.801044  117
43.810194  107
43.832677  100
43.835069  111
43.837721  88
43.856573  104
43.871400  113
43.909587  114
43.939561  122
43.944585  105
43.946558  105
43.948711  101
43.956961  106
43.985742  106
43.994732  122
44.001229  111
44.007227  121
44.013665  112
44.023294  119
44.029692  118
44.042467  117
44.048804  108
44.060600  121
44.065104  114
44.075227  111
44.081724  112
44.094838  114
44.110033  119
44.132611  119
44.156896  124
44.161201  108
44.166999  112
44.169511  122
44.194982  120
44.211032  121
44.228512  130
44.255648  114
44.257681  126
44.282781  118
44.284954  124
44.289758  99
44.314374  121
44.316127  121
44.330801  125
44.358674  127
44.365471  133
44.394132  134
44.402302  134
44.410971  125
44.420100  135
44.421913  128
44.434727  121
44.436700  126
44.451328  118
44.455913  129
44.469267  130
44.471440  123
44.491053  143
44.510405  148
44.512138  127
44.519055  125
44.529917  133
44.537053  129
44.545144  137
44.549949  135
44.560852  147
44.573627  143
44.583131  126
44.586996  135
44.606728  138
44.629690  158
44.650839  154
44.665806  156
44.683766  161
44.687851  136
44.693259  137
44.700583  147
44.735369  152
44.741667  162
44.751495  164
44.760225  163
44.764510  137
44.776555  139
44.801530  146
44.805815  144
44.813186  163
44.839385  163
44.859156  148
44.863261  136
44.882894  151
44.903658  165
44.905311  148
44.914568  153
44.919133  154
44.925651  170
44.929476  154
44.931329  153
44.941278  160
44.951961  156
44.958519  149
44.961051  157
44.973966  159
44.984469  159
44.988294  160
45.007247  180
45.016935  179
45.027237  161
45.035468  165
45.041726  162
45.043838  162
45.056533  163
45.062751  173
45.065123  165
45.073334  168
45.083736  176
45.108393  171
45.117981  163
45.142326  187
45.155910  166
45.161848  179
45.177315  184
45.203745  168
45.214407  187
45.227102  177
45.233200  195
45.241989  187
45.246653  187
45.248246  188
45.265865  187
45.271783  184
45.278460  164
45.282565  150
45.294960  166
45.309968  175
45.320730  192
45.347680  191
45.369544  179
45.400418  199
45.410107  197
45.419975  176
45.429358  195
45.433763  190
45.441914  188
45.446299  186
45.451224  182
45.467724  185
45.471829  185
45.478286  191
45.491181  188
45.515941  189
45.518912  188
45.538205  189
45.544922  190
45.557277  194
45.569752  197
45.585220  190
45.649147  194
45.663355  203
45.669313  189
45.671126  205
45.673279  201
45.681729  189
45.694643  194
45.718701  196
45.722746  199
45.727211  190
45.731616  200
45.751788  193
45.757806  204
45.765302  204
45.779435  210
45.792454  204
45.798256  205
45.802461  175
45.808978  201
45.825059  201
45.834708  204
45.842738  206
45.865342  200
45.910209  204
45.915328  198
45.938715  210
45.940508  192
45.942900  206
45.952188  202
45.960608  211
45.970856  201
45.992481  202
45.997265  202
46.006334  191
46.018396  205
46.020608  210
46.024913  197
46.046203  209
46.055212  209
46.067267  216
46.083173  212
46.087558  204
46.094889  204
46.102684  200
46.106150  222
46.118530  209
46.188219  206
46.191525  215
46.204838  212
46.211555  210
46.220199  210
46.235650  208
46.243326  213
46.249049  203
46.280010  205
46.289219  213
46.299586  215
46.307122  212
46.315572  216
46.320584  212
46.330391  210
46.407534  213
46.418168  208
46.459899  221
46.478406  211
46.488314  223
46.513843  216
46.524640  207
46.565233  216
46.568464  217
46.577612  208
46.579205  220
46.594738  217
46.603032  219
46.607576  220
46.618523  215
46.620995  216
46.643917  222
46.646149  214
46.648841  217
46.653006  218
46.655558  218
46.663348  213
46.665780  218
46.724872  220
46.729856  223
46.732148  222
46.737786  221
46.743609  220
46.746281  219
46.755450  220
46.771008  216
46.773300  221
46.781899  225
46.784571  227
46.787243  216
46.789435  224
46.798284  222
46.823780  226
46.835905  222
46.858048  222
46.860720  228
46.863112  212
46.868116  218
46.881717  221
46.897413  223
46.928880  220
46.939629  227
46.971569  220
46.975674  214
47.023998  223
47.032979  224
47.039336  221
47.041948  228
47.063163  222
47.072711  228
47.077675  228
47.083773  231
47.086485  232
47.089157  218
47.093601  220
47.102510  224
47.105856  212
47.108248  219
47.116777  211
47.125973  207
47.128724  212
47.134882  205
47.142782  211
47.151496  215
47.158727  211
47.170355  211
47.172627  210
47.175159  211
47.176892  209
47.194203  213
47.196535  214
47.199207  214
47.201260  212
47.248317  206
47.263315  211
47.266346  205
47.276133  211
47.277746  209
47.287155  208
47.293721  190
47.299164  200
47.300857  199
47.304782  196
47.326652  199
47.343706  202
47.345839  199
47.356585  206
47.358857  198
47.372305  203
47.373978  203
47.379017  202
47.381928  208
47.383541  207
47.395816  201
47.402493  185
47.404905  187
47.419217  178
47.421090  177
47.424241  169
47.438402  167
47.456112  176
47.458724  175
47.462609  175
47.467413  163
47.483200  160
47.485732  158
47.488364  157
47.490716  160
47.492289  152
47.495500  156
47.499525  150
47.501937  153
47.506182  149
47.512060  144
47.521669  151
47.523702  142
47.525974  148
47.530419  151
47.542620  146
47.549517  146
47.553342  154
47.566856  149
47.572694  147
47.581516  130
47.584008  129
47.587873  134
47.590505  128
47.592398  132
47.594950  136
47.607285  124
47.609717  123
47.611850  124
47.615855  118
47.619570  115
47.622242  116
47.625353  114
47.627905  113
47.669242  116
47.681968  124
47.686932  122
47.692136  120
47.696001  110
47.701105  116
47.711168  101
47.713740  118
47.715333  106
47.719558  99
47.728847  105
47.735944  97
47.738536  96
47.740888  98
47.742761  94
47.749278  98
47.751810  95
47.765305  101
47.771782  89
47.775028  88
47.776641  93
47.778214  91
47.780007  91
47.799470  87
47.805552  90
47.821058  87
47.834532  81
47.843161  78
47.848205  77
47.861559  69
47.863192  70
47.869469  72
47.871622  69
47.873834  61
47.882044  53
47.890354  50
47.892486  57
47.896851  59
47.898604  46
47.905082  47
47.909367  56
47.913372  50
47.915305  49
47.918017  59
47.925828  44
47.929693  53
47.939202  41
47.945620  42
47.956243  31
47.960828  26
47.994648  12
48.003977  8
48.008981  3
48.014340  4
48.018705  0
48.020758  0
48.049180  0
48.053825  0
48.064468  0
48.071944  0
48.089843  0
48.099571  0
48.108381  0
48.124367  0
48.130964  0
48.156414  0
48.174553  0
48.180671  0
48.226107  0
48.563171  10
48.574713  40
48.623327  5
48.624980  0
48.639414  1
48.656754  42
48.716741  11
48.745722  42
48.759056  0
48.771571  11
48.793016  1
48.837639  45
48.846209  11
48.849934  0
48.856851  3
48.874271  28
48.880849  42
48.890278  41
48.904786  42
48.930003  51
48.948262  27
48.973078  53
48.981548  53
48.995422  5
49.012489  20
49.014662  41
49.017134  59
49.018947  39
49.025624  44
49.064590  46
49.069055  44
49.071188  34
49.081551  57
49.101936  37
49.106221  41
49.139921  43
49.145799  21
49.182438  42
49.209408  41
49.222323  46
49.243928  45
49.254151  51
49.258116  62
49.260468  72
49.268679  42
49.277748  56
49.284865  82
49.322418  52
49.349147  60
49.364214  83
49.396399  54
49.398332  92
49.441381  80
49.452064  58
49.470637  64
49.490169  55
49.494254  59
49.498519  61
49.517531  65
49.519504  43
49.528234  67
49.532539  60
49.555196  75
49.559201  58
49.572416  76
49.574509  61
49.582826  84
49.589683  81
49.593748  56
49.598213  83
49.617566  77
49.633152  88
49.635864  88
49.640129  61
49.676841  94
49.690215  84
49.705742  82
49.708394  86
49.716984  91
49.725574  94
49.732012  93
49.740662  93
49.744548  94
49.749113  60
49.751266  90
49.768906  75
49.779628  80
49.783753  89
49.785806  87
49.807191  77
49.815621  89
49.831009  95
49.854312  83
49.877171  85
49.879044  86
49.890006  86
49.910078  89
49.911691  68
49.918368  91
49.989561  88
50.012039  93
50.033884  92
50.040122  95
50.042614  119
50.047059  82
50.056108  102
50.072374  121
50.081024  95
50.127660  91
50.133698  93
50.144320  106
50.161146  125
50.165131  102
50.169116  136
50.183244  142
50.192034  94
50.201203  102
50.205947  100
50.214457  96
50.216110  94
50.231217  99
50.240267  129
50.252488  86
50.259979  89
50.264524  136
50.282438  101
50.287282  107
50.305242  100
50.310940  99
50.322542  104
50.337039  109
50.341883  95
50.345089  107
50.351986  104
50.354318  106
50.392563  115
50.394336  128
50.403286  117
50.418253  116
50.422418  113
50.428656  118
50.453792  127
50.464955  147
50.487385  143
50.492863  102
50.494496  90
50.498401  147
50.522564  142
50.553422  132
50.563293  143
50.570984  142
50.578974  135
50.595914  143
50.621138  146
50.627735  157
50.631900  136
50.640080  159
50.647037  139
50.652635  148
50.655746  139
50.659372  160
50.664516  142
50.666329  144
50.675138  146
50.677331  110
50.695050  156
50.708244  139
50.709877  156
50.753027  142
50.757352  138
50.768395  141
50.789517  148
50.791390  106
50.799680  156
50.804125  143
50.806258  153
50.864060  151
50.872131  163
50.882920  142
50.889557  131
50.895275  144
50.897468  145
50.904346  161
50.912037  147
50.924437  157
50.930175  158
50.938046  164
50.945162  176
50.947594  146
50.952019  151
50.956004  166
50.960889  153
50.967027  172
50.988758  179
50.997268  155
51.052673  169
51.056619  164
51.068800  158
51.094390  164
51.100628  182
51.109758  150
51.114642  195
51.117074  160
51.123511  197
51.137839  166
51.144117  163
51.145770  173
51.150135  158
51.155634  181
51.171560  158
51.187761  158
51.190093  182
51.204767  187
51.213137  188
51.240499  177
51.267528  182
51.275659  165
51.284248  170
51.288453  169
51.293058  162
51.302747  194
51.307352  167
51.318595  200
51.336414  180
51.363343  180
51.374445  183
51.384448  206
51.387020  196
51.413747  175
51.416439  206
51.437963  188
51.442108  214
51.455423  218
51.459688  212
51.463214  166
51.471444  221
51.475709  174
51.496994  204
51.526115  200
51.529900  195
51.548113  206
51.554670  208
51.563519  207
51.565132  192
51.569457  200
51.576115  200
51.593415  205
51.601394  200
51.610983  212
51.639571  218
51.642023  203
51.648321  208
51.649894  203
51.654339  216
51.658804  212
51.665301  200
51.679615  208
51.688325  216
51.735190  196
51.741088  217
51.774296  200
51.778341  208
51.790836  210
51.797354  212
51.801199  210
51.810529  213
51.840504  222
51.856490  210
51.871126  221
51.888546  218
51.906205  220
51.930083  213
51.949785  222
51.964992  222
51.972408  211
51.979945  224
51.981778  202
51.986523  233
52.033662  211
52.044445  214
52.069576  216
52.077967  212
52.086996  219
52.125488  219
52.135211  211
52.146752  248
52.150797  223
52.157774  248
52.172770  222
52.179135  228
52.195855  252
52.198507  222
52.204865  235
52.213935  216
52.229702  226
52.238312  236
52.249689  244
52.262149  219
52.273171  248
52.286959  237
52.339163  244
52.343515  223
52.355831  224
52.363022  220
52.365913  246
52.369779  256
52.396815  227
52.409469  237
52.418247  237
52.437879  255
52.457551  231
52.459264  243
52.464089  230
52.468314  249
52.472339  235
52.474871  255
52.495338  257
52.497231  236
52.501236  248
52.510033  255
52.518223  264
52.522688  263
52.529006  278
52.539709  225
52.543814  266
52.545907  277
52.554417  272
52.557049  228
52.564186  275
52.573275  252
52.581825  249
52.603530  266
52.627049  270
52.644600  254
52.646173  267
52.654383  270
52.661140  247
52.666019  253
52.671737  270
52.674129  259
52.692661  269
52.697086  274
52.710854  251
52.715359  260
52.722116  279
52.729807  270
52.734806  270
52.748173  276
52.754970  282
52.760615  275
52.766713  262
52.768386  252
52.778074  262
52.800660  278
52.804645  258
52.823964  279
52.864082  276
52.873751  276
52.881122  267
52.888473  270
52.924112  281
52.934115  278
52.941671  281
52.952773  277
52.968200  284
53.010956  286
53.024550  295
53.054525  285
53.079139  279
53.087409  287
53.097358  285
53.111471  284
53.121560  270
53.125745  280
53.140832  279
53.161282  276
53.195861  282
53.206824  279
53.227023  286
53.229395  277
53.232841  275
53.275980  274
53.282678  281
53.301451  275
53.314493  282
53.320211  289
53.332160  286
53.334832  284
53.341409  285
53.345334  282
53.377921  282
53.398365  276
53.406735  280
53.436480  289
53.504850  290
53.507442  287
53.522234  288
53.542212  285
53.566372  272
53.628649  280
53.648449  288
53.656424  282
53.668504  286
53.675640  287
53.678906  299
53.692284  301
53.694696  298
53.696429  295
53.703006  279
53.712958  289
53.723520  296
53.733748  303
53.737613  301
53.801411  296
53.811439  293
53.818316  280
53.819909  284
53.842097  294
53.852006  285
53.856438  299
53.858710  294
53.861362  294
53.866286  293
53.880487  302
53.885191  281
53.890175  295
53.892807  297
53.895239  297
53.902575  294
53.904408  289
53.918860  287
53.921871  282
53.943155  284
53.944728  285
53.970416  290
53.979524  282
53.987020  288
54.013812  292
54.015425  285
54.027313  282
54.031858  287
54.036582  287
54.055978  275
54.069991  281
54.072143  276
54.076168  281
54.080992  279
54.082785  279
54.087529  277
54.097991  272
54.105926  274
54.109791  267
54.123345  281
54.128736  277
54.148731  274
54.153815  279
54.171214  275
54.190270  277
54.198984  274
54.213248  287
54.222497  284
54.227022  282
54.231347  284
54.236211  278
54.246259  281
54.250883  284
54.272332  277
54.286564  271
54.290929  268
54.298165  270
54.309586  272
54.337721  273
54.348349  268
54.356279  263
54.358791  256
54.363834  259
54.375615  263
54.382811  259
54.389775  265
54.397071  263
54.401376  261
54.403848  262
54.405521  254
54.407793  256
54.412857  273
54.427609  255
54.434446  262
54.436019  260
54.443714  263
54.446226  259
54.448478  254
54.457287  260
54.459788  263
54.467144  265
54.484048  265
54.490566  264
54.492718  262
54.495290  262
54.511716  259
54.518153  259
54.526443  257
54.547181  261
54.569390  254
54.573355  260
54.578439  259
54.589961  259
54.594786  252
54.597418  256
54.609399  258
54.611771  252
54.614383  258
54.618668  256
54.621200  257
54.622993  252
54.632221  251
54.634673  250
54.638998  250
54.643722  244
54.655203  253
54.657615  250
54.659368  246
54.666245  235
54.673162  241
54.684758  239
54.691619  238
54.695174  242
54.697247  239
54.698980  237
54.706495  231
54.708907  230
54.713711  228
54.715284  224
54.717217  224
54.722261  224
54.735766  227
54.739911  226
54.753705  238
54.757490  236
54.762054  236
54.768863  223
54.771015  222
54.773567  223
54.775740  218
54.777912  217
54.780085  225
54.793899  222
54.795632  220
54.802289  220
54.819371  229
54.828445  210
54.830178  208
54.831496  204
54.838532  201
54.840405  194
54.847090  199
54.849282  198
54.863555  194
54.866107  194
54.879494  189
54.882066  190
54.886790  191
54.895679  181
54.900024  183
54.902356  178
54.904788  175
54.906481  168
54.909672  167
54.912324  161
54.931016  154
54.939326  139
54.944370  139
54.948695  132
54.960895  132
54.967213  120
54.968826  112
54.973450  118
54.984812  103
54.988937  109
55.002231  103
55.003589  103
55.012738  97
55.015964  94
55.020329  87
55.031375  82
55.045169  82
55.051806  78
55.054098  75
55.056750  80
55.058663  82
55.065220  74
55.065899  72
55.068151  67
55.070004  72
55.079587  61
55.083912  57
55.090709  60
55.101299  64
55.110348  52
55.118064  55
55.127727  50
55.134944  49
55.141801  55
55.151924  52
55.156409  53
55.180785  71
55.187642  60
55.196491  52
55.202229  51
55.204122  55
55.218410  54
55.229793  47
55.234318  49
55.236530  40
55.261048  48
55.265173  44
55.266746  39
55.268779  38
55.284505  43
55.286678  31
55.290743  39
55.292975  37
55.309715  37
55.338797  43
55.340550  30
55.350853  36
55.360182  36
55.364627  28
55.369032  29
55.379962  29
55.384287  23
55.386420  29
55.395330  28
55.425979  20
55.428411  26
55.438913  27
55.442738  25
55.446883  24
55.451188  28
55.455693  24
55.457366  18
55.477958  23
55.487247  28
55.500722  26
55.506920  23
55.521727  20
55.530217  13
55.534462  15
55.560411  15
55.564956  18
55.584168  10
55.598855  24
55.613704  20
55.650056  20
55.659785  26
55.724148  21
55.730226  29
55.779026  19
55.792162  24
55.809422  32
55.818692  18
55.900287  30
55.907758  34
55.920358  20
55.933213  29
55.939651  40
55.985760  37
55.997546  55
56.033763  25
56.057647  50
56.064544  34
56.071901  56
56.087882  31
56.110885  58
56.116503  30
56.122960  36
56.124613  37
56.128918  47
56.140120  29
56.144705  45
56.157040  49
56.158873  53
56.165411  68
56.167064  29
56.184164  62
56.198839  65
56.215899  35
56.245894  63
56.252331  29
56.260881  58
56.272637  65
56.275309  61
56.293952  20
56.301628  64
56.309879  33
56.316437  60
56.335500  64
56.349433  57
56.361278  57
56.366721  51
56.375845  59
56.405517  63
56.409682  61
56.421204  67
56.422857  49
56.424570  62
56.442988  69
56.463893  49
56.483345  79
56.487610  61
56.498114  75
56.506484  69
56.520078  64
56.535665  61
56.569000  75
56.571632  110
56.581915  78
56.584267  70
56.590105  77
56.612390  60
56.617334  57
56.642206  98
56.655520  110
56.657593  73
56.666303  102
56.677165  73
56.679118  105
56.685835  84
56.697177  108
56.701163  108
56.714038  66
56.717424  79
56.740888  75
56.745233  109
56.754622  77
56.765285  64
56.767258  74
56.780533  114
56.787110  77
56.810768  112
56.815133  88
56.822210  102
56.825596  102
56.827409  104
56.831514  62
56.837891  93
56.852098  105
56.853851  96
56.855644  113
56.869596  115
56.871209  111
56.896478  124
56.900903  103
56.912505  107
56.916551  119
56.923268  115
56.929006  102
56.960567  114
56.970116  115
56.984644  111
56.989368  121
57.023828  112
57.037602  97
57.063572  121
57.074655  124
57.081552  120
57.083405  123
57.094601  126
57.097867  126
57.102451  118
57.117185  126
57.124549  128
57.139784  115
57.162448  119
57.166234  119
57.186094  125
57.190619  123
57.197017  109
57.199070  129
57.217463  116
57.243865  127
57.247431  124
57.249584  109
57.255102  129
57.259347  126
57.264132  125
57.277466  130
57.305178  133
57.312155  131
57.316380  133
57.326723  126
57.332441  144
57.365584  121
57.367597  125
57.378140  129
57.382465  128
57.388243  130
57.403031  129
57.407256  129
57.413055  134
57.417080  131
57.430754  126
57.435059  129
57.448975  166
57.453320  128
57.455453  166
57.459518  136
57.480029  126
57.484654  65
57.500276  127
57.533088  139
57.545443  149
57.548574  141
57.559756  130
57.566234  156
57.572991  153
57.584033  166
57.586545  172
57.597348  160
57.618422  138
57.634387  159
57.642497  137
57.651147  175
57.654913  142
57.660971  130
57.666255  139
57.668328  144
57.676918  176
57.701474  141
57.720666  146
57.729216  153
57.731249  165
57.735114  142
57.755246  143
57.763816  154
57.770473  182
57.772965  181
57.795942  137
57.809884  184
57.816940  145
57.822898  183
57.840918  161
57.851940  178
57.854133  162
57.868761  182
57.875158  162
57.882315  176
57.884388  175
57.897602  169
57.906013  172
57.914183  174
57.931048  177
57.935273  171
57.944523  177
57.949088  111
57.953853  180
57.968501  149
58.017729  170
58.044621  187
58.067638  181
58.075849  187
58.100565  178
58.121890  188
58.128007  176
58.140622  182
58.143094  180
58.159915  179
58.167206  127
58.172330  181
58.176815  173
58.186958  184
58.199313  184
58.224549  188
58.240357  189
58.253312  189
58.286018  188
58.287651  193
58.289484  181
58.302619  193
58.311409  185
58.343736  180
58.362528  189
58.379377  198
58.395303  184
58.405146  184
58.407518  185
58.420013  207
58.421706  200
58.435439  213
58.439514  186
58.455501  184
58.467206  175
58.469319  189
58.517001  193
58.525591  205
58.527324  198
58.541332  191
58.546950  213
58.549482  204
58.554746  214
58.568080  220
58.581355  205
58.601527  188
58.632842  192
58.639199  219
58.675051  187
58.685019  185
58.702801  207
58.722598  194
58.731128  194
58.733201  199
58.743184  220
58.750081  195
58.752094  192
58.758851  224
58.764890  232
58.768955  209
58.774713  221
58.785734  235
58.792471  205
58.805106  223
58.806919  202
58.820034  224
58.821987  194
58.833174  222
58.855837  204
58.864427  226
58.875110  207
58.882366  219
58.889363  225
58.893948  222
58.895581  223
58.902398  177
58.917246  221
58.919239  223
58.928209  248
58.943956  227
58.948361  226
58.954659  224
58.956752  225
58.962610  250
58.964263  232
58.975585  256
58.977698  239
58.992445  237
59.000455  189
59.006233  217
59.010718  243
59.048778  235
59.056255  240
59.076048  238
59.083445  234
59.089722  230
59.091495  248
59.101478  247
59.109828  242
59.129742  226
59.176824  254
59.187886  234
59.194563  242
59.196356  248
59.208157  227
59.224239  226
59.265350  239
59.271168  252
59.289126  252
59.299329  235
59.320467  244
59.324772  237
59.327184  249
59.351700  230
59.358437  261
59.374677  245
59.381394  257
59.393515  242
59.398963  244
59.404940  244
59.440699  243
59.472395  237
59.479112  254
59.499737  246
59.502329  255
59.504881  255
59.518235  259
59.524013  252
59.532843  253
59.540594  247
59.545837  241
59.550162  250
59.581084  253
59.591151  254
59.607016  246
59.611261  240
59.643028  250
59.670021  249
59.681709  238
59.712373  254
59.714885  250
59.717137  245
59.721602  242
59.729937  244
59.731550  241
59.733822  249
59.741038  245
59.752554  239
59.772905  257
59.792537  242
59.804238  249
59.831220  251
59.834646  254
59.837832  242
59.846601  250
59.857543  251
59.876495  247
59.884365  248
59.894802  239
59.909354  252
59.915212  247
59.925239  240
59.930922  239
59.943123  235
59.958361  226
59.959934  228
59.979389  237
59.999653  236
