# t(s) QueuingDelay(ms)
10.165274  0
10.187359  2
10.213309  4
10.238279  9
10.244157  9
10.251294  19
10.260324  26
10.268874  13
10.291112  35
10.301700  29
10.309076  33
10.323843  38
10.328008  56
10.330280  39
10.336398  60
10.338531  58
10.346108  53
10.348700  43
10.354945  46
10.372485  56
10.428070  61
10.457716  60
10.473024  70
10.491283  85
10.497221  94
10.519281  116
10.523686  96
10.541035  133
10.542828  14
10.549665  131
10.552217  154
10.558475  182
10.569697  16
10.580360  144
10.591167  30
10.595161  185
10.601898  150
10.630338  152
10.642734  175
10.660099  192
10.672715  206
10.699604  40
10.727587  66
10.734305  207
10.756337  72
10.759009  212
10.765387  215
10.769073  238
10.771245  230
10.782047  264
10.784379  323
10.788085  247
10.796575  78
10.803092  327
10.822332  99
10.824345  268
10.835667  95
10.850814  270
10.854420  330
10.888500  342
10.913044  291
10.930412  307
10.939261  356
10.942787  328
10.966484  362
10.968696  340
10.993766  391
11.005028  407
11.009133  17
11.019476  415
11.034564  418
11.060534  360
11.071397  388
11.080647  119
11.082879  425
11.098366  428
11.100019  399
11.113174  142
11.117379  438
11.122204  54
11.130046  156
11.141687  404
11.146012  440
11.152350  283
11.154143  413
11.169970  286
11.183125  424
11.189722  288
11.194047  446
11.214427  58
11.222698  453
11.224511  291
11.240658  90
11.248634  292
11.250667  460
11.269644  431
11.286173  480
11.291157  445
11.295661  484
11.304710  490
11.306803  308
11.311388  93
11.317886  461
11.342495  138
11.349611  322
11.359655  491
11.383232  156
11.392242  510
11.394275  467
11.398440  337
11.413847  528
11.426602  180
11.443103  538
11.445595  386
11.459789  471
11.461482  18
11.465747  542
11.478842  555
11.491805  18
11.494317  485
11.500914  562
11.503107  408
11.514249  489
11.518474  421
11.529371  581
11.534155  514
11.538220  584
11.549582  384
11.551994  539
11.554087  588
11.567213  587
11.573131  580
11.586126  550
11.615968  198
11.629337  551
11.651129  211
11.653801  583
11.663804  399
11.679870  399
11.681523  600
11.695851  614
11.698223  412
11.700495  563
11.714923  435
11.716696  627
11.718849  575
11.729771  648
11.737901  590
11.744898  652
11.750996  604
11.755401  660
11.762058  666
11.768256  658
11.778858  609
11.791214  619
11.796238  438
11.822048  236
11.825894  647
11.841421  443
11.845526  646
11.862986  313
11.874109  638
11.879213  449
11.893940  640
11.898086  513
11.904683  62
11.912774  653
11.924116  656
11.928401  666
11.935552  336
11.937165  667
11.941990  664
11.953579  667
11.982954  531
11.998061  674
12.004339  421
12.016101  675
12.017794  669
12.031188  682
12.035653  682
12.037466  550
12.041971  684
12.046136  442
12.056339  689
12.066982  75
12.073539  702
12.075132  477
12.082748  558
12.091578  702
12.093671  84
12.103180  503
12.109538  686
12.113344  591
12.149265  523
12.173422  285
12.183350  720
12.185243  736
12.211273  719
12.224008  346
12.235337  613
12.252117  709
12.296254  629
12.322205  383
12.345742  646
12.360750  677
12.367527  722
12.374345  526
12.401124  735
12.430886  542
12.434592  759
12.445534  778
12.455897  755
12.460342  688
12.468912  685
12.479195  683
12.513135  631
12.527488  945
12.538577  528
12.573710  949
12.586785  622
12.619418  959
12.650266  959
12.656404  938
12.687692  352
12.696916  937
12.713182  528
12.721632  625
12.729662  928
12.766455  527
12.774151  345
12.782702  933
12.804726  930
12.858619  626
12.864637  535
12.870495  343
12.878450  339
12.880063  519
12.896824  934
12.909159  324
12.917589  966
12.922333  601
12.958986  318
12.965603  598
12.971661  578
12.987308  575
13.025882  636
13.040170  478
13.056970  583
13.065700  600
13.090270  602
13.111875  481
13.116480  654
13.125650  668
13.136313  603
13.149587  606
13.155825  610
13.180955  612
13.201241  612
13.205386  486
13.243217  597
13.260547  479
13.321152  602
13.331215  606
13.357245  305
13.359098  578
13.372012  478
13.378810  471
13.387051  466
13.392689  446
13.399686  264
13.406483  261
13.412561  441
13.418399  437
13.420831  236
13.425116  568
13.433806  568
13.440963  414
13.451553  220
13.471739  556
13.504346  418
13.528823  225
13.530696  433
13.539486  562
13.546603  232
13.549055  574
13.587908  235
13.604775  564
13.613725  393
13.656438  252
13.674437  398
13.700927  566
13.705032  560
13.711250  400
13.713442  559
13.739192  348
13.753659  161
13.794497  327
13.802727  426
13.828498  425
13.867494  427
13.880456  337
13.884401  431
13.909712  433
13.921154  347
13.927392  359
13.948497  362
13.958469  168
13.965186  362
13.966899  511
13.980938  367
13.987395  171
13.991480  375
14.000610  181
14.010940  386
14.013272  189
14.039422  199
14.047453  392
14.058535  519
14.078829  521
14.096887  217
14.102905  410
14.117099  230
14.172731  417
14.191931  427
14.199821  444
14.227361  501
14.233539  236
14.249306  249
14.268419  470
14.281893  469
14.285699  255
14.298254  301
14.341702  316
14.346886  564
14.351211  477
14.374452  485
14.379356  595
14.388426  332
14.390039  628
14.405466  646
14.411204  667
14.413357  339
14.422786  674
14.458005  340
14.471794  499
14.491096  517
14.507716  439
14.511602  536
14.537931  602
14.557344  614
14.568106  456
14.580681  615
14.584866  629
14.589391  634
14.631307  634
14.642310  337
14.648867  335
14.655245  531
14.668407  332
14.674405  541
14.678890  328
14.687420  326
14.703027  553
14.716062  638
14.726905  634
14.754090  331
14.762560  329
14.780959  328
14.804197  326
14.866199  337
14.906904  335
14.915194  321
14.917386  678
14.962208  316
14.984133  315
14.994376  665
15.010083  314
15.058892  662
15.070794  657
15.072447  309
15.139109  509
15.153477  501
15.197909  593
15.221136  505
15.310228  608
15.319238  611
15.338171  318
15.351466  626
15.378773  321
15.381864  638
15.400024  640
15.411206  361
15.424660  389
15.430598  397
15.452702  408
15.466236  708
15.470142  417
15.481444  419
15.501830  430
15.510180  443
15.522355  450
15.533197  462
15.539635  466
15.541927  721
15.550477  467
15.567997  724
15.610507  481
15.644087  486
15.669973  487
15.696082  499
15.706425  507
15.719300  661
15.725837  528
15.745509  548
15.753899  550
15.759957  560
15.764022  668
15.770859  560
15.787539  678
15.816061  733
15.879737  561
15.910161  742
15.920864  582
15.925549  744
15.944208  583
15.957937  608
15.979941  509
15.996742  644
16.016987  658
16.021731  509
16.036619  572
16.068707  660
16.070600  646
16.090412  687
16.095016  667
16.105199  699
16.116181  670
16.128418  743
16.140558  756
16.144464  642
16.166641  765
16.188473  776
16.196743  652
16.227178  798
16.237941  663
16.241846  809
16.258072  796
16.270927  824
16.281590  831
16.284022  794
16.299949  836
16.324147  855
16.351051  688
16.417138  864
16.431926  862
16.455524  857
16.459509  857
16.482047  862
16.506048  871
16.515477  752
16.588959  689
16.603787  774
16.628332  787
16.645232  788
16.669149  833
16.803111  838
16.826256  657
16.998144  667
17.077207  678
17.139568  818
17.150431  825
17.191502  821
17.247326  562
17.310248  888
17.329961  890
17.350053  892
17.410872  899
17.493618  721
17.542918  842
17.564943  843
17.584076  848
17.603488  917
17.628939  917
17.739722  725
17.785426  740
17.822158  762
17.842964  763
18.168572  883
18.255021  905
18.314538  919
18.336858  959
18.405517  967
18.444741  584
18.554675  927
18.617922  988
18.683062  763
18.697909  984
18.790465  773
18.828918  783
18.852619  809
18.886288  824
19.041354  884
19.051936  825
19.132177  893
19.198517  919
19.213864  934
19.390435  976
19.894167  827
20.060915  926
20.147119  919
20.177030  914
20.193267  909
20.198251  908
20.265442  965
20.329009  960
20.926837  642
20.938905  442
20.946600  663
20.955733  601
21.081171  294
21.168434  61
21.182446  150
21.187769  0
21.205817  222
21.326012  231
21.660789  5
21.709356  8
21.716293  167
21.795373  195
21.801211  193
21.858684  0
21.861196  160
21.862769  2
21.879649  98
21.883654  88
21.888019  86
21.895709  145
21.912014  102
21.916079  101
21.920604  98
21.967976  0
21.986368  21
21.994798  21
22.003628  83
22.007333  83
22.022026  95
22.132940  1
22.177158  97
22.203453  106
22.259493  28
22.270739  2
22.289643  44
22.296120  50
22.305289  24
22.314238  48
22.321135  66
22.335369  71
22.344379  88
22.350437  110
22.356235  128
22.383661  139
22.442204  55
22.451118  53
22.463433  67
22.472122  88
22.490053  68
22.491846  71
22.527389  118
22.532153  72
22.540624  162
22.543016  167
22.687611  74
22.703326  105
22.717194  118
22.746812  107
22.755002  109
22.760865  79
22.778096  173
22.780129  132
22.802272  180
22.824375  221
22.924290  109
22.959149  138
22.984843  146
23.003145  140
23.010316  165
23.012149  147
23.014461  118
23.016893  198
23.029360  223
23.037195  207
23.038848  170
23.094549  224
23.129138  233
23.193906  137
23.201481  146
23.221373  152
23.224579  171
23.236040  147
23.257389  170
23.266199  226
23.276583  171
23.284513  173
23.316580  237
23.326843  180
23.345181  264
23.356003  187
23.384045  266
23.392595  279
23.505383  163
23.552981  163
23.555094  204
23.572039  249
23.573672  172
23.581482  208
23.589532  203
23.598920  212
23.600653  199
23.610262  254
23.630792  214
23.639662  274
23.651284  208
23.679346  280
23.685923  276
23.724794  266
23.836972  216
23.918015  227
23.926765  211
23.963858  245
23.980699  240
24.014805  307
24.047515  303
24.172103  217
24.177981  306
24.179814  228
24.247670  229
24.266103  233
24.273399  230
24.295004  252
24.319720  311
24.336627  253
24.383038  331
24.395094  330
24.503531  236
24.563614  313
24.565507  240
24.583984  260
24.588329  242
24.620840  244
24.630690  263
24.642698  262
24.678277  322
24.680470  266
24.697859  323
24.704476  281
24.710913  354
24.719323  297
24.750716  353
24.830177  257
24.918004  290
24.920396  266
24.940367  346
24.995122  269
25.026388  263
25.052915  266
25.089565  279
25.108717  300
25.115114  310
25.140091  355
25.150714  364
25.161456  383
25.180848  391
25.334999  293
25.355629  288
25.373791  388
25.398415  291
25.470433  305
25.476570  295
25.480815  319
25.489845  306
25.496482  332
25.512668  324
25.522731  316
25.525183  319
25.528469  396
25.532594  337
25.557430  400
25.580127  403
25.739249  325
25.754985  392
25.760109  315
25.782491  319
25.996073  342
26.004323  361
26.029694  356
26.042988  368
26.045480  403
26.071411  406
26.080821  422
26.099434  409
26.108823  492
26.121737  507
26.129527  504
26.252889  414
26.302535  367
26.354266  477
26.394464  387
26.419280  425
26.501625  381
26.531338  392
26.544133  413
26.563345  441
26.573947  428
26.583036  405
26.584649  461
26.620968  488
26.629438  459
26.635496  467
26.648471  497
26.657301  505
26.666591  487
26.681739  570
26.709821  582
26.723495  582
26.835544  468
26.846127  507
26.878254  568
26.943051  554
26.977675  465
26.988697  484
27.049172  437
27.068010  444
27.076579  434
27.094598  434
27.112497  454
27.123359  428
27.133922  430
27.148909  449
27.155866  447
27.161983  422
27.168420  442
27.172585  499
27.176810  509
27.188192  432
27.202966  497
27.211046  504
27.254360  506
27.350535  417
27.377125  403
27.385555  482
27.403514  400
27.435548  482
27.448603  475
27.625127  403
27.642866  404
27.649264  413
27.671927  417
27.673980  404
27.690940  426
27.702976  425
27.741699  487
27.764550  491
27.834294  395
27.845735  401
27.863653  373
27.867878  458
27.874815  371
27.885637  370
27.908660  435
27.979166  399
28.035379  356
28.052164  365
28.078513  363
28.088676  360
28.096766  448
28.108008  382
28.129553  377
28.134637  349
28.147592  445
28.160627  434
28.230912  447
28.305819  375
28.378221  436
28.422279  437
28.426524  347
28.431408  366
28.484725  336
28.493634  332
28.497779  326
28.516791  331
28.531838  330
28.542387  348
28.544040  325
28.549044  328
28.557814  316
28.567583  406
28.578206  393
28.590941  338
28.665227  412
28.720461  314
28.748037  316
28.758260  396
28.773187  312
28.797783  394
28.903744  312
28.958044  324
28.971538  339
28.994656  412
29.001373  340
29.012235  340
29.034320  411
29.072465  400
29.089764  411
29.138635  315
29.145052  324
29.154621  299
29.166023  294
29.171861  295
29.181350  394
29.199089  375
29.249354  382
29.264451  313
29.296632  286
29.317204  293
29.367250  285
29.371055  291
29.375740  310
29.385529  377
29.387801  284
29.392366  303
29.396372  364
29.405081  301
29.419489  371
29.426026  300
29.428219  359
29.492741  376
29.524769  283
29.547073  284
29.553111  277
29.557596  283
29.586798  363
29.630294  367
29.641376  279
29.645561  291
29.671037  266
29.689463  269
29.700185  269
29.704690  265
29.719797  263
29.721470  259
29.725815  262
29.737477  261
29.743994  281
29.754837  356
29.763607  342
29.786445  353
29.788438  281
29.795155  342
29.834020  352
29.849427  349
29.903158  277
29.913441  258
29.922550  256
29.932373  337
29.947839  337
29.990035  342
29.993980  248
29.998845  266
30.016364  237
30.034084  238
30.040761  236
30.044966  232
30.060574  234
30.064739  230
30.074981  233
30.083371  247
30.092381  229
30.096246  321
30.097859  310
30.123616  248
30.129554  309
30.142224  318
30.199783  319
30.224933  227
30.238507  244
30.245864  226
30.250289  221
30.254354  223
30.260112  303
30.306692  302
30.310897  211
30.314063  228
30.328335  205
30.341270  202
30.356258  205
30.372958  202
30.386073  200
30.388365  203
30.394303  223
30.398328  199
30.405065  292
30.409550  280
30.414095  220
30.424318  217
30.433608  277
30.437993  291
30.448436  289
30.461990  275
30.463583  284
30.479530  269
30.488220  280
30.494937  280
30.525659  196
30.534469  209
30.547784  195
30.551569  192
30.583617  267
30.655507  192
30.666353  193
30.668066  189
30.689556  208
30.693681  188
30.709448  207
30.726948  267
30.746201  214
30.761148  281
30.776543  284
30.795425  286
30.834336  212
30.857073  194
30.885335  274
30.889580  271
30.907679  288
30.933988  188
30.942898  188
30.948756  188
30.952621  185
30.959802  181
30.964726  188
30.979922  203
30.990645  261
30.997182  187
31.005672  281
31.036667  206
31.042146  276
31.062005  208
31.068622  274
31.128073  206
31.143360  186
31.147545  185
31.175454  267
31.191042  267
31.209341  205
31.225688  183
31.238023  185
31.242568  181
31.250758  181
31.252651  177
31.265465  199
31.274175  259
31.291735  271
31.324982  267
31.335065  198
31.336898  265
31.345058  257
31.396864  269
31.429091  177
31.436642  175
31.441906  174
31.470468  254
31.484323  266
31.492713  194
31.534770  177
31.555142  174
31.568197  174
31.572382  176
31.604297  197
31.630167  257
31.631960  266
31.636165  196
31.643123  251
31.658770  262
31.712203  175
31.721232  179
31.723844  174
31.768726  175
31.772851  193
31.788999  173
31.797409  175
31.810244  171
31.819154  171
31.841559  255
31.857527  174
31.874287  252
31.878692  192
31.894139  265
31.902749  265
31.915504  263
31.919749  261
31.923854  252
31.943687  191
31.984204  190
31.995487  172
32.007035  172
32.051718  177
32.068238  169
32.076828  174
32.120398  252
32.124583  249
32.126616  166
32.137138  173
32.138991  260
32.145668  172
32.149613  188
32.153618  248
32.155471  188
32.194509  259
32.198554  246
32.212388  257
32.216873  184
32.352910  167
32.362359  177
32.370829  172
32.377167  170
32.388849  177
32.403957  254
32.416412  173
32.418505  257
32.433612  192
32.438077  256
32.459042  263
32.491137  273
32.499907  197
32.511449  197
32.538711  273
32.582280  171
32.618153  261
32.622258  260
32.626643  180
32.640631  201
32.645396  173
32.665368  183
32.681115  184
32.700708  184
32.709458  185
32.713623  180
32.734308  204
32.740486  203
32.759718  274
32.768348  265
32.776478  263
32.784988  274
32.789293  272
32.802488  202
32.927638  185
32.961899  189
32.966683  189
32.975633  189
32.984643  192
32.992893  196
32.994846  190
33.000963  269
33.007461  193
33.015991  272
33.031118  210
33.035783  212
33.052404  283
33.076461  272
33.086843  284
33.101017  212
33.151345  286
33.210266  190
33.224974  273
33.239901  273
33.244066  195
33.261606  215
33.274741  192
33.276414  207
33.282911  206
33.289403  202
33.299331  210
33.303856  220
33.307781  208
33.324769  289
33.335511  286
33.347746  226
33.351631  228
33.370734  290
33.379703  300
33.397043  290
33.403181  300
33.420720  228
33.523677  207
33.548323  290
33.550456  210
33.559425  292
33.566023  211
33.585446  301
33.588852  233
33.601287  207
33.615923  211
33.625432  216
33.627605  218
33.629578  235
33.647860  220
33.651825  219
33.653578  297
33.668564  303
33.673448  297
33.684298  236
33.688523  239
33.701678  222
33.706383  303
33.710288  300
33.723430  312
33.731440  317
33.734092  308
33.743401  318
33.753445  322
33.759862  249
33.777302  246
33.805664  320
33.843289  244
33.874043  221
33.875936  220
33.882933  304
33.890903  303
33.907663  302
33.912068  311
33.921258  240
33.929968  219
33.938638  213
33.953706  217
33.957651  237
33.974951  216
33.976784  294
33.985094  214
33.990418  306
34.003113  231
34.026920  306
34.058935  294
34.078907  310
34.105417  232
34.176203  233
34.209690  216
34.231855  298
34.244990  216
34.264363  240
34.278631  227
34.283575  229
34.296510  234
34.300795  240
34.305060  234
34.309245  230
34.313390  232
34.317515  312
34.339580  312
34.344105  245
34.348190  253
34.366932  315
34.397847  323
34.402712  313
34.415727  324
34.438319  253
34.447069  253
34.481049  326
34.516941  253
34.551261  230
34.575623  314
34.590799  235
34.595943  314
34.617588  232
34.626058  235
34.634748  233
34.641286  239
34.652208  240
34.654361  236
34.680411  327
34.687528  316
34.695918  259
34.718123  318
34.737315  317
34.741740  328
34.745865  317
34.759939  327
34.783024  257
34.789921  256
34.838836  240
34.896134  234
34.906297  315
34.956384  255
34.971132  239
34.984047  234
34.996402  233
35.024485  326
35.031022  317
35.042998  255
35.049695  236
35.064822  316
35.108692  326
35.119102  329
35.213319  255
35.243854  233
35.248459  315
35.288676  328
35.301551  256
35.314826  239
35.327261  234
35.331226  239
35.335431  255
35.339596  234
35.344041  238
35.376516  316
35.427084  316
35.451317  329
35.469837  330
35.477647  258
35.482626  258
35.513259  328
35.557602  257
35.589037  236
35.610942  238
35.630262  239
35.634647  318
35.659917  236
35.675504  237
35.681462  243
35.692824  241
35.694457  245
35.700754  246
35.709564  241
35.727084  319
35.739719  263
35.764015  323
35.785980  334
35.797502  324
35.817134  332
35.825324  260
35.879217  244
35.933009  240
35.937354  239
35.941479  321
35.956301  241
35.971827  321
35.975912  240
36.042262  261
36.044155  239
36.060095  243
36.108450  263
36.118458  333
36.120611  321
36.138910  322
36.154218  324
36.158503  336
36.190370  268
36.225509  341
36.237785  249
36.274684  268
36.296969  239
36.298782  327
36.313829  251
36.339599  330
36.348809  341
36.357219  268
36.369374  243
36.375812  250
36.383962  246
36.388147  250
36.390080  244
36.401182  249
36.410232  330
36.432557  339
36.437002  328
36.441527  268
36.528707  341
36.536298  339
36.549792  269
36.657536  245
36.661901  246
36.666786  330
36.683606  250
36.700826  256
36.705291  330
36.735926  246
36.748781  255
36.757511  260
36.761856  255
36.770586  272
36.774931  337
36.779036  254
36.783421  259
36.789099  252
36.800341  337
36.806459  274
36.816461  273
36.824791  249
36.826844  267
36.835314  336
36.853187  332
36.863710  330
36.897184  342
36.944341  340
37.013541  247
37.017806  246
37.023764  328
37.059576  327
37.070106  340
37.083981  269
37.097076  250
37.120713  248
37.137713  249
37.139666  251
37.192659  271
37.229719  332
37.244587  344
37.262407  272
37.280474  273
37.311742  345
37.364204  273
37.392307  333
37.405909  251
37.425669  254
37.465569  252
37.473819  261
37.482769  256
37.487094  256
37.491399  262
37.495364  264
37.497137  265
37.504034  276
37.508399  335
37.514197  267
37.529344  350
37.534049  341
37.555513  282
37.569087  286
37.586028  344
37.597070  353
37.600736  342
37.618376  358
37.642073  286
37.643786  357
37.680578  353
37.738425  284
37.748928  263
37.779022  267
37.796342  266
37.801107  342
37.827817  281
37.832042  258
37.840912  262
37.853927  258
37.858472  262
37.863097  261
37.865130  257
37.872307  280
37.954565  351
37.972843  343
37.981653  341
38.012108  352
38.018186  282
38.138026  260
38.151141  267
38.193048  353
38.207524  261
38.227436  263
38.234613  267
38.242803  267
38.254073  286
38.258298  346
38.262363  269
38.271473  268
38.275318  272
38.305273  286
38.314023  270
38.323107  352
38.335207  346
38.386387  353
38.392645  283
38.433597  357
38.495999  267
38.542602  349
38.580207  357
38.597967  270
38.602152  266
38.614955  272
38.630602  285
38.635027  351
38.647382  267
38.651607  270
38.662869  350
38.669227  288
38.694857  289
38.711857  348
38.726225  347
38.745477  360
38.756286  358
38.823287  268
38.867790  263
38.892366  290
38.942394  347
38.966172  293
38.992921  273
38.997346  270
39.010701  293
39.015106  350
39.026462  270
39.037604  359
39.061581  293
39.074396  292
39.098234  362
39.110030  351
39.197656  366
39.209931  274
39.327329  275
39.335759  355
39.355712  295
39.366914  270
39.377657  278
39.384574  282
39.386367  280
39.390692  284
39.399582  295
39.406259  361
39.449956  302
39.461832  284
39.479990  370
39.491093  363
39.499143  371
39.505541  363
39.525254  374
39.556388  305
39.566678  305
39.650259  282
39.706592  286
39.733642  368
39.750762  376
39.763537  285
39.772427  286
39.776472  288
39.780597  289
39.785102  286
39.792693  284
39.795305  306
39.806327  369
39.815337  283
39.824207  287
39.832637  366
39.878327  376
39.934359  380
39.947114  381
39.955884  307
39.992444  383
40.075981  308
40.097686  368
40.122183  290
40.147253  381
40.168098  287
40.172363  291
40.181213  286
40.189323  285
40.190976  306
40.195261  362
40.217497  288
40.226731  379
40.314009  368
40.340099  380
40.346736  381
40.353174  309
40.397800  381
40.497935  294
40.525998  371
40.530323  295
40.555893  382
40.562790  310
40.581483  296
40.588020  296
40.596630  313
40.598603  304
40.605720  377
40.614590  298
40.627485  298
40.633703  301
40.644945  382
40.657660  317
40.666804  296
40.683903  387
40.692513  379
40.744893  389
40.766977  315
40.801818  387
40.806043  294
40.856803  290
40.886878  314
40.906650  370
40.956558  384
40.993964  293
40.995637  297
41.024858  294
41.038332  296
41.048655  375
41.054593  284
41.067528  292
41.089052  289
41.099675  292
41.117549  292
41.133055  290
41.146489  287
41.152187  284
41.263325  295
41.365701  295
41.389439  299
41.410924  299
41.417521  295
41.421926  301
41.423739  297
41.433168  299
41.439246  304
41.446523  289
41.467969  301
41.472134  302
41.492326  306
41.515984  302
41.517917  304
41.531391  298
41.549051  303
41.553076  302
41.571908  307
41.578146  307
41.585917  306
41.611926  296
41.636676  307
41.724696  304
41.728621  299
41.733306  307
41.752951  302
41.759468  297
41.765906  304
41.774336  297
41.792676  300
41.797461  303
41.805291  302
41.814281  300
41.827456  301
41.857271  296
41.861756  302
41.866181  298
41.878736  298
41.900121  301
41.955453  297
41.984828  297
41.998463  298
42.003128  301
42.140460  300
42.172528  301
42.190808  301
42.198185  300
42.217257  306
42.230452  305
42.238882  307
42.242767  303
42.259547  306
42.279239  310
42.332687  306
42.355512  302
42.365275  305
42.376197  304
42.386600  304
42.398202  308
42.408705  310
42.414563  307
42.425845  310
42.561005  315
42.562898  312
42.579598  313
42.605127  308
42.609512  316
42.625752  311
42.643692  319
42.655275  316
42.701758  314
42.710427  321
42.715531  319
42.724561  313
42.729166  315
42.750551  322
42.786484  316
42.807809  315
42.817992  313
42.824729  315
42.901460  321
42.951527  317
42.995364  317
43.055128  314
43.092916  325
43.098020  322
43.102325  318
43.113167  319
43.129238  323
43.165711  320
43.223824  314
43.242977  319
43.262389  321
43.264242  328
43.278949  328
43.283394  327
43.296069  330
43.322519  330
43.346744  326
43.399684  326
43.443394  329
43.456189  329
43.527551  337
43.531976  333
43.535961  334
43.557126  331
43.570141  330
43.576926  329
43.602616  331
43.610686  331
43.630279  332
43.636876  328
43.661966  325
43.663619  327
43.679506  327
43.734666  330
43.772775  331
43.924564  332
43.929069  331
43.942244  334
43.946589  332
43.976834  340
43.982238  333
43.986383  333
43.995473  335
44.004063  340
44.019030  340
44.043851  344
44.080470  346
44.088841  342
44.117703  334
44.126653  342
44.136222  334
44.146625  338
44.167805  336
44.177708  341
44.183985  343
44.188450  343
44.192635  345
44.201105  344
44.227215  344
44.342373  349
44.357620  346
44.385623  340
44.402243  349
44.425660  342
44.438655  347
44.447645  347
44.451650  351
44.456035  351
44.460260  356
44.464445  354
44.482065  350
44.501177  352
44.512459  349
44.520829  350
44.538209  351
44.546339  348
44.583055  345
44.595957  348
44.600581  345
44.604906  348
44.622626  344
44.631036  343
44.646684  343
44.705501  350
44.762559  342
44.794154  343
44.812074  342
44.821064  350
44.858759  349
44.910399  348
44.943647  348
44.955970  350
44.964600  351
44.966253  349
44.972990  344
45.009522  349
45.037525  343
45.069147  350
45.084892  350
45.108010  353
45.117933  351
45.153160  351
45.171441  354
45.280620  352
45.289230  356
45.328095  360
45.335666  352
45.364715  361
45.373645  357
45.386480  362
45.404020  355
45.408765  354
45.417035  350
45.421300  352
45.427185  356
45.428798  351
45.435515  352
45.446851  352
45.517710  351
45.564526  350
45.689470  347
45.722991  347
45.739337  349
45.747527  353
45.793532  347
45.836041  349
45.841779  350
45.861051  346
45.865899  349
45.874988  346
45.883358  350
45.935293  347
46.026418  347
46.028531  348
46.049736  353
46.051749  349
46.079571  350
46.208822  351
46.240097  349
46.245975  354
46.254392  356
46.257878  357
46.291365  360
46.302047  358
46.303620  358
46.310637  359
46.312570  363
46.314463  359
46.339366  356
46.351262  352
46.355866  363
46.364436  366
46.395724  364
46.404854  361
46.460207  359
46.473629  361
46.491016  363
46.492749  360
46.565521  364
46.637726  368
46.670274  364
46.728320  366
46.753090  364
46.766264  368
46.774354  374
46.783064  371
46.784757  365
46.791394  368
46.793147  372
46.817977  367
46.831252  367
46.863220  369
46.915347  368
46.942519  367
46.954974  368
47.017252  369
47.057057  370
47.071525  374
47.127977  369
47.166070  373
47.178565  368
47.194965  374
47.222768  375
47.230818  374
47.239727  372
47.260312  380
47.270655  375
47.285023  375
47.304775  375
47.317390  375
47.319063  373
47.325700  381
47.333750  373
47.363965  381
47.397205  371
47.412059  370
47.421263  368
47.437657  373
47.452645  372
47.468506  367
47.486305  369
47.494755  368
47.503085  367
47.537445  366
47.548987  371
47.604200  366
47.638860  365
47.651835  363
47.690954  364
47.713577  363
47.735502  370
47.792669  366
47.797234  367
47.810532  368
47.812645  363
47.844232  372
47.854265  368
47.898203  370
47.925120  365
47.938275  369
47.947085  368
47.956242  373
47.962280  371
47.985978  373
48.030320  375
48.098700  370
48.133139  374
48.146174  375
48.199454  375
48.208584  380
48.210297  377
48.226997  372
48.232775  391
48.243857  385
48.248442  380
48.255219  392
48.259524  387
48.267754  383
48.285481  384
48.296843  389
48.299016  381
48.319828  387
48.337708  386
48.346178  394
48.354748  389
48.380118  382
48.397858  389
48.405509  385
48.419543  385
48.432578  384
48.440049  382
48.453683  382
48.466778  379
48.476449  382
48.485718  380
48.543145  393
48.667290  389
48.685963  387
48.754804  386
48.778741  389
48.785179  386
48.792016  385
48.800427  389
48.815634  386
48.835196  388
48.884080  382
48.901020  388
48.942957  384
48.954000  391
48.957825  389
48.978950  394
48.991385  391
49.031843  384
49.035968  388
49.176105  393
49.213538  387
49.225893  394
49.257508  393
49.270470  407
49.276868  402
49.291676  406
49.316213  401
49.320598  405
49.349380  402
49.365761  400
49.407978  399
49.410111  390
49.428070  394
49.545787  399
49.606890  399
49.646455  396
49.694430  400
49.706545  392
49.709831  395
49.713716  391
49.718900  390
49.727270  391
49.762530  392
49.790822  391
49.803557  388
49.807702  391
49.811727  394
49.815652  389
49.820197  391
49.824222  387
49.831373  389
49.847493  387
49.865492  392
49.892894  387
49.905749  384
49.927394  387
49.946107  386
49.960235  384
49.964320  383
49.973429  385
50.000312  380
50.051492  391
50.098167  383
50.274620  393
50.283689  392
50.292719  386
50.300929  396
50.318149  391
50.373342  393
50.400072  386
50.413287  391
50.458889  392
50.471784  397
50.473857  395
50.482547  393
50.513062  397
50.560586  400
50.608556  393
50.661185  402
50.706131  397
50.711749  397
50.728015  398
50.770414  407
50.773565  402
50.789875  409
50.797511  403
50.806340  403
50.813157  408
50.832094  402
50.845308  401
50.848754  403
50.866552  403
50.884950  407
50.896224  403
50.910735  400
50.974170  400
51.117663  399
51.175574  401
51.215235  236
51.220558  403
51.254660  399
51.281313  230
51.312480  401
51.324800  406
51.329304  397
51.334667  230
51.339711  395
51.352210  228
51.431369  220
51.441317  217
51.469862  210
51.476779  206
51.498388  209
51.579872  186
51.676330  182
51.688450  180
51.696720  173
51.705938  180
51.771546  171
51.773239  172
51.777484  168
51.798493  168
51.872955  158
51.931128  163
52.009553  154
52.105792  156
52.117234  155
52.126183  151
52.130428  152
52.144882  148
52.167605  149
52.179546  149
52.198168  151
52.244293  154
52.322903  147
52.351509  150
52.439811  155
52.556837  151
52.570132  147
52.579161  152
52.616060  140
52.617853  134
52.630888  139
52.633120  140
52.650540  137
52.699006  116
52.704903  106
52.711580  104
52.720609  97
52.725054  91
52.729119  93
52.744486  26
52.778311  0
52.802447  0
52.806732  0
52.864881  0
52.933707  0
53.125807  0
53.131905  0
53.157040  2
53.161545  27
53.172083  3
53.178381  70
53.186650  42
53.193188  59
53.197772  81
53.206702  82
53.221870  73
53.256570  73
53.271797  58
53.284292  57
53.306976  8
53.321584  53
53.330074  45
53.332346  25
53.338124  23
53.354764  75
53.367819  75
53.375455  78
53.389903  66
53.399173  3
53.407643  48
53.422970  29
53.435166  55
53.439651  16
53.453685  33
53.471524  44
53.478441  69
53.480394  64
53.484839  75
53.495761  64
53.497354  73
53.508116  87
53.533834  90
53.565288  95
53.592890  76
53.603773  77
53.610590  91
53.627950  24
53.637159  89
53.650554  61
53.659384  76
53.672019  28
53.677657  72
53.683555  87
53.690831  37
53.692884  71
53.704166  42
53.708491  79
53.716522  67
53.721366  76
53.735954  39
53.779444  72
53.793972  77
53.811031  92
53.833549  95
53.887197  81
53.901491  82
53.905816  85
53.914686  96
53.923616  86
53.927802  66
53.937051  76
53.952878  86
53.954671  97
53.968745  90
53.971377  102
53.987224  105
53.991249  93
54.003784  93
54.018432  109
54.020684  88
54.037924  81
54.054385  94
54.069173  60
54.100781  90
54.108098  102
54.119220  96
54.139013  111
54.147483  103
54.174671  111
54.188106  127
54.200656  139
54.228178  104
54.230830  79
54.234596  120
54.237248  108
54.250503  106
54.259313  82
54.261545  115
54.265610  101
54.273880  83
54.288548  97
54.329352  105
54.332044  64
54.338202  100
54.343326  64
54.364072  116
54.373142  123
54.389622  105
54.411367  129
54.424222  108
54.430820  113
54.478422  116
54.489064  98
54.508077  130
54.528389  132
54.536859  132
54.550014  116
54.562429  117
54.581898  136
54.583771  132
54.617612  144
54.635590  120
54.637183  142
54.641768  131
54.665653  126
54.691663  80
54.719546  145
54.738558  133
54.740750  127
54.754538  100
54.773237  141
54.797882  146
54.806792  135
54.826145  147
54.848050  122
54.875853  149
54.901723  137
54.910053  149
54.956314  138
54.981512  141
54.985697  126
55.000764  152
55.013239  102
55.021509  151
55.025315  137
55.029939  103
55.031692  135
55.043733  105
55.065019  149
55.104824  142
55.118732  106
55.125409  139
55.127222  151
55.134079  151
55.144882  141
55.149167  150
55.164274  140
55.191847  137
55.205461  131
55.223280  151
55.247924  154
55.256574  155
55.268769  156
55.293860  127
55.300617  153
55.305302  140
55.361907  145
55.377954  106
55.382299  153
55.394935  113
55.407410  146
55.432275  161
55.458684  145
55.477598  162
55.480070  116
55.494538  163
55.503348  156
55.514790  150
55.573567  134
55.575460  136
55.592320  163
55.600310  159
55.604575  126
55.606308  158
55.613524  156
55.621195  152
55.665545  137
55.699235  147
55.711703  142
55.735201  154
55.740919  159
55.747456  172
55.763582  174
55.765894  159
55.773985  175
55.783354  128
55.796209  163
55.801393  157
55.828456  150
55.843464  117
55.851914  146
55.856179  142
55.860644  153
55.864549  140
55.872919  136
55.875631  146
55.921327  121
55.931609  134
55.948029  130
55.970553  111
55.985924  96
56.002750  130
56.015565  85
56.025348  82
56.033438  128
56.042248  124
56.047093  113
56.056676  121
56.066999  113
56.071164  99
56.084539  77
56.125416  125
56.131054  112
56.142036  124
56.185925  120
56.201192  118
56.207070  118
56.224050  121
56.261015  100
56.282593  120
56.353585  79
56.359922  119
56.363648  99
56.379774  118
56.414644  132
56.425626  81
56.435449  135
56.442626  82
56.446951  137
56.460386  127
56.464571  95
56.469515  124
56.491000  138
56.521195  96
56.532591  132
56.543693  141
56.555302  126
56.562039  142
56.617411  109
56.624428  134
56.628953  137
56.675928  139
56.694720  110
56.720131  140
56.724776  112
56.730894  98
56.748560  125
56.754578  145
56.761235  141
56.767033  137
56.789098  149
56.806718  107
56.833462  143
56.860314  151
56.870676  137
56.879326  145
56.895986  144
56.902604  150
56.909861  153
56.922380  136
56.971489  127
57.035305  114
57.051765  129
57.059975  102
57.064380  83
57.069165  116
57.071557  126
57.075902  101
57.080527  123
57.082480  99
57.088777  110
57.098540  122
57.112374  80
57.116939  110
57.127921  80
57.147593  76
57.156743  117
57.158576  106
57.193975  123
57.225622  117
57.243755  114
57.288445  84
57.341404  81
57.358204  104
57.371079  61
57.376904  94
57.397929  82
57.431989  106
57.442771  108
57.457519  63
57.462024  94
57.464137  100
57.469895  91
57.495282  107
57.531981  64
57.564910  116
57.571228  118
57.676934  83
57.703424  85
57.716519  112
57.718492  101
57.725349  106
57.729434  116
57.738204  107
57.744382  131
57.759371  111
57.772525  120
57.783787  76
57.789945  88
57.791998  133
57.804912  90
57.816968  122
57.853147  134
57.865942  127
57.878917  98
57.889061  93
57.900782  132
57.909992  138
57.934049  139
57.938234  142
57.965344  109
58.027286  109
58.043766  136
58.049844  114
58.063158  118
58.093273  142
58.097198  118
58.101583  128
58.110607  126
58.112400  137
58.122048  91
58.130578  134
58.132151  88
58.138808  132
58.147598  117
58.189855  133
58.209008  129
58.213493  87
58.217898  123
58.222163  83
58.280061  127
58.295449  117
58.309538  108
58.399470  118
58.422627  109
58.431877  115
58.436182  118
58.438375  140
58.442840  116
58.456174  128
58.481424  97
58.485729  143
58.489974  99
58.492186  128
58.510026  132
58.541921  149
58.588796  145
58.602450  134
58.608528  144
58.660155  118
58.706530  119
58.738758  145
58.745575  96
58.751053  132
58.752946  119
58.759463  141
58.763109  130
58.769766  140
58.778796  124
58.783181  116
58.789798  138
58.812096  95
58.841731  143
58.886953  140
58.903100  127
58.922812  100
58.936207  141
58.973540  140
59.088089  121
59.096873  100
59.117144  121
59.119317  130
59.120970  143
59.132705  133
59.137030  145
59.147373  100
59.197106  134
59.251760  151
59.271911  136
59.276276  108
59.302506  134
59.321339  143
59.332321  150
59.338598  161
59.343403  166
59.374717  121
59.412362  122
59.446643  122
59.463850  115
59.477245  125
59.479278  152
59.493766  158
59.496158  132
59.507580  139
59.527792  143
59.542480  118
59.548365  164
59.552430  164
59.565485  163
59.578739  120
59.597931  160
59.639249  151
59.645327  121
59.653677  118
59.711195  165
59.725752  140
59.749789  144
59.786902  144
59.822935  144
59.879347  164
59.885865  155
59.890070  173
59.898201  148
59.908477  158
59.923965  128
59.931876  169
59.950568  169
59.959218  151
59.963503  130
