# t(s) QueuingDelay(ms)
10.185942  2
10.194432  7
10.213065  10
10.230155  4
10.258057  11
10.264345  12
10.265978  14
10.274508  17
10.280706  20
10.287503  24
10.308416  29
10.359769  31
10.372444  51
10.378942  53
10.385000  71
10.389305  29
10.413033  51
10.419378  103
10.443123  104
10.448741  97
10.457838  90
10.459511  108
10.518315  54
10.524593  124
10.526805  129
10.573500  136
10.593133  49
10.625201  19
10.640248  170
10.642900  32
10.673036  203
10.675648  152
10.680493  40
10.697433  225
10.711027  77
10.717225  244
10.727689  100
10.732473  154
10.741637  252
10.748949  270
10.759451  118
10.766328  252
10.788620  259
10.793065  135
10.801455  251
10.808751  135
10.810344  44
10.818814  280
10.838607  142
10.859592  60
10.881856  166
10.898577  100
10.914838  276
10.934904  126
10.944473  170
10.946845  283
10.959520  280
10.962192  286
10.974068  186
10.978952  160
10.994825  188
11.003155  191
11.031056  211
11.032869  231
11.042018  344
11.044151  296
11.060832  394
11.073567  440
11.076793  224
11.078526  335
11.081098  239
11.095111  497
11.104161  491
11.105854  350
11.119407  362
11.131842  489
11.140272  362
11.146990  488
11.153288  361
11.158072  485
11.159785  225
11.185815  471
11.196877  257
11.209592  270
11.245157  365
11.253926  78
11.261557  311
11.265183  279
11.284534  104
11.293264  293
11.294857  396
11.297489  383
11.321207  306
11.337873  312
11.354813  439
11.373297  444
11.379735  460
11.389364  444
11.420619  324
11.432022  430
11.447868  322
11.453486  419
11.462476  401
11.468774  387
11.471466  321
11.478748  315
11.481300  100
11.501193  362
11.508429  339
11.510502  335
11.512974  271
11.521424  64
11.523117  265
11.525210  326
11.536586  288
11.564188  331
11.582607  329
11.596555  325
11.626810  291
11.632588  79
11.650966  278
11.652979  81
11.657903  333
11.667394  344
11.675984  92
11.678077  295
11.711850  334
11.718570  285
11.746555  298
11.756338  300
11.763135  305
11.778523  326
11.795023  348
11.801700  323
11.807858  355
11.814195  337
11.829483  366
11.833428  342
11.845550  343
11.858405  367
11.860138  343
11.880469  348
11.892805  375
11.900840  351
11.916387  392
11.933807  355
11.954772  351
11.959257  414
11.970379  363
11.974824  426
11.985627  383
11.994637  363
11.999741  385
12.017101  460
12.025612  472
12.029997  440
12.037773  486
12.046823  392
12.060243  354
12.066188  100
12.072853  357
12.078391  368
12.080044  159
12.083400  397
12.088364  456
12.100440  446
12.103671  195
12.112062  214
12.116387  410
12.122585  215
12.135440  456
12.137672  411
12.141977  223
12.152580  468
12.171066  477
12.182748  225
12.192117  231
12.204893  418
12.225649  422
12.242450  474
12.251960  433
12.272845  447
12.281415  6
12.293990  449
12.307184  452
12.326776  451
12.397676  459
12.409724  474
12.423020  477
12.441858  481
12.448096  481
12.465975  232
12.526923  10
12.530349  6
12.535827  499
12.545495  503
12.547448  490
12.552632  497
12.558470  235
12.564228  496
12.568533  277
12.570825  492
12.584883  539
12.607597  496
12.609790  265
12.619039  496
12.629742  503
12.634446  263
12.638971  525
12.643955  518
12.683700  508
12.692270  0
12.725461  279
12.739516  283
12.741189  498
12.759069  288
12.763694  4
12.778801  317
12.804131  321
12.821911  327
12.835411  328
12.840355  27
12.868717  36
12.943334  486
12.944907  526
12.958621  488
12.962986  490
12.965119  290
12.984421  491
13.020953  494
13.068067  495
13.071373  3
13.149102  29
13.166561  89
13.173298  40
13.186093  109
13.195243  494
13.201721  110
13.206286  497
13.226118  115
13.230184  348
13.235128  596
13.242979  371
13.248303  5
13.257033  554
13.278338  381
13.289240  391
13.305880  632
13.307973  611
13.322271  646
13.324084  392
13.342816  392
13.351865  500
13.362847  505
13.366772  664
13.383873  396
13.386405  128
13.395862  54
13.401900  422
13.406085  643
13.428089  688
13.430062  654
13.432135  431
13.453299  680
13.455452  429
13.468951  47
13.492888  56
13.504290  82
13.507647  122
13.524228  177
13.526420  172
13.537662  202
13.548165  219
13.558788  183
13.572062  186
13.573695  8
13.587814  9
13.590026  191
13.607866  117
13.610039  5
13.622354  197
13.717450  501
13.745533  537
13.776769  78
13.810866  536
13.828625  634
13.843553  84
13.859813  649
13.888378  132
13.896909  718
13.916221  123
13.918234  652
13.929116  659
13.941879  661
13.952421  445
13.979743  141
13.983648  150
14.058145  24
14.092405  681
14.102428  663
14.113290  37
14.134095  206
14.180109  70
14.229146  221
14.233990  215
14.253581  708
14.259419  223
14.284980  459
14.377231  692
14.398196  231
14.417217  99
14.452037  576
14.473581  237
14.503637  668
14.568830  33
14.570703  649
14.579647  13
14.604504  721
14.606277  136
14.612496  674
14.667042  17
14.690200  683
14.700610  222
14.716737  79
14.763559  183
14.769598  88
14.772190  669
14.795519  713
14.821330  165
14.848039  224
14.850431  207
14.879433  207
14.884437  762
14.894580  147
14.908094  780
14.944508  783
14.985544  784
15.000252  243
15.136864  722
15.142922  114
15.192620  344
15.204222  315
15.212312  710
15.242242  719
15.325935  659
15.334864  726
15.392861  1011
15.414445  732
15.435611  162
15.452191  754
15.480214  91
15.503845  638
15.539838  999
15.581366  168
15.612319  238
15.629898  108
15.682235  335
15.692585  190
15.702756  826
15.724755  786
15.751584  183
15.788174  185
15.789927  345
15.806568  200
15.842400  361
15.849217  788
15.865997  281
15.871875  661
15.896932  1020
15.901497  151
15.928981  819
15.974697  213
16.009842  866
16.033638  346
16.037104  175
16.112373  287
16.123515  136
16.136471  720
16.168020  382
16.208100  395
16.215456  759
16.230324  328
16.252910  419
16.300402  106
16.313930  397
16.336098  470
16.360154  443
16.380899  423
16.391312  445
16.393464  341
16.410644  788
16.419215  828
16.432569  796
16.447337  252
16.453455  400
16.462525  826
16.464218  1039
16.501278  242
16.509049  850
16.510862  464
16.583870  478
16.588657  282
16.605761  463
16.629301  468
16.631893  995
16.660427  472
16.675261  1055
16.680385  475
16.688101  1107
16.696978  1193
16.698631  245
16.714397  928
16.722412  364
16.729268  477
16.733133  149
16.737997  294
16.746087  933
16.775980  1203
16.786526  374
16.817112  446
16.846775  1083
16.851967  438
16.856771  892
16.908704  453
16.922417  435
16.960810  470
16.978449  458
17.011729  947
17.070498  484
17.109305  999
17.116401  452
17.132036  175
17.167178  297
17.196529  299
17.198881  478
17.232035  474
17.243257  469
17.304709  336
17.313398  471
17.351870  465
17.362991  182
17.379431  502
17.402561  457
17.426086  925
17.450213  461
17.452825  281
17.491931  1011
17.509554  980
17.611091  608
17.641178  619
17.650646  735
17.660909  607
17.672929  236
17.677234  986
17.678987  468
17.704349  296
17.707400  294
17.729867  598
17.747817  297
17.778674  303
17.781246  440
17.788003  509
17.789656  499
17.801843  299
17.808085  450
17.809918  446
17.811571  444
17.817900  306
17.823523  990
17.826809  301
17.828562  440
17.830894  439
17.833945  299
17.837136  297
17.842519  291
17.847283  993
17.855804  433
17.861342  230
17.866166  427
17.898526  942
17.902736  941
17.909752  455
17.919460  426
17.960345  454
17.990071  449
18.026161  446
18.036683  445
18.042881  283
18.053508  459
18.063918  284
18.071194  478
18.079868  287
18.085271  445
18.094100  479
18.096572  287
18.103948  449
18.111803  987
18.117765  449
18.122709  983
18.127014  445
18.129845  444
18.136222  442
18.145395  474
18.147867  326
18.203032  297
18.216270  477
18.230827  478
18.232760  295
18.239197  476
18.256800  482
18.270878  298
18.276181  339
18.290729  483
18.329888  343
18.334752  348
18.337324  462
18.342208  464
18.344780  478
18.352560  489
18.359092  349
18.376498  351
18.385467  480
18.387040  454
18.395514  481
18.405953  493
18.407566  467
18.425489  253
18.427861  469
18.429434  482
18.438627  484
18.462719  463
18.465870  476
18.485314  288
18.548986  497
18.556342  481
18.558015  482
18.560547  503
18.563099  514
18.568822  494
18.570415  497
18.573067  288
18.582903  306
18.599253  514
18.602903  515
18.609529  519
18.616026  520
18.621289  521
18.627906  518
18.655571  326
18.662986  301
18.684360  519
18.693209  524
18.694962  524
18.704450  426
18.706982  478
18.710113  522
18.714637  257
18.724904  512
18.734097  266
18.737228  320
18.738821  260
18.751692  506
18.753924  505
18.761620  319
18.764052  426
18.766404  479
18.778319  457
18.784077  314
18.788781  456
18.813196  313
18.815049  455
18.819054  1005
18.821686  307
18.828075  313
18.832559  453
18.839316  312
18.841808  254
18.843581  303
18.845314  446
18.849768  306
18.853873  298
18.866867  440
18.875636  438
18.878008  437
18.879721  436
18.908646  460
18.911118  459
18.919712  429
18.929425  460
18.937420  460
18.941705  461
18.944636  461
18.959013  459
18.968641  459
18.992329  450
19.019027  461
19.028735  450
19.031526  450
19.047910  292
19.050242  290
19.057758  463
19.060250  450
19.062183  288
19.064515  463
19.069459  450
19.073484  479
19.076056  283
19.080165  442
19.100161  483
19.128298  445
19.132143  443
19.142909  327
19.144502  476
19.162392  474
19.170307  330
19.177858  332
19.203580  290
19.217186  470
19.222390  332
19.223983  331
19.246110  291
19.258470  478
19.270638  290
19.273210  328
19.282858  469
19.301463  469
19.304574  324
19.321238  323
19.323850  452
19.333778  452
19.335711  452
19.340582  451
19.347239  469
19.356537  440
19.377206  227
19.387853  323
19.395271  467
19.397823  438
19.404225  451
19.408969  224
19.412734  221
19.426667  449
19.449527  435
19.451260  446
19.456643  270
19.459814  444
19.533197  462
19.538061  462
19.549822  445
19.561583  447
19.571231  452
19.592959  470
19.594612  469
19.598757  466
19.610457  466
19.622078  279
19.631686  271
19.643901  275
19.673563  466
19.683219  466
19.685471  472
19.692208  473
19.694780  720
19.702023  426
19.716175  469
19.717768  466
19.719341  221
19.722312  275
19.737884  463
19.745520  274
19.750604  415
19.753156  456
19.772347  274
19.803786  416
19.817819  418
19.819652  987
19.826089  422
19.832734  424
19.834427  281
19.839311  221
19.843061  278
19.851943  279
19.854455  282
19.863124  923
19.867988  427
19.877676  428
19.882560  430
19.914213  453
19.921789  431
19.924281  462
19.926533  430
19.937195  460
19.969884  470
19.978334  471
19.994981  467
20.007800  465
20.025969  460
20.042194  461
20.043887  460
20.045460  460
20.063289  285
20.078281  301
20.085025  461
20.087137  462
20.094773  462
20.099577  464
20.104241  465
20.111225  493
20.116109  493
20.128110  461
20.134771  458
20.141868  457
20.152714  324
20.156444  489
20.158057  327
20.160669  483
20.163341  327
20.172710  339
20.201268  340
20.208044  342
20.210676  457
20.213328  285
20.225088  334
20.229652  480
20.231525  477
20.244533  310
20.246665  448
20.250400  308
20.266305  293
20.272562  290
20.276907  287
20.280322  285
20.284567  264
20.292569  384
20.309593  164
20.311166  255
20.314876  380
20.316709  380
20.319101  369
20.320874  368
20.322447  146
20.330202  146
20.333433  363
20.347111  345
20.350282  884
20.457652  113
20.483405  270
20.485677  514
20.487450  214
20.491315  256
20.493907  15
20.498851  12
20.501602  8
20.516263  61
20.520947  199
20.533298  249
20.576865  202
20.588434  755
20.607407  0
20.612271  675
20.624311  627
20.648756  42
20.660976  51
20.664202  52
20.687822  0
20.690354  0
20.719589  0
20.736797  361
20.853866  0
20.872685  110
20.897880  0
20.943549  0
20.952678  347
20.972864  286
20.992875  309
21.015117  0
21.041744  0
21.053305  0
21.111844  348
21.392339  349
21.400954  361
21.472241  316
21.594275  58
21.600313  63
21.614227  89
21.618353  143
21.656624  123
21.667147  124
21.690664  408
21.853269  147
21.859267  151
21.873455  194
22.011868  347
22.013741  493
22.024116  395
22.027522  372
22.100588  398
22.113162  403
22.155287  553
22.207905  393
22.261257  199
22.268434  204
22.286313  476
22.290178  206
22.295777  132
22.320174  136
22.324799  524
22.334662  197
22.347877  285
22.360092  305
22.396731  312
22.413851  318
22.418096  561
22.538718  123
22.544836  131
22.562336  264
22.601520  301
22.620119  303
22.624104  582
22.633493  311
22.642443  371
22.672538  322
22.744116  593
22.746808  308
22.775984  533
22.798955  720
22.801147  538
22.897315  75
22.920513  99
22.927250  546
22.929143  248
22.943004  454
22.947109  566
22.953107  475
22.957012  583
23.003613  79
23.012482  245
23.015034  637
23.085257  107
23.101758  743
23.121190  272
23.125635  485
23.133765  507
23.177516  623
23.197748  350
23.205878  640
23.231254  350
23.276516  786
23.284926  356
23.307353  513
23.321501  531
23.334524  573
23.343194  589
23.386889  594
23.430316  316
23.466723  606
23.475193  432
23.496757  361
23.524048  445
23.547925  33
23.562853  187
23.567298  326
23.582592  581
23.628454  575
23.642438  58
23.714286  748
23.734379  462
23.745501  764
23.751739  690
23.770159  863
23.783773  697
23.951510  802
23.958448  554
23.989652  83
24.013787  464
24.023283  476
24.024976  856
24.032632  93
24.135706  813
24.188537  865
24.190729  536
24.223004  872
24.289392  623
24.365489  626
24.409136  629
24.426749  559
24.452477  631
24.484247  904
24.491463  668
24.505276  578
24.520353  695
24.534261  669
24.550346  683
24.564019  691
24.577293  577
24.579885  600
24.664752  733
24.679803  868
24.688971  750
24.708770  742
24.715271  210
24.734108  956
24.744131  734
24.762161  899
24.787516  958
24.791461  943
24.803681  904
24.839457  628
24.916678  482
24.936552  607
24.957193  638
25.000564  242
25.052055  619
25.073144  248
25.116622  514
25.143778  631
25.212451  466
25.222179  972
25.340036  626
25.412878  624
25.484578  635
25.498751  635
25.524348  950
25.531165  653
25.533377  950
25.535949  655
25.560640  658
25.576320  745
25.591695  661
25.595860  588
25.604370  615
25.614652  748
25.619936  591
25.628010  628
25.646635  661
25.706141  662
25.713117  658
25.717961  926
25.735924  656
25.745627  653
25.754261  652
25.756793  630
25.767160  991
25.770131  636
25.775095  651
25.776708  1000
25.811773  1007
25.814065  953
25.826803  929
25.831468  943
25.848632  630
25.852757  629
25.883574  488
25.890455  494
25.892308  585
25.894780  581
25.896952  567
25.901676  578
25.926585  922
25.939408  544
25.952802  548
25.961356  518
25.971403  461
26.030893  513
26.036316  509
26.045085  508
26.060636  466
26.063208  463
26.064921  817
26.088623  435
26.126435  407
26.190397  335
26.192829  334
26.194387  329
26.214997  633
26.217130  626
26.239346  383
26.251007  376
26.252620  373
26.255292  364
26.258922  258
26.267193  253
26.270264  479
26.272956  478
26.277201  496
26.280172  494
26.282604  492
26.284317  490
26.285910  465
26.288626  464
26.292591  420
26.295263  400
26.296836  396
26.299108  393
26.306024  366
26.307997  0
26.316447  0
26.321251  0
26.361294  0
26.384860  295
26.405549  0
26.456533  0
26.487094  215
26.508517  0
26.526655  381
26.532638  0
26.534591  0
26.541109  243
26.548126  257
26.556996  207
26.558769  189
26.572044  252
26.657417  42
26.664613  45
26.672724  50
26.674377  51
26.678881  51
26.682846  0
26.791045  1
26.797762  3
26.802107  0
26.803700  3
26.808484  241
26.821619  203
26.834454  248
26.896759  0
26.991207  219
27.006953  167
27.011857  182
27.040019  0
27.058072  217
27.086333  232
27.128350  1
27.147622  3
27.162416  2
27.238857  3
27.334343  1
27.367693  0
27.380168  7
27.397261  21
27.449123  21
27.509448  4
27.526747  13
27.546060  1
27.558735  176
27.564953  192
27.600891  31
27.602624  245
27.609400  23
27.611373  31
27.625940  244
27.627733  2
27.634970  188
27.639175  212
27.652418  32
27.664953  261
27.671371  33
27.690963  28
27.695048  41
27.713823  7
27.739629  17
27.755715  36
27.770921  2
27.804609  41
27.810387  30
27.828565  46
27.855418  69
27.859943  23
27.886891  195
27.895601  223
27.932653  41
27.934746  41
27.947361  43
27.950727  39
27.954632  245
27.962209  47
27.964541  39
27.972492  258
27.976357  206
28.005166  271
28.006899  43
28.013736  52
28.015309  276
28.021487  87
28.027305  86
28.032089  38
28.039525  19
28.052499  276
28.054891  44
28.068545  46
28.072850  69
28.108511  39
28.160541  75
28.187356  208
28.192939  83
28.201888  275
28.216201  90
28.220206  81
28.229789  88
28.242184  254
28.255658  278
28.263034  7
28.291789  89
28.300079  90
28.310002  259
28.311775  92
28.328964  268
28.331137  310
28.337834  282
28.354000  92
28.362689  324
28.364402  109
28.378064  104
28.384921  36
28.391079  61
28.406645  108
28.413922  24
28.425623  67
28.439397  339
28.472220  56
28.474193  68
28.531744  89
28.545338  117
28.546931  108
28.551742  170
28.556666  175
28.558559  161
28.560871  98
28.562644  77
28.564217  160
28.565839  157
28.570104  316
28.578054  292
28.586034  113
28.602797  129
28.604570  98
28.625098  111
28.633448  276
28.653987  276
28.668555  55
28.688885  108
28.696496  112
28.719480  327
28.724564  112
28.738972  333
28.741444  300
28.780549  133
28.783201  158
28.792610  77
28.810169  77
28.822619  63
28.825830  149
28.834240  155
28.838505  163
28.847261  100
28.851626  106
28.857424  366
28.896615  82
28.923662  139
28.927508  139
28.941089  152
28.954065  326
28.962915  143
28.966980  97
28.975550  107
28.990397  345
29.013914  162
29.040303  105
29.044768  317
29.047440  166
29.055830  196
29.066592  321
29.075661  346
29.079766  115
29.101116  96
29.128639  159
29.130911  167
29.137249  158
29.144126  181
29.147692  370
29.155129  172
29.159034  373
29.174624  353
29.178429  380
29.200232  173
29.202005  176
29.209222  173
29.213967  394
29.218832  174
29.237971  156
29.257882  113
29.294279  154
29.308533  159
29.316009  402
29.331515  130
29.350727  142
29.356310  210
29.379451  214
29.388760  211
29.400161  207
29.415628  148
29.424737  162
29.441564  201
29.446628  196
29.473830  202
29.494061  193
29.498106  332
29.506955  168
29.519849  170
29.524234  336
29.526107  415
29.530012  356
29.536989  197
29.564238  154
29.566191  176
29.583531  177
29.588096  184
29.594733  199
29.603763  399
29.610740  186
29.612313  180
29.623495  361
29.625408  206
29.633118  371
29.645513  405
29.649858  188
29.670010  202
29.692653  437
29.706386  177
29.718075  199
29.725032  197
29.748003  189
29.752788  185
29.819809  179
29.830771  200
29.862129  374
29.874164  391
29.890311  230
29.906597  238
29.920012  243
29.931749  249
29.934461  201
29.938446  206
29.945004  397
29.949109  206
29.953134  201
29.973000  248
29.981534  258
30.012909  377
30.022612  253
30.025823  258
30.036905  203
30.038878  378
30.041050  401
30.045515  221
30.056857  261
30.085433  182
30.091911  210
30.101101  206
30.105605  210
30.114769  426
30.125451  225
30.133821  411
30.143449  263
30.145302  434
30.152086  434
30.160277  206
30.173352  201
30.177637  260
30.188640  264
30.195897  196
30.206899  452
30.210245  202
30.221766  256
30.230436  256
30.242966  187
30.291138  485
30.303238  196
30.319882  221
30.326539  434
30.342990  254
30.366966  481
30.411676  201
30.431175  254
30.433008  251
30.451746  247
30.467573  250
30.476862  249
30.491749  237
30.508208  421
30.515505  245
30.520290  252
30.579972  253
30.602417  257
30.623822  477
30.647567  255
30.699348  261
30.715195  249
30.748874  256
30.762327  202
30.771096  248
30.783391  258
30.798098  256
30.826279  495
30.883134  437
30.976845  444
30.980511  254
30.986868  261
30.991213  258
31.004928  291
31.007140  255
31.009313  264
31.019416  264
31.056288  426
31.064958  261
31.073368  263
31.078372  224
31.080505  281
31.082418  434
31.086823  453
31.088896  290
31.123956  253
31.129040  255
31.160908  263
31.165073  266
31.169598  483
31.172210  269
31.182966  288
31.194228  437
31.198693  468
31.203358  477
31.205391  297
31.220239  484
31.227255  515
31.229647  262
31.237977  289
31.239590  297
31.250672  298
31.256455  496
31.260500  262
31.264765  518
31.269410  264
31.291399  291
31.329119  281
31.361053  270
31.371440  265
31.378955  520
31.426397  269
31.467543  484
31.511001  263
31.517059  298
31.562817  292
31.576590  291
31.597695  298
31.602220  489
31.610450  298
31.619480  371
31.660242  304
31.676779  529
31.692926  295
31.705601  308
31.707434  364
31.711619  471
31.718957  517
31.733258  379
31.737803  380
31.779633  304
31.792428  298
31.800438  305
31.807035  331
31.809387  337
31.812833  519
31.814466  349
31.819111  294
31.820884  471
31.827641  548
31.829774  377
31.835761  522
31.851288  286
31.852881  521
31.854554  299
31.861391  553
31.865376  303
31.875459  312
31.882136  530
31.886361  385
31.890226  373
31.892159  388
31.894751  539
31.898597  295
31.904954  307
31.907566  623
31.927178  374
31.941491  382
31.957098  302
31.965053  279
31.974302  383
31.983931  389
32.016361  304
32.019916  619
32.026813  374
32.068066  550
32.077215  607
32.079467  351
32.096351  562
32.141977  387
32.154576  355
32.198175  384
32.235098  381
32.240896  371
32.253751  381
32.273523  567
32.275136  399
32.280794  387
32.294415  423
32.372153  398
32.388678  416
32.393003  553
32.401753  433
32.410722  357
32.420645  432
32.425749  571
32.440122  359
32.458954  388
32.477606  392
32.479239  394
32.489661  434
32.496019  399
32.500004  586
32.508754  436
32.510906  603
32.517384  613
32.523522  608
32.531042  394
32.536121  620
32.540526  395
32.542978  653
32.551033  420
32.565660  432
32.582820  655
32.585032  388
32.592983  420
32.632935  382
32.642248  429
32.648586  361
32.653171  409
32.677442  385
32.695109  423
32.767309  407
32.771454  429
32.796250  622
32.819047  386
32.861086  419
32.886225  396
32.927955  421
32.945838  422
33.010426  431
33.011999  440
33.023804  442
33.028389  439
33.047067  434
33.056536  519
33.092733  423
33.099210  501
33.106047  447
33.133253  482
33.149318  495
33.151550  452
33.153423  429
33.185973  488
33.198727  425
33.205492  632
33.209897  507
33.231302  436
33.237080  444
33.246833  434
33.251877  474
33.258235  440
33.263159  517
33.274281  673
33.278925  521
33.283549  702
33.291180  654
33.303715  437
33.308719  656
33.314597  738
33.319042  445
33.325420  496
33.339932  523
33.344217  660
33.351493  526
33.353805  665
33.358729  497
33.383249  520
33.403060  513
33.411035  429
33.419210  505
33.423535  514
33.437928  493
33.439501  520
33.457978  746
33.473368  412
33.479086  523
33.492293  685
33.506685  733
33.523669  481
33.547012  686
33.560106  499
33.599497  505
33.613275  502
33.617180  505
33.621345  503
33.634664  499
33.648298  511
33.657771  740
33.673887  498
33.720225  499
33.742832  514
33.768925  506
33.786184  512
33.796187  512
33.809534  511
33.873916  682
33.905669  504
33.933994  507
33.939258  509
33.948347  509
33.964297  508
33.968442  478
33.996265  513
33.998637  733
34.019953  508
34.027948  679
34.037596  512
34.045332  694
34.050311  725
34.056169  509
34.061991  724
34.070760  508
34.072493  501
34.082805  734
34.090121  507
34.096630  500
34.135005  486
34.160072  505
34.179129  501
34.206696  736
34.220855  471
34.225140  503
34.239405  673
34.249108  717
34.260222  696
34.300194  686
34.338292  475
34.359417  490
34.392773  510
34.408007  509
34.465057  496
34.468463  465
34.476158  490
34.492418  482
34.497122  476
34.522297  484
34.531585  479
34.533857  483
34.581070  496
34.603817  484
34.608102  492
34.610674  663
34.619783  481
34.628172  480
34.635548  479
34.637521  478
34.642285  486
34.653547  662
34.658291  660
34.663135  674
34.667380  673
34.691251  486
34.696335  672
34.698727  455
34.700320  482
34.702792  482
34.730280  486
34.734605  481
34.745600  481
34.750963  649
34.751982  647
34.758139  478
34.759792  476
34.763522  660
34.765095  689
34.773844  474
34.786723  473
34.791667  473
34.800457  454
34.803608  440
34.810884  425
34.814810  419
34.816982  416
34.821646  411
34.823779  379
34.827884  392
34.829917  398
34.831830  385
34.837777  342
34.842701  374
34.846392  370
34.849104  535
34.853928  579
34.857154  539
34.862792  312
34.881409  523
34.897095  309
34.927750  316
34.949034  729
34.958163  325
34.960016  324
35.034420  553
35.082563  318
35.091352  316
35.109669  301
35.128724  305
35.152267  299
35.156292  472
35.169694  299
35.171986  297
35.186119  300
35.206535  485
35.214585  273
35.219450  295
35.230751  293
35.234717  290
35.236989  298
35.243394  264
35.254176  289
35.258601  285
35.265398  286
35.273249  283
35.278233  454
35.280405  279
35.285609  464
35.287761  493
35.291347  483
35.296231  481
35.299717  262
35.304421  254
35.313011  248
35.317016  249
35.318709  253
35.320282  222
35.322095  240
35.332443  219
35.336888  251
35.339060  250
35.343445  464
35.347410  432
35.361763  423
35.386358  218
35.405994  443
35.418062  211
35.484307  213
35.486460  426
35.496762  207
35.512148  172
35.529631  205
35.550716  203
35.570612  214
35.618084  209
35.634730  208
35.659386  386
35.663112  399
35.675372  214
35.682009  208
35.722194  220
35.735348  383
35.742125  219
35.765372  220
35.767804  435
35.787144  211
35.796033  215
35.828559  190
35.853370  215
35.878145  217
35.955443  440
35.982030  197
36.072740  213
36.077564  206
36.113027  371
36.124228  208
36.130226  211
36.154542  212
36.160680  174
36.171463  205
36.178500  207
36.191515  206
36.193388  204
36.197933  393
36.206304  430
36.225416  209
36.230360  208
36.243894  205
36.245567  207
36.301509  430
36.366243  209
36.470408  194
36.476566  219
36.481789  212
36.539948  210
36.546365  226
36.566457  240
36.570642  224
36.573106  234
36.586500  448
36.629150  235
36.631442  213
36.638758  240
36.647488  198
36.676984  221
36.683302  443
36.684935  377
36.729752  447
36.743287  219
36.752017  242
36.754129  201
36.759441  222
36.771517  214
36.791369  452
36.801931  231
36.811699  205
36.838614  230
36.851089  230
36.887227  229
36.896910  232
36.916088  218
36.918600  224
36.926690  446
36.932358  225
36.945872  202
36.961909  219
36.981622  230
36.989773  229
37.059065  470
37.067969  236
37.082429  474
37.107409  396
37.120831  239
37.129801  238
37.140954  247
37.144820  249
37.146413  244
37.153649  244
37.177166  231
37.187369  433
37.206881  433
37.221813  245
37.258540  250
37.262345  239
37.269202  233
37.287181  466
37.315982  229
37.344490  254
37.369185  244
37.404204  236
37.431074  213
37.441636  209
37.448313  227
37.461287  228
37.471710  236
37.488779  233
37.507617  234
37.525751  229
37.536233  234
37.538705  227
37.543230  224
37.564322  233
37.565955  470
37.583775  233
37.587481  403
37.604168  235
37.610386  232
37.615944  231
37.618995  452
37.620808  226
37.630332  194
37.632804  227
37.634737  224
37.644446  227
37.653576  394
37.655229  447
37.666558  418
37.678360  231
37.682445  416
37.690755  230
37.695100  223
37.699525  218
37.706402  227
37.708854  446
37.716185  222
37.725374  221
37.732231  228
37.736356  227
37.740641  221
37.748831  220
37.759773  457
37.766850  446
37.794214  440
37.802883  230
37.811014  223
37.823689  222
37.840589  223
37.843241  224
37.856615  222
37.873115  217
37.905010  197
37.906923  220
38.073341  224
38.077566  214
38.081791  221
38.088967  415
38.099450  221
38.103575  191
38.139296  413
38.150278  394
38.152910  225
38.159228  413
38.185218  441
38.189703  224
38.248460  441
38.268000  448
38.325741  219
38.332158  207
38.340408  213
38.344553  430
38.354362  428
38.361319  178
38.372041  207
38.380951  213
38.388428  204
38.396838  206
38.403695  218
38.408240  216
38.476600  219
38.504162  448
38.521961  387
38.532544  217
38.534537  217
38.548032  210
38.554409  410
38.560927  216
38.575515  217
38.592936  385
38.600013  403
38.656446  215
38.697504  182
38.724741  434
38.741449  435
38.745674  187
38.806141  216
38.828853  443
38.833817  196
38.855912  217
38.873351  215
38.961027  219
38.974181  211
39.023463  220
39.027348  213
39.031493  229
39.033865  226
39.052386  199
39.075377  219
39.084587  389
39.093057  404
39.099734  220
39.101427  398
39.108604  219
39.110497  220
39.114522  405
39.132775  231
39.135047  219
39.139272  447
39.145110  229
39.162171  218
39.166256  233
39.172793  232
39.189467  206
39.219956  458
39.231202  461
39.232915  214
39.251892  236
39.256816  224
39.267059  223
39.288698  245
39.301913  229
39.306578  461
39.316601  430
39.343110  214
39.347335  241
39.354472  222
39.360170  235
39.370672  236
39.373803  245
39.409916  242
39.422391  456
39.441713  232
39.463897  233
39.477511  236
39.481456  465
39.492677  406
39.504019  412
39.510337  243
39.515281  239
39.525284  243
39.538699  237
39.561857  241
39.564329  238
39.565962  458
39.587234  431
39.595045  412
39.597217  244
39.604194  428
39.608439  236
39.619162  235
39.646984  233
39.651029  242
39.669488  217
39.673773  216
39.682183  216
39.691852  235
39.702235  470
39.706740  458
39.711005  241
39.715650  455
39.722507  208
39.732191  235
39.754056  245
39.755769  243
39.760094  237
39.768664  243
39.770757  242
39.835859  240
39.848734  238
39.976770  244
39.990311  478
40.038466  249
40.085515  240
40.089840  415
40.107020  459
40.118163  431
40.123067  433
40.131118  252
40.144392  263
40.152862  240
40.159759  463
40.164024  274
40.174927  239
40.176680  248
40.190268  247
40.201914  215
40.223959  246
40.245964  489
40.256507  492
40.264797  270
40.269541  257
40.288554  253
40.292679  258
40.294792  247
40.310059  278
40.313485  249
40.328932  504
40.334475  497
40.338660  452
40.352735  257
40.361545  239
40.365390  279
40.367143  255
40.378844  241
40.380417  243
40.389606  275
40.391938  273
40.393911  274
40.440830  272
40.448186  495
40.479598  274
40.495072  282
40.509387  271
40.525753  273
40.532610  279
40.541561  518
40.561218  437
40.576605  267
40.589467  286
40.593572  281
40.595565  284
40.599330  291
40.603575  293
40.612504  272
40.629025  280
40.637595  280
40.643573  444
40.646125  459
40.648118  283
40.661813  469
40.685191  284
40.687423  466
40.689476  293
40.695174  284
40.700098  291
40.702171  517
40.713273  297
40.745673  296
40.758947  300
40.781492  277
40.801984  295
40.810534  277
40.813146  521
40.819743  308
40.838616  285
40.853044  306
40.857956  304
40.862920  283
40.864793  308
40.890722  524
40.892934  486
40.920337  280
40.934191  295
40.945952  298
40.971068  299
40.986405  288
41.002731  298
41.017878  304
41.043366  302
41.087502  521
41.089195  294
41.092406  487
41.116547  269
41.123983  306
41.142700  294
41.152662  294
41.163804  306
41.180529  305
41.183121  299
41.198487  488
41.202053  302
41.205938  299
41.220550  289
41.225154  294
41.229159  286
41.234757  304
41.242373  487
41.244745  299
41.268151  293
41.272396  298
41.290599  299
41.296657  297
41.331036  302
41.339166  296
41.379114  302
41.381766  298
41.386638  300
41.396206  271
41.439010  485
41.449992  270
41.453877  292
41.483892  292
41.508717  297
41.535788  301
41.543344  299
41.562161  299
41.584848  290
41.628329  291
41.639830  303
41.649279  305
41.666348  305
41.695846  295
41.706193  296
41.716320  301
41.728515  304
41.730767  300
41.735611  306
41.737823  298
41.739596  306
41.745219  303
41.752057  301
41.756801  302
41.769943  292
41.782523  305
41.790339  295
41.794684  290
41.813367  295
41.815899  302
41.823175  302
41.837008  301
41.875700  300
41.879985  290
41.894438  291
41.901654  288
41.906838  288
41.913655  292
41.916327  291
41.917885  290
41.925361  288
41.927993  287
41.933077  274
41.940174  278
41.952254  273
41.963376  259
41.977756  268
41.989137  258
41.991309  257
41.995179  257
42.005960  255
42.018688  259
42.032094  259
42.038611  257
42.058808  250
42.077880  247
42.095599  249
42.106900  236
42.120199  249
42.127423  236
42.140637  232
42.145621  226
42.148313  233
42.165971  230
42.171669  228
42.177813  226
42.191566  234
42.196510  226
42.202568  225
42.204361  223
42.207033  219
42.211698  224
42.215883  221
42.217641  221
42.222206  211
42.226211  203
42.228323  201
42.232548  196
42.234181  196
42.240283  188
42.247420  184
42.249013  190
42.255697  189
42.272201  188
42.274613  190
42.284082  188
42.296857  190
42.299549  191
42.304173  183
42.310371  193
42.328414  192
42.342028  189
42.347886  193
42.350138  190
42.355956  187
42.363772  185
42.380771  184
42.384696  183
42.406068  167
42.408680  167
42.422548  166
42.427232  166
42.434988  157
42.437680  153
42.450835  146
42.463790  140
42.481170  142
42.496142  134
42.501306  132
42.503159  129
42.505391  123
42.507424  117
42.519205  108
42.529728  101
42.542602  108
42.544195  100
42.548440  94
42.553005  100
42.557130  100
42.559762  95
42.564487  92
42.583987  91
42.597801  79
42.600373  78
42.604538  75
42.609063  78
42.613369  75
42.626404  71
42.628756  76
42.630429  67
42.639698  66
42.651379  68
42.656064  66
42.661072  72
42.672374  73
42.678891  65
42.691825  69
42.716163  60
42.720488  61
42.761704  63
42.774479  63
42.785241  60
42.806966  62
42.811291  28
42.818308  51
42.824805  44
42.851434  63
42.854126  61
42.860244  67
42.878837  68
42.895957  69
42.907673  64
42.915843  59
42.918275  60
42.933243  56
42.935156  65
42.936949  56
42.942607  53
42.958341  61
42.965098  53
42.967270  62
42.975261  59
42.982018  58
43.009601  68
43.022256  55
43.067756  58
43.081690  58
43.090440  57
43.111011  61
43.167786  59
43.203629  69
43.220449  62
43.439142  70
43.462004  62
43.464037  55
43.470314  82
43.478564  62
43.495178  65
43.508392  83
43.515410  67
43.519495  94
43.521328  73
43.548118  72
43.578242  68
43.580474  86
43.587052  78
43.591657  84
43.598114  67
43.607778  77
43.628649  76
43.636540  84
43.641824  77
43.698346  96
43.709922  75
43.713153  98
43.754349  88
43.784864  80
43.806689  85
43.816378  91
43.818511  38
43.827261  94
43.834478  108
43.836371  82
43.848613  80
43.854691  89
43.856524  75
43.858437  93
43.863342  110
43.867527  89
43.869180  100
43.880002  86
43.889994  94
43.908433  109
43.914231  111
43.916004  117
43.922921  73
43.928979  87
43.937708  97
43.946758  92
43.948551  92
43.957421  97
43.988983  91
43.995661  92
44.009562  90
44.016918  112
44.032112  114
44.033805  102
44.040542  98
44.052697  98
44.064239  53
44.093216  124
44.145862  90
44.188823  134
44.190836  107
44.208715  116
44.210808  107
44.218185  113
44.224702  106
44.230840  138
44.232473  92
44.234486  96
44.241023  147
44.249653  108
44.260563  111
44.262216  144
44.263849  114
44.271409  114
44.273122  117
44.286776  141
44.312205  108
44.316290  153
44.318343  118
44.327193  123
44.339256  133
44.347239  113
44.358842  112
44.376270  115
44.385060  116
44.389405  114
44.396442  119
44.405819  147
44.417934  116
44.433940  80
44.437846  124
44.444723  163
44.448668  143
44.457662  117
44.483311  128
44.522415  145
44.533845  100
44.561527  122
44.566731  122
44.598005  125
44.600158  146
44.610261  156
44.632424  145
44.636110  117
44.649084  141
44.665003  164
44.673673  145
44.680050  161
44.695797  151
44.702075  168
44.712538  153
44.714691  169
44.718896  171
44.738376  166
44.800591  146
44.810494  148
44.812167  166
44.847527  157
44.854124  129
44.858210  172
44.864548  172
44.867080  168
44.877252  165
44.893803  173
44.906218  159
44.922742  176
44.948777  177
44.988422  141
44.990475  180
45.072389  138
45.076215  168
45.080200  141
45.091342  169
45.092995  172
45.104257  182
45.122470  185
45.124563  169
45.126736  170
45.130821  178
45.137218  175
45.139610  182
45.146242  186
45.153718  192
45.160615  170
45.187592  184
45.190184  190
45.200547  168
45.210280  173
45.211893  187
45.234416  180
45.238581  190
45.245118  168
45.255721  179
45.262059  180
45.279858  152
45.294825  190
45.298790  188
45.300982  190
45.317962  171
45.322327  175
45.331377  187
45.339995  197
45.359449  183
45.411269  195
45.436278  195
45.463201  181
45.486206  188
45.500540  185
45.502493  162
45.556384  195
45.558237  189
45.565014  192
45.574144  189
45.578249  198
45.579962  202
45.582055  210
45.586380  207
45.591539  207
45.665756  204
45.677952  190
45.692285  208
45.694178  184
45.696091  198
45.714010  203
45.715843  213
45.724353  183
45.736409  190
45.778407  214
45.784445  225
45.801494  217
45.803667  191
45.821286  229
45.837892  218
45.850327  218
45.877530  193
45.897361  225
45.919685  205
45.932640  231
45.959563  236
45.986293  225
45.991038  212
46.003394  221
46.011352  175
46.024607  210
46.038675  178
46.051630  208
46.053463  218
46.059761  237
46.071726  234
46.076890  240
46.083647  217
46.090958  238
46.097815  243
46.104672  241
46.112902  212
46.120873  247
46.141304  264
46.143437  227
46.164288  232
46.168493  230
46.179783  233
46.188432  221
46.192897  242
46.197322  234
46.199395  238
46.203740  225
46.215882  235
46.224851  236
46.226524  246
46.238100  243
46.241490  233
46.258329  200
46.281826  246
46.295774  236
46.320418  248
46.327275  256
46.339910  246
46.352225  245
46.375623  232
46.396173  247
46.405537  258
46.409922  260
46.430819  251
46.443135  252
46.475982  250
46.487144  253
46.520450  253
46.529040  207
46.537410  221
46.541156  246
46.547334  250
46.567704  240
46.576194  251
46.582072  249
46.586477  244
46.592335  260
46.607842  252
46.641109  252
46.645774  247
46.656277  249
46.664288  257
46.677682  255
46.685533  248
46.703716  251
46.706348  247
46.737296  248
46.760973  259
46.765498  224
46.790217  248
46.800567  256
46.807004  248
46.825777  262
46.827570  256
46.833587  259
46.865454  262
46.913953  263
46.919951  255
46.941061  259
46.970117  251
46.976674  264
46.993234  266
47.012255  252
47.016180  261
47.041140  257
47.066330  267
47.075040  255
47.095885  273
47.102403  278
47.109400  260
47.125481  263
47.129071  278
47.134889  279
47.159904  265
47.165522  272
47.181288  269
47.188504  255
47.199525  274
47.208594  267
47.220922  275
47.228952  254
47.237981  265
47.242386  255
47.248863  257
47.253348  260
47.257653  232
47.259346  257
47.269589  264
47.280711  238
47.291780  271
47.304535  261
47.311452  268
47.330645  268
47.341172  272
47.367848  265
47.378970  260
47.432974  268
47.439356  263
47.446592  270
47.449244  273
47.528125  263
47.546492  270
47.591184  270
47.596682  270
47.626628  270
47.647357  291
47.667802  276
47.690590  271
47.697886  271
47.700558  276
47.705782  285
47.708334  280
47.711026  280
47.718762  287
47.723686  286
47.725439  293
47.737359  294
47.740031  293
47.747647  271
47.751752  271
47.756496  283
47.758668  275
47.762753  271
47.775667  274
47.787548  266
47.793970  271
47.806310  269
47.812947  274
47.847750  286
47.850322  272
47.860884  268
47.867122  272
47.885264  289
47.887836  275
47.901167  289
47.904462  288
47.910680  282
47.918882  281
47.927032  292
47.963768  288
47.965441  286
47.983264  283
48.023158  284
48.034419  252
48.037131  275
48.042854  290
48.052363  291
48.059459  286
48.062131  291
48.074906  277
48.079730  284
48.082961  284
48.097394  286
48.108401  290
48.121602  283
48.125507  254
48.127180  284
48.138601  286
48.143520  286
48.160552  283
48.179491  291
48.183936  287
48.186987  279
48.194722  282
48.197953  284
48.226998  259
48.230189  259
48.232541  261
48.236766  264
48.243224  257
48.259749  258
48.272633  264
48.274845  259
48.282121  258
48.287864  264
48.293842  256
48.296953  255
48.298666  259
48.305327  262
48.312684  261
48.322707  228
48.346072  249
48.348624  255
48.353788  251
48.358053  247
48.364710  254
48.371187  247
48.378922  248
48.383167  252
48.387951  254
48.394034  244
48.398798  238
48.401390  233
48.438145  230
48.440797  225
48.449487  222
48.455984  221
48.466012  220
48.487636  186
48.491167  210
48.505723  200
48.519224  194
48.524148  194
48.534875  191
48.556125  167
48.560010  162
48.564015  193
48.568020  188
48.577329  186
48.579921  168
48.585999  160
48.589245  164
48.595547  158
48.599552  163
48.602264  162
48.627498  149
48.629191  151
48.632382  153
48.635054  146
48.639139  144
48.643564  146
48.645896  145
48.648168  139
48.649941  140
48.652213  138
48.658970  130
48.666486  122
48.669158  124
48.681552  117
48.686796  91
48.709020  119
48.711152  118
48.713684  114
48.718329  109
48.730504  117
48.760587  112
48.788054  107
48.797283  116
48.798896  115
48.808005  117
48.813763  115
48.820979  111
48.841537  81
48.867645  98
48.891055  103
48.902676  72
48.907261  101
48.913818  103
48.925000  108
48.929625  93
48.938534  97
48.940746  95
48.968213  89
48.972658  91
48.974551  99
48.985573  87
48.992150  98
49.000840  84
49.007517  89
49.020312  94
49.027150  66
49.043870  93
49.056081  90
49.076295  93
49.139539  99
49.212903  84
49.224944  86
49.232075  57
49.242329  93
49.250299  93
49.260342  79
49.269532  89
49.275930  92
49.282087  92
49.296063  76
49.306810  89
49.313327  91
49.317832  90
49.322317  87
49.324390  90
49.326263  87
49.336985  81
49.353365  88
49.391873  84
49.414116  92
49.424698  91
49.426391  88
49.433627  92
49.468005  103
49.566811  88
49.591368  57
49.593481  96
49.651071  110
49.704952  107
49.728983  86
49.802594  102
49.822306  114
49.892986  112
49.898944  94
49.903588  125
49.915648  115
49.946287  99
50.003175  94
50.012164  111
50.020614  93
50.037414  124
50.039167  112
50.045664  144
50.054454  110
50.067648  120
50.076079  106
50.077812  128
50.082157  127
50.083870  112
50.087815  111
50.097211  140
50.113811  109
50.123061  108
50.128859  128
50.146279  117
50.175953  104
50.180798  115
50.190467  131
50.192240  131
50.202670  135
50.211567  139
50.233112  143
50.237437  107
50.256098  143
50.264408  118
50.272039  119
50.274012  150
50.280509  141
50.282761  152
50.284814  140
50.302792  119
50.309189  120
50.343088  129
50.362300  135
50.372123  120
50.390443  133
50.396161  143
50.416133  145
50.423130  128
50.432559  140
50.459582  148
50.463747  143
50.492056  131
50.496101  147
50.512382  154
50.516647  144
50.519199  170
50.530102  128
50.539112  144
50.545190  145
50.563690  149
50.582071  137
50.597992  145
50.602257  148
50.622610  145
50.639297  158
50.643202  147
50.656277  154
50.678941  154
50.683286  147
50.687051  155
50.698832  146
50.703157  162
50.715020  155
50.724930  147
50.741110  175
50.755084  157
50.768353  136
50.777762  151
50.784026  137
50.807463  152
50.814180  162
50.825816  140
50.833792  160
50.845947  145
50.857568  162
50.872755  164
50.881904  164
50.892187  176
50.893920  165
50.912118  160
50.914271  168
50.925513  169
50.929519  150
50.940761  173
50.946700  143
50.962560  168
50.967963  170
50.988454  173
51.021922  164
51.044066  168
51.060866  160
51.064731  171
51.089043  165
51.137431  174
51.146640  177
51.154510  168
51.160268  174
51.184044  172
51.247401  179
51.258523  176
51.263288  151
51.298481  175
51.302367  181
51.346095  179
51.347748  182
51.368218  182
51.386045  184
51.388657  180
51.401372  185
51.407350  155
51.409523  185
51.420086  180
51.424311  177
51.442830  188
51.491314  176
51.524496  189
51.538370  189
51.549272  227
51.560494  188
51.564399  188
51.572909  183
51.588910  182
51.594693  215
51.617904  218
51.623682  185
51.630723  209
51.650100  217
51.651673  212
51.669447  224
51.679889  159
51.700559  162
51.724457  180
51.728343  187
51.745882  194
51.751680  186
51.769879  212
51.772032  201
51.784667  202
51.793417  201
51.808572  239
51.816822  213
51.820787  207
51.826925  234
51.838207  238
51.840839  222
51.856960  209
51.858813  220
51.861285  225
51.866229  219
51.868881  233
51.874389  213
51.884037  200
51.902831  224
51.918178  229
51.919831  228
51.926488  232
51.937350  224
51.941296  218
51.986475  229
51.989167  214
51.996511  236
52.011659  238
52.015504  237
52.029318  244
52.033883  238
52.042973  245
52.057227  239
52.060893  231
52.086032  233
52.096135  247
52.103179  231
52.107884  255
52.112968  237
52.139318  240
52.148015  243
52.152100  234
52.193295  237
52.220015  233
52.241206  231
52.283521  237
52.330063  259
52.353900  260
52.361676  243
52.371445  239
52.387212  268
52.389065  258
52.393869  270
52.397555  251
52.406352  264
52.410537  273
52.436037  266
52.456449  265
52.468704  274
52.499538  245
52.512353  244
52.514506  242
52.527980  255
52.531406  246
52.550938  271
52.554164  247
52.559068  269
52.560701  264
52.573276  258
52.574889  258
52.608095  270
52.610208  273
52.619712  257
52.625195  267
52.629040  272
52.637290  265
52.644707  259
52.647159  263
52.659695  266
52.668685  263
52.678214  260
52.682319  257
52.701931  251
52.749943  239
52.758893  277
52.762299  264
52.773441  276
52.788189  266
52.799351  243
52.803836  256
52.819123  256
52.825161  245
52.870669  269
52.895739  270
52.926293  274
52.941780  269
52.949240  243
52.951912  285
52.984303  276
52.989851  276
52.995829  270
53.007570  280
53.053555  277
53.089192  275
53.107331  277
53.159888  280
53.164293  289
53.172168  286
53.183116  270
53.196569  279
53.200534  293
53.221105  267
53.229042  284
53.277173  267
53.298761  277
53.311855  270
53.320939  284
53.339430  255
53.362312  260
53.402394  281
53.406898  289
53.412801  273
53.426702  276
53.446813  278
53.456641  215
53.464899  286
53.467111  284
53.474667  235
53.484490  283
53.489814  287
53.502493  284
53.519297  289
53.523841  275
53.529699  289
53.544693  289
53.558373  294
53.561364  280
53.584106  284
53.585959  279
53.593015  284
53.618530  282
53.620603  287
53.622316  288
53.626960  285
53.632778  276
53.639974  294
53.645332  275
53.647924  289
53.654441  288
53.718826  281
53.720124  296
53.743882  232
53.747328  286
53.753805  231
53.765326  285
53.790012  259
53.819117  258
53.829200  282
53.848995  290
53.866553  254
53.886449  275
53.893106  286
53.913785  286
53.919407  288
53.921260  289
53.941010  292
53.971350  286
53.972983  285
53.981765  220
53.983618  270
53.989276  274
53.992946  218
54.003948  238
54.005506  237
54.010430  263
54.013002  210
54.020613  204
54.033213  259
54.035405  268
54.067203  267
54.068956  260
54.075273  259
54.090804  255
54.093076  254
54.094829  253
54.108822  262
54.119864  255
54.121557  251
54.134783  249
54.143573  262
54.148457  249
54.159439  262
54.170101  253
54.178236  244
54.180748  251
54.191135  247
54.196039  243
54.198631  249
54.202856  184
54.206087  238
54.207680  234
54.211732  238
54.224933  181
54.228683  238
54.234725  180
54.260479  213
54.278370  219
54.288078  219
54.290191  214
54.309328  208
54.312943  217
54.321453  214
54.323945  207
54.341983  198
54.357213  140
54.359066  199
54.365288  204
54.374497  144
54.386797  185
54.391302  200
54.397539  185
54.412012  136
54.416557  195
54.419129  189
54.421261  138
54.428058  196
54.434675  195
54.439579  163
54.445896  131
54.447929  133
54.450421  126
54.465268  181
54.467780  191
54.472684  124
54.481174  187
54.505078  186
54.507590  189
54.509243  187
54.521683  181
54.523955  180
54.525548  192
54.530612  185
54.541614  187
54.545878  187
54.548071  181
54.561726  176
54.569856  186
54.572328  169
54.579205  176
54.589847  188
54.591640  178
54.600049  116
54.602701  182
54.603980  181
54.610457  176
54.612190  176
54.614562  113
54.616834  107
54.623192  111
54.630508  176
54.637325  176
54.641530  125
54.648267  124
54.657157  123
54.679100  168
54.690922  169
54.700012  163
54.704517  167
54.718850  159
54.720548  165
54.723519  156
54.725152  147
54.761196  159
54.767139  158
54.769311  155
54.770884  91
54.785803  145
54.790508  153
54.794973  143
54.810001  144
54.812513  91
54.818331  88
54.827021  115
54.829014  113
54.831466  82
54.833659  81
54.842649  76
54.845061  129
54.851479  142
54.872692  130
54.881442  130
54.883455  132
54.890851  119
54.893103  117
54.908471  114
54.912596  118
54.918873  111
54.923058  116
54.927283  100
54.931248  106
54.935413  114
54.950640  110
54.952273  47
54.954905  112
54.961203  106
54.965188  45
54.969173  44
54.973538  45
54.975670  43
54.977643  44
54.982447  109
54.989085  42
55.004272  58
55.030049  54
55.056637  110
55.065487  43
55.069892  90
55.086092  84
55.107042  97
55.109514  94
55.113919  38
55.122768  83
55.127113  95
55.140527  84
55.142340  32
55.161182  61
55.175993  29
55.192678  95
55.211616  95
55.218134  91
55.223019  91
55.231729  38
55.272227  93
55.279404  102
55.286895  102
55.293092  35
55.300848  96
55.302541  32
55.309418  31
55.323092  94
55.327077  92
55.331322  29
55.344177  35
55.352587  38
55.439562  85
55.469816  94
55.482471  88
55.484544  96
55.492035  90
55.501004  99
55.548859  64
55.583953  95
55.622717  114
55.632620  114
55.643402  106
55.646848  125
55.681367  33
55.699086  54
55.721430  94
55.730380  68
55.765100  115
55.782246  127
55.789543  106
55.820377  111
55.851919  123
55.865334  112
55.871831  118
55.879602  92
55.899533  119
55.902105  127
55.905991  88
55.921486  66
55.926211  37
55.935161  73
55.942118  33
55.943971  83
55.957266  110
55.977541  113
56.000126  40
56.007897  128
56.013615  132
56.020392  139
56.028882  121
56.033067  142
56.039485  128
56.048394  129
56.060230  113
56.066767  57
56.068780  120
56.071232  53
56.080975  122
56.086993  59
56.105498  80
56.112255  117
56.114048  87
56.116440  128
56.138803  62
56.172209  141
56.184371  55
56.199985  114
56.212681  129
56.230841  127
56.277936  132
56.280308  60
56.297488  65
56.301733  134
56.312643  102
56.319480  61
56.321653  140
56.334069  109
56.335802  97
56.340546  145
56.342699  66
56.348517  137
56.350649  97
56.360592  108
56.367269  131
56.379984  139
56.385642  142
56.389667  140
56.415056  70
56.425918  146
56.430283  148
56.434408  146
56.436081  158
56.449065  144
56.453170  163
56.464073  148
56.471943  164
56.479854  149
56.483839  82
56.491111  150
56.496514  150
56.508469  152
56.512854  95
56.530732  106
56.534997  116
56.539822  171
56.541935  124
56.549431  134
56.551604  76
56.558321  117
56.570715  93
56.592606  93
56.599363  148
56.610305  100
56.615329  78
56.655736  152
56.684297  105
56.696644  151
56.705254  166
56.714483  93
56.724726  84
56.733897  119
56.738542  172
56.747212  168
56.751637  142
56.759867  107
56.761560  122
56.766484  112
56.769156  144
56.773321  158
56.777567  128
56.798526  161
56.824016  163
56.830314  164
56.841990  109
56.860748  169
56.864933  120
56.870931  175
56.873203  173
56.881713  190
56.892676  191
56.900486  174
56.924350  108
56.928835  110
56.930648  101
56.932581  109
56.946455  104
56.954545  98
56.956258  108
56.961602  114
56.979581  121
56.983926  118
56.985899  125
56.990304  148
56.994589  158
56.996422  129
57.008717  135
57.020578  120
57.032319  185
57.051932  173
57.060902  133
57.066360  122
57.083779  183
57.098412  117
57.122051  140
57.126496  116
57.148955  184
57.166569  190
57.177851  124
57.201175  140
57.207953  129
57.217483  126
57.230511  140
57.239980  168
57.243746  183
57.249904  145
57.264651  162
57.281711  190
57.288209  193
57.298612  194
57.334589  142
57.336422  145
57.345371  198
57.347344  156
57.354161  147
57.356174  167
57.358067  202
57.369608  177
57.384895  177
57.389040  147
57.400321  132
57.417401  132
57.419134  122
57.428163  135
57.436214  139
57.451198  146
57.462429  134
57.467294  165
57.471559  174
57.482841  180
57.492030  166
57.512176  166
57.514169  146
57.518913  201
57.528662  151
57.536673  169
57.545183  145
57.558877  215
57.596277  136
57.625514  172
57.655094  219
57.664463  146
57.677537  177
57.685068  184
57.703862  197
57.718302  165
57.720734  146
57.728025  221
57.729798  183
57.732190  208
57.733763  219
57.776872  243
57.793972  220
57.802522  156
57.808800  171
57.827733  173
57.829326  189
57.838795  166
57.840828  187
57.842981  193
57.856235  184
57.864545  163
57.874528  179
57.903916  194
57.914219  173
57.922809  188
57.933111  179
57.950171  192
57.951844  188
57.960014  174
57.966172  182
57.975361  193
57.989654  208
57.993479  202
58.036387  185
58.045337  188
58.060964  173
58.067222  194
58.075080  196
58.118047  199
58.124464  195
58.137739  207
58.168661  207
58.199894  218
58.205138  209
58.207071  176
58.218121  185
58.219874  214
58.221947  191
58.223760  198
58.233911  153
58.237716  240
58.250871  213
58.252524  179
58.254357  205
58.256649  244
58.266872  242
58.284551  216
58.287997  192
58.294714  220
58.310927  250
58.317005  250
58.333152  213
58.344796  216
58.354366  192
58.356479  212
58.365189  221
58.370148  205
58.375611  217
58.398949  194
58.414417  202
58.439787  204
58.455454  215
58.461872  203
58.468034  229
58.480387  201
58.485451  208
58.487943  209
58.489656  205
58.498086  216
58.500238  212
58.510342  214
58.512474  210
58.529254  219
58.533459  220
58.535991  277
58.548267  221
58.550860  217
58.611349  205
58.615934  221
58.672810  212
58.681940  221
58.687798  235
58.694555  223
58.709162  220
58.715700  228
58.731830  249
58.747375  224
58.765900  221
58.770325  215
58.783120  225
58.794462  191
58.796215  238
58.800160  220
58.804845  282
58.809250  217
58.813375  236
58.828391  225
58.841500  230
58.844052  230
58.863883  282
58.884655  248
58.891312  298
58.902075  222
58.907603  241
58.915613  251
58.921036  240
58.941682  253
58.946487  250
58.951491  223
58.993682  248
58.995335  239
58.997687  232
59.000179  225
59.020470  240
59.034478  227
59.038643  233
59.043068  234
59.047153  236
59.054944  241
59.059369  233
59.068659  241
59.085879  244
59.098040  233
59.113007  246
59.126082  239
59.143069  242
59.152298  253
59.156543  248
59.221952  235
59.260377  248
59.292756  258
59.294409  238
59.323248  237
59.325381  234
59.327314  251
59.333999  244
59.358201  253
59.360673  243
59.362646  234
59.373669  244
59.375981  255
59.398428  246
59.411247  241
59.426573  245
59.449324  254
59.451936  250
59.459033  259
59.468142  257
59.473900  244
59.485581  253
59.490585  248
59.497002  242
59.521757  242
59.548313  250
59.565178  229
59.567510  245
59.591331  249
59.600060  244
59.602532  241
59.604165  228
59.637650  251
59.644946  247
59.668787  241
59.673232  243
59.678196  244
59.691490  251
59.706003  246
59.717444  245
59.729172  251
59.779972  239
59.794324  231
59.796976  238
59.812088  240
59.834076  230
59.849902  225
59.861103  240
59.866047  235
59.867720  223
59.870312  231
59.879501  232
59.881933  231
59.889728  230
59.894672  235
59.897044  227
59.899736  228
59.906712  229
59.908904  232
59.912350  232
59.925933  234
59.936954  219
59.947101  232
59.980171  231
59.983062  234
59.992350  234
59.996100  228
59.998572  234
