# t(s) QueuingDelay(ms)
10.137246  0
10.160305  0
10.184022  1
10.190120  3
10.204527  2
10.215097  9
10.232257  5
10.255554  5
10.262132  18
10.272474  16
10.284370  22
10.289035  29
10.307095  26
10.309527  30
10.312019  43
10.313932  33
10.317897  49
10.330192  62
10.342347  39
10.353629  49
10.357435  51
10.360107  49
10.374315  65
10.400554  67
10.403046  82
10.430461  92
10.441483  83
10.447828  99
10.456598  101
10.458291  87
10.462856  101
10.473698  93
10.477663  96
10.481748  102
10.490632  102
10.509809  98
10.518166  98
10.543297  104
10.551207  95
10.564222  111
10.571873  126
10.577057  133
10.631897  121
10.641860  131
10.644392  133
10.651049  136
10.655218  165
10.667973  174
10.669786  133
10.702133  136
10.711143  159
10.725371  164
10.739850  171
10.764567  179
10.789509  26
10.812966  174
10.814719  100
10.845133  109
10.851751  183
10.868172  190
10.870404  201
10.877381  253
10.889957  116
10.902143  282
10.906388  209
10.915177  218
10.919602  289
10.921295  312
10.934150  294
10.941492  290
10.998024  293
11.000716  117
11.013971  302
11.031231  133
11.044266  307
11.046239  132
11.058168  204
11.063477  315
11.071767  323
11.086615  203
11.090780  192
11.094845  127
11.096578  188
11.190624  121
11.202146  171
11.234294  125
11.243104  171
11.244957  131
11.260404  134
11.262077  164
11.275656  136
11.282533  173
11.293815  184
11.308862  208
11.348686  176
11.353191  142
11.363774  186
11.368059  150
11.372843  191
11.459313  167
11.466884  4
11.500774  219
11.518608  184
11.525737  219
11.533176  232
11.537441  196
11.541466  221
11.549062  214
11.554980  215
11.557152  233
11.563390  244
11.570847  221
11.574513  230
11.587535  258
11.594572  237
11.599596  252
11.601169  258
11.630809  250
11.648574  265
11.674284  271
11.678929  278
11.695469  272
11.701507  3
11.708404  287
11.714542  295
11.716135  9
11.743331  305
11.745144  23
11.760532  313
11.773167  314
11.781877  57
11.790307  327
11.820162  298
11.906621  100
11.912979  305
11.916805  259
11.918598  117
11.949928  138
11.952041  310
11.961070  252
11.974085  324
11.999575  310
12.007666  316
12.014483  375
12.020352  358
12.021965  381
12.023718  11
12.027883  335
12.038165  435
12.040098  370
12.043963  408
12.050001  39
12.056318  431
12.065089  398
12.075511  427
12.086960  47
12.089332  412
12.099435  164
12.105413  419
12.132722  427
12.139080  170
12.161504  183
12.173166  432
12.198882  186
12.213902  431
12.222752  256
12.224365  11
12.243285  12
12.268542  441
12.283030  201
12.310831  448
12.324066  457
12.326438  261
12.339846  465
12.347917  483
12.356178  486
12.373656  488
12.502491  491
12.552839  516
12.554992  18
12.564855  570
12.567167  306
12.569220  39
12.599006  582
12.608315  61
12.638757  371
12.651512  585
12.675550  420
12.690757  611
12.699921  640
12.707497  478
12.715447  482
12.721594  516
12.726618  671
12.732327  643
12.733900  201
12.738045  647
12.755924  214
12.767286  274
12.780042  47
12.785447  381
12.798322  375
12.811117  375
12.813329  73
12.836338  636
12.851085  369
12.857503  417
12.863681  179
12.915607  180
12.926380  368
12.936224  636
12.995508  421
13.106984  84
13.140371  4
13.203571  428
13.244962  5
13.247314  588
13.266966  591
13.299777  598
13.301929  448
13.316137  89
13.323868  623
13.344020  450
13.346153  625
13.371393  465
13.402722  99
13.405094  639
13.451635  657
13.475687  371
13.501716  121
13.510306  396
13.511919  669
13.544352  437
13.587690  182
13.596380  441
13.601798  467
13.643211  224
13.674131  459
13.740330  247
13.756956  466
13.768763  262
13.789674  500
13.830820  19
13.858663  33
13.890037  142
13.892230  26
13.896056  43
13.902813  293
13.988707  52
14.032236  126
14.054785  196
14.069053  108
14.071006  141
14.077763  221
14.099369  522
14.139814  151
14.174374  674
14.193306  733
14.209946  11
14.214651  758
14.255310  227
14.277175  704
14.307250  32
14.308843  534
14.315540  709
14.317173  680
14.338178  41
14.343442  240
14.345515  819
14.354524  694
14.366401  492
14.372898  737
14.423004  555
14.449373  570
14.488836  645
14.511855  637
14.532467  494
14.575627  551
14.596498  566
14.617693  704
14.682575  373
14.711017  387
14.736107  734
14.738080  254
14.747229  682
14.780236  117
14.798830  262
14.814677  397
14.816710  723
14.850031  138
14.863735  246
14.906346  253
14.935101  150
14.938547  806
14.984769  262
15.046699  695
15.068052  255
15.090276  6
15.099784  782
15.128960  856
15.160647  120
15.167505  863
15.182353  50
15.213247  342
15.274710  209
15.355765  144
15.367227  218
15.389831  278
15.399774  846
15.407964  823
15.421339  873
15.424665  417
15.469927  710
15.473333  845
15.475006  420
15.520129  352
15.564360  429
15.570119  385
15.614994  509
15.648045  712
15.650277  532
15.668086  589
15.672111  874
15.698784  1001
15.717022  549
15.736461  748
15.830927  803
15.844700  753
15.860411  263
15.882300  430
15.910446  109
15.939653  908
16.000983  903
16.027251  2
16.033768  351
16.041196  875
16.082664  385
16.086829  733
16.133010  150
16.138173  913
16.155874  362
16.180868  249
16.195899  918
16.273103  275
16.289687  432
16.305732  288
16.329233  310
16.382944  316
16.400434  143
16.423315  431
16.430551  180
16.447116  767
16.497131  723
16.507243  532
16.532966  368
16.774296  726
16.806312  811
16.807905  851
16.812010  837
16.814422  1014
16.833238  724
16.846903  657
16.849375  657
16.851787  768
16.863927  1031
16.873995  635
16.880811  299
16.884876  1094
16.886629  627
16.904532  622
16.909316  620
16.910989  107
16.913441  592
16.915014  1353
16.970659  368
17.023183  772
17.040259  782
17.048969  784
17.066280  33
17.071124  433
17.079454  350
17.089701  129
17.092875  219
17.100391  373
17.116495  355
17.118428  725
17.127941  475
17.129874  375
17.139162  231
17.156685  470
17.167491  928
17.171516  179
17.186778  230
17.210028  202
17.212640  202
17.223067  441
17.233669  232
17.240805  737
17.257138  739
17.262022  224
17.300399  444
17.310047  443
17.322107  321
17.326112  440
17.348783  320
17.358515  379
17.383064  441
17.401846  198
17.420029  196
17.422301  326
17.424873  195
17.437053  384
17.453302  445
17.462003  196
17.478397  449
17.486093  449
17.490885  777
17.500373  376
17.515085  734
17.519310  376
17.523954  536
17.566549  539
17.579213  740
17.585211  778
17.586944  781
17.589855  743
17.594000  788
17.608772  788
17.615689  384
17.617322  545
17.621906  788
17.638970  743
17.645026  744
17.697626  745
17.699259  458
17.704722  748
17.720168  449
17.722001  449
17.727724  784
17.731370  783
17.738341  781
17.752278  523
17.777800  766
17.780012  722
17.784736  524
17.815805  525
17.835602  985
17.846628  526
17.851332  524
17.854024  524
17.856536  766
17.858194  982
17.860846  721
17.863458  523
17.868502  718
17.875398  521
17.880582  980
17.883114  348
17.885566  518
17.888278  344
17.893162  707
17.895714  510
17.905302  95
17.922346  344
17.923919  343
17.927944  337
17.931634  87
17.938810  337
17.942775  330
17.949891  83
17.955694  344
17.960498  408
17.989884  83
17.998294  343
18.000746  407
18.007283  402
18.028416  395
18.033959  334
18.038144  182
18.040037  181
18.041610  392
18.046394  316
18.062719  180
18.067223  325
18.074599  315
18.076432  390
18.078005  314
18.079598  314
18.090923  689
18.108442  179
18.117691  2
18.120957  0
18.123828  313
18.131299  886
18.136243  165
18.144697  161
18.146270  170
18.149181  160
18.151753  159
18.154065  158
18.155838  317
18.184723  684
18.198496  175
18.200748  386
18.208703  264
18.211415  261
18.215540  153
18.231920  375
18.239076  244
18.241987  364
18.249383  361
18.253548  232
18.257873  353
18.260305  231
18.280940  294
18.293040  293
18.310124  289
18.312656  351
18.317899  288
18.319592  99
18.321505  99
18.324576  98
18.327008  229
18.332172  286
18.335383  228
18.337056  97
18.338729  227
18.345825  96
18.348676  227
18.354654  95
18.360057  281
18.376406  345
18.384170  93
18.393219  343
18.396705  340
18.400930  339
18.412050  270
18.448736  444
18.465316  443
18.485436  438
18.493012  268
18.495344  262
18.505831  249
18.508263  410
18.520195  183
18.534228  293
18.538313  289
18.552166  282
18.567998  156
18.575673  277
18.590025  834
18.596562  363
18.599114  361
18.607588  355
18.614624  349
18.620087  347
18.634067  338
18.635760  322
18.638651  320
18.641857  314
18.652004  557
18.656273  312
18.658006  312
18.673465  771
18.675857  138
18.677530  311
18.679962  137
18.685066  309
18.689790  135
18.691543  308
18.694075  0
18.696607  135
18.711220  134
18.722721  134
18.741119  144
18.746003  208
18.754393  143
18.764421  138
18.779867  201
18.786284  201
18.787877  198
18.789690  183
18.792102  117
18.794454  0
18.799418  180
18.802010  101
18.815403  107
18.817855  89
18.819588  165
18.825246  87
18.831543  82
18.833276  95
18.848486  639
18.851078  0
18.868656  72
18.886838  117
18.893315  115
18.896761  407
18.903867  0
18.921246  112
18.936952  109
18.965337  44
18.969522  105
18.976379  42
18.991585  40
18.993418  103
18.997623  39
19.000075  0
19.031625  3
19.034077  4
19.041253  6
19.042946  6
19.050896  1
19.061198  0
19.082307  103
19.084839  101
19.090502  37
19.139161  210
19.187246  218
19.195780  45
19.197673  51
19.200125  211
19.207341  5
19.238543  100
19.240136  0
19.241909  88
19.244221  85
19.250469  646
19.254714  177
19.273176  178
19.274769  173
19.289196  158
19.291628  400
19.301331  606
19.313810  0
19.336017  0
19.337630  13
19.358998  2
19.361650  0
19.398145  0
19.402340  6
19.408817  3
19.427455  8
19.438517  512
19.447426  8
19.463751  0
19.480036  3
19.481769  9
19.484121  3
19.485834  306
19.496696  0
19.502179  5
19.509115  2
19.510728  0
19.734608  471
19.764806  0
19.769670  239
19.788547  465
19.838593  0
19.876344  360
19.924645  156
20.130277  379
20.134082  376
20.166274  158
20.183911  374
20.261379  307
20.271182  307
20.276410  2
20.293037  10
20.295469  13
20.303444  11
20.354113  133
20.374157  5
20.383238  28
20.390514  30
20.395458  44
20.397471  52
20.404175  53
20.406527  51
20.408799  47
20.410492  46
20.417049  3
20.418722  1
20.423406  41
20.515539  1
20.694211  10
20.708574  2
20.717524  21
20.737456  5
20.743534  60
20.755494  8
20.757627  44
20.764604  8
20.766717  119
20.782543  72
20.784356  130
20.798070  4
20.806200  135
20.808832  34
20.815269  42
20.817721  143
20.820033  145
20.825551  143
20.866243  133
20.914665  21
20.916997  115
20.923274  22
20.930531  24
20.956761  62
20.974915  107
20.985737  88
21.037556  416
21.061514  436
21.071677  66
21.163694  107
21.258388  478
21.340904  121
21.353239  145
21.385665  170
21.392170  142
21.397114  185
21.399666  193
21.401707  195
21.404039  191
21.451281  234
21.471032  281
21.493060  82
21.497924  183
21.576827  116
21.599895  174
21.731267  96
21.808257  415
21.850187  479
21.856844  144
21.880775  190
21.882628  508
21.902401  152
21.913843  137
21.915536  212
21.933076  176
21.949097  193
21.970451  180
21.975275  179
21.981892  245
21.987550  221
22.006129  248
22.022949  186
22.052209  257
22.068929  128
22.094288  546
22.111872  287
22.198622  602
22.200335  162
22.202028  261
22.215494  179
22.225126  183
22.247091  251
22.250677  215
22.261959  257
22.275393  238
22.299311  258
22.363215  595
22.450609  97
22.461162  284
22.497653  236
22.566142  486
22.583781  266
22.617602  280
22.623700  711
22.632410  610
22.649450  309
22.655747  347
22.660012  201
22.680302  311
22.697203  277
22.699116  329
22.708425  309
22.753341  315
22.780692  234
22.783044  566
22.789302  236
22.793926  345
22.867566  165
22.871571  661
22.898684  384
23.015573  132
23.072369  334
23.094628  315
23.105070  316
23.130821  338
23.167133  340
23.227956  677
23.318627  133
23.396859  220
23.401224  334
23.415891  483
23.423128  554
23.431598  342
23.435943  557
23.443818  563
23.448659  563
23.496689  578
23.530669  714
23.534634  336
23.540952  353
23.571226  723
23.579796  359
23.586253  850
23.612317  478
23.623044  451
23.641486  482
23.643758  347
23.658599  558
23.663303  487
23.673351  546
23.690076  563
23.716469  469
23.745288  661
23.747720  347
23.790673  547
23.797864  906
23.802069  751
23.814529  179
23.835462  417
23.896553  570
23.902755  272
23.910151  373
23.919399  557
23.960584  634
24.030168  179
24.076706  454
24.089814  567
24.093304  455
24.105632  549
24.138744  485
24.180844  574
24.238670  847
24.290262  582
24.341201  562
24.409861  568
24.423262  390
24.436590  500
24.441734  676
24.452540  572
24.481529  769
24.575547  915
24.593746  572
24.639119  574
24.655543  623
24.672347  597
24.674779  626
24.677171  622
24.679423  626
24.689551  615
24.718555  849
24.731684  572
24.741452  624
24.748309  349
24.810142  615
24.821344  489
24.840461  498
24.852702  576
24.865109  562
24.878937  855
24.884400  533
24.894051  515
24.896403  877
24.908024  506
24.921678  881
24.927297  302
24.941310  464
24.984085  488
24.993633  484
24.998397  481
25.013364  495
25.022433  279
25.029904  484
25.042798  479
25.044711  484
25.069940  814
25.086420  384
25.089112  382
25.091744  370
25.093956  362
25.097127  366
25.103365  357
25.105737  341
25.109529  319
25.111462  318
25.114633  308
25.116326  304
25.118039  285
25.120591  283
25.122923  280
25.125475  277
25.134046  538
25.136458  586
25.150551  218
25.167685  566
25.173583  196
25.179980  556
25.181613  192
25.188929  550
25.195166  184
25.204914  185
25.217988  178
25.225173  173
25.227745  175
25.229418  175
25.232649  171
25.236654  163
25.244657  448
25.251174  140
25.260093  139
25.264877  103
25.268103  98
25.285007  89
25.286700  82
25.288273  458
25.290705  59
25.303944  184
25.307155  78
25.308748  183
25.311914  74
25.324254  91
25.350468  394
25.355712  78
25.359897  442
25.371098  78
25.382010  68
25.388687  68
25.395224  67
25.431800  35
25.440889  65
25.450099  38
25.451812  40
25.462354  69
25.472217  66
25.475028  60
25.498370  73
25.516703  434
25.547285  73
25.551056  73
25.562397  63
25.573199  361
25.579716  421
25.592391  57
25.602619  422
25.606364  49
25.612842  411
25.620179  410
25.631441  51
25.637718  53
25.644635  43
25.646748  39
25.650953  43
25.655597  39
25.657350  41
25.660281  338
25.667378  36
25.674315  34
25.679459  23
25.698179  27
25.700711  399
25.705076  126
25.707249  396
25.709442  28
25.724135  26
25.733244  24
25.737689  33
25.742453  32
25.762739  334
25.764652  129
25.769576  128
25.770455  389
25.782981  25
25.791571  22
25.831954  0
25.851854  9
25.862616  3
25.866941  6
25.868634  6
25.889166  10
25.907586  374
25.943546  7
25.945599  2
25.964077  116
25.976279  325
25.986382  10
26.009459  375
26.011512  12
26.013525  371
26.029631  9
26.057119  319
26.059491  16
26.072925  9
26.098095  11
26.137557  116
26.152624  12
26.178213  8
26.184351  6
26.199418  5
26.258749  6
26.295648  372
26.334972  9
26.370691  10
26.376729  1
26.395162  360
26.401180  0
26.429047  14
26.444974  162
26.471024  10
26.527773  7
26.540468  7
26.544993  115
26.547105  6
26.569903  113
26.583964  10
26.622116  6
26.682125  2
26.693421  379
26.725718  10
26.734547  10
26.739595  7
26.764131  12
26.772521  19
26.785336  20
26.791274  382
26.808773  13
26.824859  3
26.849774  17
26.875004  17
26.881761  21
26.930054  16
26.956023  21
26.964633  12
26.976295  30
26.980400  28
27.047865  20
27.072416  24
27.117131  384
27.144952  21
27.170902  26
27.177959  34
27.186269  33
27.203528  376
27.213691  402
27.243651  13
27.320204  40
27.335372  33
27.379807  27
27.381840  409
27.390989  117
27.393142  29
27.403185  16
27.418912  31
27.420705  60
27.425649  61
27.427222  133
27.433819  396
27.438623  62
27.449905  61
27.454190  13
27.464253  16
27.480699  15
27.486677  24
27.522015  176
27.536893  322
27.566806  26
27.609805  41
27.625412  42
27.647417  68
27.658359  83
27.662064  68
27.666769  86
27.668822  82
27.682480  432
27.695347  20
27.703263  402
27.707788  47
27.712013  436
27.717781  46
27.722645  403
27.724458  43
27.739965  45
27.752400  56
27.761549  50
27.768126  178
27.772251  57
27.787158  27
27.789011  92
27.792816  333
27.794429  84
27.798934  60
27.809697  57
27.844949  51
27.856270  442
27.860914  161
27.865339  68
27.867072  455
27.882439  63
27.889016  78
27.898965  89
27.907076  89
27.920110  92
27.924255  418
27.930732  92
27.939062  93
27.944960  69
27.951418  61
28.017920  80
28.019833  195
28.071397  70
28.073150  465
28.108442  97
28.127000  85
28.135610  88
28.152170  94
28.154582  109
28.168156  114
28.170249  97
28.176986  62
28.181171  119
28.185476  91
28.191414  94
28.206462  452
28.217185  459
28.231418  97
28.237236  361
28.241681  100
28.263645  90
28.276527  217
28.295867  382
28.304097  108
28.308822  92
28.319225  123
28.322775  97
28.342501  99
28.359526  86
28.375472  476
28.377485  110
28.396963  484
28.414637  94
28.418842  104
28.420415  87
28.427040  121
28.437403  194
28.446592  150
28.451177  462
28.466294  152
28.478462  156
28.486513  100
28.489524  102
28.499607  124
28.516253  232
28.526316  160
28.530341  102
28.556750  397
28.576142  117
28.577935  250
28.580367  115
28.595894  102
28.642409  127
28.647233  105
28.673063  147
28.674756  198
28.693394  175
28.705075  111
28.742621  186
28.744594  126
28.748939  116
28.755236  186
28.760240  499
28.773889  469
28.778594  129
28.784177  510
28.795541  268
28.810398  114
28.817235  175
28.837007  304
28.854806  421
28.861023  133
28.865288  124
28.869853  125
28.871546  175
28.878817  119
28.885753  175
28.907404  169
28.924983  157
28.935231  541
28.944201  174
28.951258  144
28.953411  542
28.957835  168
28.959488  157
28.968757  156
28.979028  229
29.000793  503
29.015166  138
29.016959  156
29.021404  295
29.043022  148
29.045913  151
29.056635  146
29.065344  151
29.071581  161
29.086669  171
29.117423  155
29.140666  519
29.160638  165
29.181683  162
29.194418  157
29.220447  517
29.227683  166
29.246877  142
29.266215  166
29.278331  167
29.293805  172
29.303361  179
29.310059  179
29.314344  179
29.320382  459
29.336823  176
29.364985  180
29.398652  177
29.445041  180
29.449226  244
29.470731  180
29.483407  181
29.528185  534
29.539905  545
29.567803  184
29.577995  258
29.587483  204
29.599863  530
29.612879  297
29.664417  215
29.683807  206
29.686359  211
29.723208  168
29.724841  329
29.793448  554
29.806881  186
29.817977  207
29.830177  223
29.839226  171
29.844090  219
29.848235  165
29.863561  187
29.904541  207
29.908107  220
29.921960  571
29.926085  178
29.941132  543
29.948428  190
29.954526  331
29.964094  545
29.968239  185
29.986972  203
29.994049  192
30.009742  349
30.021663  195
30.029866  486
30.035604  208
30.045312  203
30.055380  198
30.058706  205
30.070146  208
30.086179  188
30.091722  202
30.107527  208
30.113844  572
30.137026  207
30.148260  564
30.162077  204
30.201876  212
30.216950  201
30.231177  206
30.246963  499
30.258962  518
30.260735  214
30.266258  212
30.273794  218
30.297696  209
30.300048  218
30.388699  291
30.401873  580
30.446184  222
30.459299  221
30.472578  211
30.479974  212
30.490876  240
30.525638  225
30.530083  239
30.534508  238
30.540206  236
30.546329  213
30.565826  210
30.574703  356
30.577135  589
30.579607  212
30.590409  221
30.605999  311
30.620959  368
30.622912  373
30.630868  221
30.643263  219
30.646474  227
30.649900  223
30.653286  221
30.661840  225
30.681644  226
30.704946  232
30.707558  221
30.722530  212
30.724323  211
30.725896  577
30.730520  208
30.736238  200
30.737911  185
30.742755  185
30.749951  183
30.763185  181
30.774693  540
30.779897  323
30.788606  175
30.791158  169
30.798289  177
30.818903  486
30.823228  183
30.825600  484
30.839214  181
30.849836  169
30.859065  177
30.893967  177
30.906403  171
30.950362  278
30.959745  173
30.973363  549
30.991540  174
30.994471  174
31.029010  171
31.033235  175
31.042144  174
31.059827  178
31.066704  172
31.086595  170
31.095125  170
31.099989  167
31.102141  166
31.111669  529
31.119025  169
31.121357  314
31.128414  529
31.130826  166
31.150382  172
31.154387  166
31.156859  268
31.158432  163
31.176434  155
31.178726  160
31.183830  465
31.188215  154
31.190687  160
31.197324  165
31.209305  159
31.213211  150
31.219528  146
31.221141  154
31.222814  144
31.228544  154
31.235601  149
31.237733  148
31.246902  154
31.262157  156
31.264649  526
31.266342  154
31.271166  523
31.283109  143
31.288333  137
31.290585  137
31.300014  504
31.302306  503
31.311002  286
31.315127  140
31.316840  135
31.318413  139
31.325709  142
31.340382  442
31.351264  131
31.360054  138
31.362746  136
31.367550  128
31.371755  152
31.384877  141
31.411264  132
31.429870  138
31.443764  137
31.469442  235
31.482161  137
31.493242  505
31.499939  500
31.515573  134
31.522350  137
31.546280  126
31.548392  132
31.558240  129
31.560952  136
31.574321  130
31.587839  127
31.592504  123
31.602173  271
31.610583  124
31.612676  122
31.623208  490
31.634590  131
31.638495  131
31.645092  129
31.665491  135
31.670535  131
31.673067  233
31.692920  126
31.696486  131
31.699018  436
31.703143  124
31.707548  128
31.710000  132
31.714205  110
31.720103  110
31.721896  120
31.734111  107
31.747564  103
31.752448  470
31.756533  105
31.758706  95
31.776348  454
31.778041  454
31.783724  233
31.789302  79
31.791574  78
31.806047  384
31.814237  383
31.820115  72
31.829563  72
31.838013  77
31.844131  67
31.874490  81
31.887446  84
31.932499  179
31.942007  74
31.950897  443
31.957342  176
31.959454  438
31.961047  72
31.963699  432
31.970276  218
31.972648  67
31.994231  61
31.995944  64
32.000617  64
32.007414  372
32.018776  72
32.020509  65
32.050503  66
32.053115  60
32.054728  56
32.063957  53
32.068562  46
32.100433  55
32.105337  50
32.132326  354
32.141123  47
32.157783  47
32.182658  53
32.184471  50
32.190589  423
32.203484  46
32.216978  417
32.219510  197
32.237389  54
32.283322  64
32.315609  46
32.342578  46
32.350389  384
32.352921  112
32.356507  10
32.359139  374
32.365577  156
32.370521  8
32.392248  10
32.399245  22
32.416700  9
32.418333  15
32.438399  12
32.444736  9
32.447248  6
32.467800  10
32.480515  16
32.484680  15
32.494712  14
32.502733  12
32.522126  7
32.526591  316
32.532828  6
32.535240  7
32.546321  0
32.553857  12
32.566462  9
32.589744  382
32.620218  154
32.627009  305
32.640643  301
32.644848  0
32.664128  0
32.699026  0
32.723652  360
32.732222  85
32.736707  132
32.739993  350
32.749262  0
32.759665  0
32.818988  0
32.843179  0
32.858646  0
32.904376  298
32.924127  0
32.925880  3
32.986929  5
32.988662  7
33.056689  13
33.088682  29
33.126951  360
33.130957  6
33.155952  1
33.178158  32
33.180171  15
33.204508  34
33.220355  37
33.241980  38
33.252822  5
33.277598  20
33.300487  0
33.313282  311
33.326417  32
33.328410  7
33.333215  33
33.338319  2
33.340551  3
33.344856  34
33.365247  6
33.391756  370
33.402298  372
33.413160  388
33.419997  142
33.428767  320
33.433632  148
33.446327  321
33.453105  33
33.455617  328
33.474497  23
33.486692  5
33.525036  26
33.544269  398
33.557787  32
33.575031  363
33.576784  158
33.584914  27
33.609386  39
33.612078  48
33.631398  28
33.637636  56
33.650750  62
33.664684  29
33.678259  66
33.684397  31
33.695919  25
33.702536  42
33.718736  60
33.725254  62
33.751883  34
33.753716  330
33.771815  64
33.782277  46
33.788415  64
33.793239  68
33.799996  375
33.803942  28
33.814624  32
33.822640  6
33.857966  41
33.859719  40
33.872514  169
33.887502  334
33.903783  356
33.915897  412
33.922334  80
33.924946  361
33.930170  46
33.994170  47
34.000108  119
34.003874  66
34.008998  436
34.020993  72
34.029083  72
34.030776  194
34.040624  61
34.053030  125
34.057255  23
34.061300  77
34.065665  89
34.086140  67
34.089965  88
34.094769  41
34.128022  48
34.147454  62
34.153612  68
34.155645  63
34.171359  67
34.193423  84
34.209332  93
34.216588  375
34.219280  70
34.251253  88
34.259923  76
34.267159  91
34.276968  56
34.279061  99
34.285259  155
34.289624  72
34.316947  82
34.319100  99
34.328469  440
34.330202  100
34.334927  66
34.348622  209
34.375893  377
34.388349  211
34.397695  425
34.401720  431
34.410050  385
34.444140  109
34.471102  95
34.498075  80
34.503219  458
34.515959  100
34.525108  77
34.532005  99
34.538323  432
34.542608  79
34.553990  169
34.563518  110
34.565171  78
34.567283  113
34.584263  87
34.593971  129
34.603341  131
34.609339  83
34.619643  137
34.634869  92
34.636462  394
34.650155  140
34.668062  91
34.690845  100
34.703940  121
34.723766  135
34.734609  100
34.754730  118
34.763579  235
34.767545  140
34.769717  113
34.774701  171
34.781918  134
34.784110  130
34.792780  129
34.794413  148
34.809301  116
34.813966  100
34.820164  140
34.844580  149
34.846613  465
34.848945  149
34.855702  479
34.861680  83
34.870010  243
34.876348  112
34.880393  408
34.882965  499
34.892215  426
34.902898  262
34.907882  141
34.914159  459
34.927254  434
34.938016  119
34.945053  130
34.991154  141
34.995759  96
34.997952  194
35.007002  116
35.051311  272
35.055336  121
35.061993  474
35.079056  101
35.082961  217
35.085553  144
35.087406  124
35.091431  150
35.105879  138
35.114623  150
35.129280  152
35.134898  439
35.144407  139
35.163960  156
35.166112  142
35.185812  164
35.195735  150
35.206238  139
35.208610  148
35.239512  161
35.259085  165
35.280390  152
35.289586  137
35.310109  151
35.329047  153
35.331179  144
35.333372  229
35.335345  160
35.339610  166
35.347086  175
35.376747  168
35.388169  178
35.406287  180
35.413698  501
35.420475  141
35.434050  439
35.449640  442
35.479210  493
35.487920  183
35.490212  463
35.497189  184
35.505240  189
35.555447  165
35.562604  177
35.582457  536
35.593300  545
35.598104  170
35.621413  138
35.625518  317
35.641628  157
35.650178  142
35.654043  188
35.663732  160
35.670589  144
35.674015  159
35.684957  190
35.691734  476
35.704409  152
35.733757  164
35.749523  167
35.751176  172
35.757440  188
35.764057  178
35.774220  174
35.806332  169
35.808065  178
35.821799  173
35.826583  528
35.833501  477
35.841831  182
35.846136  239
35.857485  146
35.862504  181
35.873230  186
35.901191  270
35.905636  157
35.918457  181
35.930018  175
35.935002  191
35.960511  545
35.974623  545
35.981600  183
36.020314  319
36.032809  188
36.053403  481
36.090693  189
36.105820  184
36.120282  179
36.135976  182
36.142822  542
36.169883  315
36.200832  181
36.210441  273
36.226493  193
36.231178  180
36.265561  187
36.267554  189
36.314677  178
36.328310  180
36.335027  186
36.361520  187
36.365545  182
36.385220  181
36.387512  476
36.389684  178
36.392256  180
36.396601  259
36.403937  169
36.430119  189
36.456173  179
36.458305  181
36.492169  181
36.495684  193
36.501862  183
36.503535  195
36.520479  189
36.552534  188
36.574195  543
36.575788  478
36.588702  530
36.596557  484
36.598829  185
36.611029  189
36.621297  189
36.628114  188
36.638996  188
36.641248  182
36.677398  183
36.690258  196
36.703338  547
36.705950  187
36.709895  546
36.717351  195
36.719883  308
36.734116  527
36.739340  522
36.743165  168
36.744898  303
36.750221  256
36.755165  255
36.760529  170
36.766147  150
36.769333  160
36.804443  165
36.807769  170
36.831170  177
36.839165  177
36.843769  171
36.854791  164
36.857882  172
36.860673  165
36.863899  171
36.867070  160
36.868943  164
36.872094  162
36.894937  164
36.901426  164
36.924891  166
36.934859  255
36.941656  294
36.949966  160
36.952638  158
36.956593  156
36.968553  156
36.971245  156
36.976249  157
36.982607  163
36.985279  160
36.987711  157
36.994108  155
37.005250  155
37.007762  155
37.022135  154
37.024747  165
37.026959  154
37.029631  154
37.048089  162
37.052374  149
37.055305  509
37.071497  149
37.075542  151
37.082799  281
37.086864  433
37.099284  489
37.101576  271
37.108373  135
37.114790  486
37.117082  486
37.119654  134
37.123759  133
37.125632  428
37.134861  132
37.146449  143
37.150694  135
37.162922  130
37.173513  221
37.178517  132
37.180150  133
37.184135  132
37.193224  138
37.204653  128
37.207939  120
37.209612  482
37.213737  132
37.216269  256
37.220154  464
37.224199  463
37.229582  112
37.232254  247
37.236059  202
37.247005  122
37.252044  107
37.254396  112
37.264963  118
37.271760  104
37.288589  112
37.303386  119
37.305079  404
37.309044  112
37.311895  114
37.338899  110
37.341171  108
37.349326  106
37.364892  106
37.377912  102
37.397463  98
37.399815  96
37.404987  98
37.407479  98
37.409931  89
37.414236  95
37.416948  93
37.418961  92
37.421253  90
37.423705  90
37.425438  89
37.427291  96
37.429563  86
37.434268  87
37.445275  91
37.447927  90
37.450039  84
37.452611  88
37.459069  80
37.474715  77
37.476348  87
37.482605  84
37.491574  77
37.498091  425
37.505986  67
37.507699  425
37.515699  70
37.521597  200
37.526661  362
37.528234  361
37.543233  422
37.556807  420
37.559299  420
37.584914  62
37.586507  73
37.590932  66
37.593085  67
37.604206  67
37.609510  57
37.612182  59
37.628268  70
37.640728  70
37.642621  417
37.646826  69
37.650017  195
37.653643  411
37.663831  193
37.670398  150
37.678788  67
37.686863  65
37.692127  58
37.708394  53
37.712319  64
37.720289  65
37.722681  60
37.732150  64
37.735061  352
37.746889  58
37.755359  62
37.768233  55
37.771304  58
37.773596  51
37.777442  54
37.818224  45
37.822069  46
37.826534  47
37.828786  40
37.831478  53
37.844973  52
37.849757  54
37.853902  59
37.874092  149
37.942269  54
37.949506  186
37.951099  347
37.963693  398
37.968917  185
37.976214  51
37.983311  45
37.990928  43
37.997226  43
38.001251  40
38.008148  38
38.014605  27
38.027580  372
38.033638  144
38.037823  362
38.041968  140
38.046413  88
38.061959  8
38.064112  0
38.087263  0
38.095673  282
38.102091  0
38.106176  0
38.116699  0
38.126088  0
38.150366  0
38.162681  0
38.171311  0
38.190703  332
38.195287  0
38.202938  322
38.204671  0
38.208476  7
38.211902  106
38.293919  328
38.296032  102
38.303728  268
38.351456  3
38.364991  322
38.369556  95
38.373681  314
38.379339  49
38.443894  0
38.473213  0
38.524121  320
38.630232  257
38.663772  5
38.665445  95
38.670883  7
38.679432  12
38.694639  17
38.696592  1
38.702890  14
38.708828  97
38.711200  314
38.717638  98
38.744567  0
38.752718  4
38.760928  7
38.802371  19
38.831368  31
38.851019  31
38.852612  18
38.862201  26
38.865587  11
38.888238  7
38.894855  34
38.911255  101
38.913467  11
38.934815  8
38.953593  8
38.959511  27
38.973398  33
38.986203  10
38.993040  320
39.027365  36
39.039469  101
39.050820  37
39.059830  17
39.068280  39
39.070033  23
39.077110  122
39.081535  327
39.087752  125
39.098355  50
39.104873  61
39.115496  21
39.119741  28
39.128171  29
39.137580  6
39.142264  7
39.156851  12
39.167674  10
39.176364  36
39.187686  41
39.191712  42
39.195278  54
39.211124  24
39.220134  52
39.235201  36
39.237613  26
39.245943  340
39.250747  46
39.258898  37
39.265316  50
39.282695  130
39.299275  9
39.301308  30
39.333675  36
39.337960  13
39.357532  39
39.370272  344
39.383706  18
39.389704  258
39.408837  287
39.413202  33
39.417467  131
39.428829  51
39.445889  53
39.448061  40
39.455238  132
39.461755  353
39.466679  139
39.470744  336
39.483060  85
39.496754  47
39.502173  47
39.504765  41
39.514553  37
39.517225  51
39.521710  33
39.548482  34
39.552487  54
39.577023  65
39.585700  67
39.598336  45
39.600429  62
39.608659  46
39.610312  55
39.619601  59
39.624146  47
39.632896  39
39.663164  25
39.665756  344
39.674625  73
39.692838  44
39.700868  41
39.705173  88
39.722419  43
39.735273  34
39.741591  47
39.745976  42
39.753272  64
39.756978  48
39.763895  70
39.769833  363
39.787872  69
39.797795  290
39.801960  144
39.819541  303
39.826518  147
39.837820  71
39.856118  76
39.865362  62
39.869807  29
39.875190  52
39.882386  151
39.884019  367
39.892909  168
39.905525  93
39.912481  95
39.920132  60
39.924776  73
39.926909  85
39.937052  64
39.939604  71
39.945862  54
39.962822  55
39.979248  57
39.981341  75
39.997069  104
40.003886  88
40.008351  112
40.014509  113
40.020987  90
40.033017  109
40.035150  64
40.044459  64
40.057094  106
40.059047  94
40.066064  63
40.076027  379
40.078040  97
40.081825  109
40.086517  86
40.090522  32
40.096760  354
40.107822  184
40.114179  89
40.121016  113
40.133571  114
40.142960  105
40.152403  110
40.159220  84
40.176220  69
40.177913  76
40.188126  73
40.200713  72
40.208964  386
40.217074  102
40.221059  409
40.231721  105
40.242264  306
40.253186  328
40.260617  186
40.265401  186
40.272318  111
40.281169  115
40.285933  101
40.290298  106
40.303743  114
40.309421  96
40.310994  48
40.315219  370
40.317751  99
40.320203  76
40.326261  424
40.331659  189
40.336623  399
40.338196  198
40.342241  114
40.351157  140
40.364572  114
40.366265  107
40.368158  143
40.381532  108
40.397501  116
40.432943  108
40.436114  108
40.444702  111
40.455765  119
40.460150  127
40.469679  129
40.481915  331
40.488313  132
40.490466  109
40.510298  109
40.519268  105
40.521341  123
40.529791  125
40.538781  123
40.541888  409
40.547986  426
40.550338  200
40.567865  153
40.583532  108
40.589430  112
40.591842  115
40.594374  127
40.633009  110
40.637554  111
40.643252  111
40.645764  111
40.655294  118
40.657826  426
40.664623  118
40.697943  356
40.725466  204
40.731804  115
40.741034  118
40.742787  89
40.758294  420
40.769137  103
40.779320  113
40.781333  430
40.795067  117
40.799672  129
40.805750  216
40.810714  121
40.812787  159
40.819464  121
40.823629  168
40.833532  127
40.841483  122
40.855691  128
40.860175  130
40.863441  140
40.910423  123
40.923517  141
40.940018  128
40.948508  142
40.958790  126
40.965587  129
40.973757  127
40.975929  131
40.988324  126
40.999926  109
41.006983  140
41.013760  123
41.022630  109
41.063753  127
41.077207  120
41.101018  125
41.103550  139
41.117942  110
41.119955  126
41.133370  132
41.144392  120
41.156548  373
41.159459  134
41.190535  381
41.197692  220
41.215199  127
41.228473  109
41.230506  143
41.245833  113
41.255402  124
41.266284  149
41.268237  131
41.275054  124
41.279259  234
41.284383  172
41.288448  232
41.298371  128
41.300264  136
41.309753  132
41.318183  138
41.328266  148
41.377354  136
41.381879  142
41.386743  391
41.447300  139
41.458222  139
41.465439  148
41.486185  155
41.492283  131
41.498940  140
41.505397  176
41.509143  186
41.513428  157
41.532880  159
41.534853  140
41.540910  158
41.553306  142
41.557271  141
41.592863  134
41.601927  150
41.615468  140
41.622725  143
41.629003  147
41.635520  149
41.639545  154
41.642851  140
41.664536  158
41.706246  236
41.712344  165
41.723401  137
41.745581  148
41.749946  125
41.758357  151
41.769493  244
41.773998  150
41.778623  171
41.783055  141
41.793018  260
41.797782  187
41.804979  145
41.810043  196
41.827144  149
41.835862  167
41.862849  182
41.875245  141
41.891545  187
41.893278  163
41.902067  161
41.931694  167
41.944609  194
41.946302  173
41.950467  156
41.968080  181
41.976650  165
41.978703  153
41.995732  175
41.999438  190
42.003982  143
42.012711  267
42.016597  167
42.021001  153
42.027119  270
42.038887  197
42.045045  204
42.049190  176
42.062205  208
42.064857  165
42.069302  208
42.071295  161
42.083471  175
42.106143  182
42.126598  170
42.130604  177
42.137042  164
42.148164  158
42.150277  182
42.156874  174
42.161299  176
42.165724  179
42.175033  199
42.182270  172
42.200138  203
42.209067  155
42.224315  162
42.226268  174
42.242289  184
42.243882  224
42.246214  205
42.253825  182
42.264012  180
42.268936  203
42.286554  195
42.291898  152
42.295324  192
42.296957  188
42.299369  188
42.304173  198
42.310929  170
42.314455  197
42.321611  199
42.324283  207
42.341383  192
42.348140  237
42.352025  207
42.357743  198
42.366793  201
42.377236  202
42.407497  214
42.413215  203
42.422644  213
42.428822  180
42.433027  179
42.439105  198
42.443590  200
42.483472  158
42.485305  219
42.500052  222
42.502344  198
42.526787  184
42.528360  207
42.547401  219
42.553858  191
42.562332  249
42.570502  199
42.572135  251
42.581863  202
42.585928  206
42.602488  217
42.611084  201
42.672624  202
42.674377  201
42.685578  197
42.689228  208
42.699376  202
42.701768  204
42.705733  198
42.707426  203
42.726853  195
42.729684  195
42.742938  186
42.749515  186
42.752646  186
42.757910  188
42.785926  202
42.793417  198
42.801037  208
42.804088  183
42.814615  198
42.816907  197
42.825996  195
42.830940  196
42.845812  203
42.870153  249
42.877410  191
42.884886  199
42.951900  197
42.954452  211
42.963980  200
42.977244  198
42.987172  209
42.999432  192
43.008341  200
43.024793  190
43.033547  188
43.040963  200
43.051505  198
43.053378  185
43.071210  186
43.077747  193
43.084444  189
43.087635  193
43.091920  187
43.108106  201
43.142997  193
43.159466  193
43.188832  187
43.192427  188
43.194739  195
43.204787  178
43.211795  188
43.214247  186
43.243131  185
43.255911  178
43.260356  178
43.271477  184
43.273989  180
43.292986  180
43.294799  186
43.296492  186
43.306269  186
43.312826  190
43.314599  166
43.316212  183
43.318444  185
43.320257  175
43.328891  182
43.339533  180
43.346989  165
43.348782  164
43.350974  177
43.353326  161
43.357977  171
43.364554  175
43.369558  170
43.371271  170
43.372924  165
43.376909  166
43.379960  162
43.383051  165
43.386242  174
43.399600  170
43.404584  178
43.415051  171
43.483407  181
43.497627  183
43.500039  184
43.504723  184
43.508668  182
43.528783  187
43.560494  176
43.563605  186
43.577758  186
43.580350  171
43.584675  168
43.591452  178
43.593684  168
43.611083  179
43.615767  171
43.634164  179
43.635917  178
43.638309  172
43.639882  178
43.669869  164
43.671862  164
43.681330  164
43.685379  163
43.687072  170
43.689524  169
43.691876  162
43.697459  149
43.699911  161
43.701624  158
43.708880  155
43.717482  162
43.724338  160
43.731454  160
43.739904  158
43.745415  155
43.748047  152
43.754424  150
43.756297  150
43.758589  149
43.780593  155
43.790201  157
43.796798  161
43.799989  142
43.808945  158
43.813170  157
43.815762  157
43.840009  161
43.842621  154
43.845153  146
43.846966  148
43.851850  155
43.854542  149
43.857234  157
43.861938  157
43.866043  152
43.867796  158
43.869629  151
43.876446  150
43.878019  150
43.883222  156
43.886333  156
43.892300  148
43.908660  155
43.946080  150
43.952158  149
43.961594  152
43.971382  152
43.975967  155
43.978239  148
43.980172  155
43.987668  152
43.999009  155
44.004033  151
44.005666  154
44.028148  155
44.033212  150
44.035524  137
44.037197  136
44.038850  138
44.042001  125
44.055388  136
44.076665  145
44.079057  145
44.088126  140
44.101148  138
44.108624  141
44.122976  144
44.124549  139
44.143266  141
44.152235  142
44.157039  141
44.159471  147
44.161044  139
44.168668  142
44.170761  140
44.172634  138
44.175206  133
44.182343  136
44.195897  128
44.198149  117
44.200581  117
44.209510  118
44.213535  119
44.240505  127
44.251407  132
44.253999  111
44.258664  131
44.261316  122
44.263888  130
44.268492  123
44.277301  112
44.279214  116
44.284238  115
44.285831  115
44.288303  107
44.295060  113
44.297902  110
44.299655  113
44.301122  108
44.303354  113
44.304549  108
44.306821  110
44.308814  110
44.310687  109
44.321629  115
44.323761  114
44.337276  108
44.373668  83
44.377234  82
44.388455  49
44.392920  48
44.394813  43
44.398558  39
44.400291  38
44.402144  36
44.407487  26
44.409120  30
44.413825  27
44.415591  27
44.419436  26
44.427136  15
44.431880  11
44.439156  7
44.443462  0
44.458629  0
44.473777  0
44.475410  0
44.490065  0
44.493990  0
44.502620  0
44.516001  0
44.520606  0
44.543084  0
44.550915  0
44.557392  0
44.582754  0
44.591185  0
44.601497  0
44.623602  0
45.024201  1
45.103071  12
45.121905  9
45.175756  5
45.199800  0
45.206118  3
45.233867  1
45.240984  11
45.295163  11
45.305925  6
45.321752  12
45.329982  8
45.336260  17
45.340745  10
45.355772  13
45.368528  7
45.388539  15
45.393344  13
45.396016  5
45.404467  18
45.415590  14
45.419795  25
45.424480  14
45.433530  16
45.442680  28
45.451270  13
45.455835  3
45.457568  12
45.465958  5
45.474168  17
45.478573  19
45.493201  22
45.497366  3
45.501431  27
45.504817  16
45.518218  11
45.527588  28
45.534405  21
45.546980  18
45.557862  22
45.588076  39
45.604601  10
45.616477  21
45.627298  33
45.628951  13
45.639014  13
45.641406  18
45.643219  15
45.650949  23
45.660318  31
45.662451  25
45.672794  33
45.690440  28
45.699569  26
45.709473  29
45.726313  28
45.735010  28
45.737083  21
45.742801  37
45.755995  47
45.760440  29
45.769050  29
45.777900  49
45.789823  25
45.798773  26
45.803058  23
45.811988  28
45.818166  32
45.832594  41
45.836759  27
45.841963  48
45.846528  17
45.851153  24
45.855398  35
45.859663  51
45.863828  36
45.867933  37
45.871898  46
45.880448  41
45.906277  42
45.925091  44
45.944263  42
45.948568  57
45.952673  26
45.956678  42
45.963076  26
45.977244  56
45.993597  38
45.995570  31
46.008271  46
46.011657  52
46.016401  46
46.020206  49
46.026483  26
46.028995  52
46.031407  46
46.043903  49
46.076109  49
46.078202  49
46.099728  53
46.104093  56
46.108558  46
46.113023  57
46.117487  50
46.125638  74
46.132755  71
46.151927  83
46.158085  53
46.162130  44
46.176123  47
46.186266  49
46.199500  66
46.210143  30
46.214748  74
46.216461  30
46.225651  50
46.227544  57
46.235235  56
46.247490  63
46.250142  57
46.274139  59
46.293112  60
46.308554  62
46.313745  67
46.330149  62
46.338406  42
46.345063  82
46.357422  86
46.364059  85
46.379035  67
46.384813  67
46.390991  65
46.397129  83
46.399781  71
46.402413  79
46.409150  72
46.410923  78
46.423119  85
46.444111  85
46.470540  78
46.487720  89
46.494225  75
46.496497  93
46.522795  98
46.532085  98
46.552217  67
46.562599  75
46.574321  82
46.578027  109
46.583550  80
46.605675  91
46.610060  94
46.621951  78
46.630681  51
46.636859  85
46.645729  86
46.647662  81
46.650294  110
46.667194  92
46.694276  81
46.700633  106
46.716020  111
46.720685  101
46.729195  86
46.733760  64
46.747615  112
46.765116  113
46.787562  98
46.794598  112
46.798803  88
46.805960  91
46.814490  113
46.824258  105
46.857918  103
46.868881  101
46.877731  110
46.886561  118
46.893478  114
46.905080  97
46.909165  105
46.913390  104
46.922020  114
46.923753  110
46.939308  121
46.946619  123
46.958706  83
46.967816  99
46.982705  102
46.984478  120
47.003570  111
47.011221  112
47.015206  123
47.028621  119
47.030793  115
47.034639  124
47.046260  117
47.053138  86
47.059116  124
47.068565  121
47.083393  127
47.120965  135
47.159689  111
47.176848  140
47.194908  135
47.225654  114
47.227227  127
47.231112  125
47.235777  127
47.248952  129
47.255809  125
47.263507  135
47.266139  133
47.272777  120
47.287884  134
47.301639  130
47.308097  123
47.323125  126
47.335880  138
47.342457  128
47.349094  139
47.355172  158
47.360136  126
47.361749  130
47.368266  140
47.374903  139
47.389111  156
47.401766  110
47.407494  142
47.414171  123
47.425014  155
47.431831  136
47.450244  138
47.454589  135
47.458674  153
47.470376  154
47.494342  159
47.498847  144
47.502013  134
47.506398  137
47.511182  138
47.513055  158
47.524444  142
47.526437  134
47.541424  162
47.550194  143
47.564182  143
47.573191  151
47.575423  144
47.597428  160
47.609943  130
47.616400  158
47.618433  142
47.652998  162
47.663261  163
47.674103  153
47.678787  152
47.696966  158
47.698599  162
47.700572  158
47.709642  148
47.718532  152
47.769040  160
47.784094  179
47.798742  162
47.812400  163
47.833012  171
47.844073  163
47.847339  160
47.867079  159
47.871224  178
47.894308  152
47.903338  177
47.925843  156
47.930008  188
47.934193  173
47.936106  175
47.942803  183
47.959013  173
47.968003  183
47.976373  191
47.978386  174
47.983924  158
47.989522  166
47.993947  187
47.998012  163
48.004569  175
48.022249  182
48.028367  168
48.040982  167
48.055435  178
48.059920  186
48.061893  173
48.084860  178
48.087372  166
48.111029  186
48.112662  167
48.124263  193
48.138751  192
48.146842  189
48.159334  193
48.183791  188
48.215677  185
48.220462  187
48.226740  193
48.232798  197
48.237183  190
48.266112  185
48.277154  205
48.293514  188
48.304517  189
48.308382  192
48.315060  190
48.321417  205
48.330274  209
48.332866  199
48.339124  192
48.346168  201
48.348201  195
48.352726  196
48.354859  189
48.360997  203
48.369707  208
48.374092  204
48.378537  185
48.401800  189
48.414375  217
48.437233  209
48.439625  205
48.448454  205
48.459695  209
48.478237  205
48.483181  197
48.496036  202
48.510284  196
48.523746  207
48.532056  211
48.534408  202
48.551589  201
48.563565  205
48.573374  220
48.579212  215
48.591687  210
48.595932  219
48.603703  192
48.630153  218
48.661316  217
48.679748  229
48.685000  215
48.700282  218
48.714075  198
48.716846  214
48.723643  206
48.729721  205
48.734066  209
48.745871  218
48.748263  214
48.751589  214
48.755614  222
48.777610  210
48.796803  226
48.820960  219
48.825125  221
48.829810  202
48.834694  214
48.854887  227
48.859073  222
48.869780  223
48.874365  225
48.881382  218
48.947223  212
48.951848  225
48.957986  223
48.964663  228
48.972479  227
48.981069  227
49.012137  222
49.014349  217
49.034481  227
49.053294  230
49.074024  220
49.086459  228
49.093176  232
49.115494  222
49.139774  225
49.166610  227
49.178226  233
49.195804  233
49.221916  225
49.224548  228
49.234556  216
49.258258  231
49.264296  231
49.270518  228
49.311044  228
49.333826  224
49.339564  235
49.359799  228
49.362950  231
49.365342  222
49.371559  234
49.379694  228
49.388464  230
49.390616  228
49.392808  231
49.399266  233
49.403671  239
49.416506  239
49.425303  237
49.442042  229
49.464249  240
49.473818  231
49.495247  237
49.507388  236
49.528238  233
49.530850  237
49.551680  236
49.561148  234
49.575181  231
49.601093  233
49.612935  233
49.619792  231
49.668643  227
49.697790  237
49.703453  237
49.752717  238
49.757601  224
49.768963  231
49.771575  241
49.780026  233
49.785030  239
49.789155  242
49.793220  238
49.798523  242
49.802488  242
49.805794  239
49.827383  238
49.830414  243
49.832666  242
49.862985  239
49.874906  241
49.882122  246
49.887006  246
49.889538  240
49.895935  237
49.897708  237
49.905204  239
49.914493  234
49.918518  234
49.921549  237
49.936069  231
49.940873  228
49.963261  234
49.965094  230
49.977134  230
49.983511  231
49.989529  225
49.995316  231
49.998702  227
50.004545  226
50.013523  225
50.027036  228
50.048773  230
50.051405  229
50.053997  229
50.056409  223
50.060374  227
50.063026  229
50.065678  233
50.078893  234
50.096539  237
50.101323  237
50.124764  236
50.129428  236
50.143102  234
50.153804  232
50.162159  232
50.188501  227
50.190813  230
50.205366  223
50.214255  232
50.216747  231
50.221531  229
50.226155  230
50.228447  226
50.237304  226
50.256275  226
50.260340  224
50.262073  225
50.268450  215
50.273554  214
50.277419  215
50.281944  210
50.288002  223
50.290534  220
50.293226  219
50.297431  216
50.299624  218
50.302076  215
50.312079  213
50.324873  213
50.327285  213
50.329897  214
50.331530  214
50.334142  210
50.345563  209
50.352061  202
50.363542  210
50.366194  209
50.387423  210
50.394739  212
50.399384  211
50.404168  207
50.411504  206
50.413557  209
50.421567  207
50.428384  212
50.436059  205
50.437712  205
50.439505  207
50.444808  211
50.449812  207
50.459919  210
50.467195  198
50.488629  202
50.495086  196
50.499251  195
50.508080  195
50.513938  180
50.518203  185
50.519896  183
50.522248  182
50.523841  174
50.528965  182
50.532196  184
50.534888  184
50.538793  173
50.542199  181
50.543932  179
50.559378  178
50.561710  175
50.573575  175
50.587516  175
50.589768  175
50.596785  173
50.599816  174
50.602967  172
50.604620  170
50.619871  175
50.624096  175
50.641561  171
50.644133  168
50.661537  165
50.670487  171
50.677623  173
50.682507  173
50.684779  172
50.688744  168
50.690397  168
50.696754  164
50.705304  164
50.707956  161
50.711362  156
50.714213  156
50.715926  149
50.727986  164
50.736436  165
50.740581  152
50.749351  153
50.761586  150
50.773187  148
50.777332  138
50.781277  133
50.783849  137
50.796704  125
50.798337  127
50.800989  123
50.802802  126
50.805374  125
50.807586  125
50.809319  124
50.811511  120
50.816116  123
50.818348  117
50.819921  117
50.822593  117
50.824406  122
50.838367  121
50.845643  122
50.872000  126
50.882592  124
50.889469  125
50.893674  125
50.895307  119
50.907287  117
50.921542  130
50.947152  130
50.949697  132
50.951270  131
50.957807  131
50.963845  130
50.965438  129
50.970482  131
50.992893  118
50.997637  118
50.999290  115
51.004293  115
51.014102  110
51.036226  104
51.051573  97
51.058050  103
51.066600  106
51.073896  108
51.076228  108
51.077821  107
51.086790  106
51.104830  112
51.109055  102
51.111767  97
51.117585  94
51.119917  100
51.124182  97
51.140083  91
51.147479  89
51.159894  72
51.164759  74
51.167331  68
51.169483  63
51.173968  66
51.176380  59
51.181464  54
51.185669  49
51.190977  53
51.201920  28
51.208109  35
51.209094  32
51.211965  25
51.220335  24
51.227232  25
51.235842  28
51.243378  25
51.245131  21
51.251508  22
51.253641  24
51.263304  19
51.269342  21
51.273567  20
51.290328  10
51.292461  5
51.296926  5
51.302564  3
51.337949  0
51.346479  2
51.351024  2
51.354552  5
51.357164  0
51.363681  3
51.391304  0
51.395969  0
51.399894  4
51.408464  6
51.412369  3
51.420599  0
51.435186  3
51.445549  0
51.449694  2
51.459322  3
51.468031  0
51.490709  0
51.504283  0
51.517538  0
51.520230  0
51.544328  0
51.552558  0
51.557602  1
51.572130  0
51.576115  0
51.675721  0
51.681859  0
51.690109  1
51.779103  0
51.797163  3
51.829799  8
51.850929  3
51.860552  12
51.886266  3
51.911877  5
51.949350  2
51.951423  21
52.003601  12
52.005334  23
52.016736  28
52.025086  2
52.037354  3
52.051528  3
52.074587  5
52.088082  14
52.092047  15
52.097965  9
52.100477  14
52.115525  29
52.124775  18
52.135447  9
52.156398  14
52.165048  22
52.169433  47
52.173998  45
52.179856  6
52.184241  39
52.188745  30
52.199283  43
52.205541  51
52.207693  46
52.217745  24
52.232353  35
52.236298  35
52.240523  34
52.246161  12
52.247934  41
52.257390  36
52.271644  46
52.284119  43
52.292769  5
52.299526  37
52.303811  55
52.312561  51
52.316946  50
52.323223  57
52.355211  57
52.361948  43
52.366293  64
52.385226  40
52.404620  53
52.417135  41
52.424492  43
52.428737  48
52.430850  49
52.444664  48
52.451542  59
52.457030  50
52.479740  56
52.484824  47
52.488610  35
52.490303  49
52.512067  59
52.525502  62
52.527395  73
52.533392  68
52.539030  68
52.543215  63
52.554704  53
52.559269  69
52.561841  60
52.565927  73
52.572724  65
52.579061  61
52.598313  61
52.606943  48
52.613301  64
52.620038  65
52.626816  62
52.637619  65
52.656871  58
52.669646  58
52.676223  81
52.688619  65
52.702114  78
52.745783  79
52.754233  71
52.757399  68
52.793617  59
52.795270  63
52.803400  69
52.816755  69
52.827597  75
52.836851  57
52.846184  79
52.866001  73
52.868633  75
52.872878  72
52.888124  75
52.894681  78
52.896634  85
52.902832  84
52.907297  87
52.911622  91
52.920750  78
52.935098  80
52.949773  90
52.960703  77
52.975071  86
52.977184  78
52.986294  88
52.992591  81
53.005646  83
53.017687  85
53.030442  86
53.036959  89
53.043676  89
53.045409  11
53.051967  87
53.060097  100
53.064842  94
53.107052  91
53.115670  92
53.117263  84
53.124124  92
53.139410  77
53.151372  87
53.189810  100
53.191623  91
53.197161  87
53.202025  88
53.216813  94
53.221118  95
53.232200  94
53.239671  95
53.254958  102
53.259383  94
53.261396  101
53.265088  95
53.271725  98
53.286793  97
53.298175  101
53.300607  102
53.311770  113
53.315715  116
53.318347  93
53.332995  98
53.347283  97
53.358305  112
53.361611  122
53.364283  99
53.366096  94
53.384315  99
53.386807  101
53.398843  95
53.403508  105
53.409925  96
53.414010  99
53.423973  122
53.434874  115
53.458611  112
53.465768  53
53.472345  112
53.488126  106
53.496876  127
53.501041  129
53.523264  127
53.533227  117
53.537312  109
53.539345  128
53.544549  95
53.556574  109
53.574593  121
53.606480  120
53.608253  126
53.612858  120
53.615370  118
53.626586  127
53.629178  115
53.636434  123
53.644245  121
53.673745  117
53.681956  113
53.687080  120
53.689273  117
53.700675  134
53.713004  134
53.720775  125
53.722688  125
53.733850  130
53.735603  141
53.746685  142
53.755455  136
53.761453  123
53.767371  135
53.782598  122
53.784711  131
53.794994  138
53.809647  130
53.811779  128
53.824854  127
53.827186  131
53.838348  129
53.845986  127
53.862567  132
53.871697  146
53.873510  139
53.893142  131
53.897887  139
53.899840  80
53.911022  141
53.924836  139
53.956432  136
53.965082  139
53.978386  140
53.982891  140
53.992260  124
54.017931  134
54.020503  133
54.060487  171
54.075495  135
54.079260  140
54.082666  147
54.089842  142
54.101484  159
54.122570  145
54.130960  95
54.133133  143
54.136939  143
54.140804  136
54.144270  151
54.151546  149
54.163482  157
54.172112  144
54.181580  160
54.192742  159
54.197054  165
54.199087  142
54.211942  153
54.220033  146
54.226870  152
54.235440  162
54.240204  165
54.242336  159
54.244109  158
54.252919  156
54.258817  172
54.263661  180
54.274044  169
54.281815  155
54.291778  162
54.298476  138
54.309399  148
54.324406  153
54.333136  177
54.344317  182
54.355120  164
54.359525  159
54.368335  173
54.374473  173
54.383563  128
54.387888  167
54.401756  176
54.418396  183
54.426207  174
54.436650  172
54.456801  163
54.472657  172
54.510796  170
54.514282  175
54.518207  172
54.539912  178
54.553546  178
54.572119  194
54.589178  178
54.598197  175
54.600130  178
54.620955  185
54.624341  178
54.634404  179
54.639328  195
54.656887  178
54.662845  179
54.681204  191
54.689175  193
54.707350  171
54.728020  197
54.733998  173
54.749684  196
54.751417  198
54.758154  195
54.779879  187
54.801170  185
54.814678  149
54.816611  200
54.832585  201
54.840716  184
54.857556  194
54.865867  170
54.884946  200
54.900694  193
54.913509  186
54.918433  202
54.920106  195
54.937346  185
54.945697  181
54.977964  185
55.000714  186
55.002327  198
55.007071  202
55.015261  199
55.030535  197
55.055870  188
55.061134  201
55.064520  193
55.076141  201
55.092462  191
55.101072  198
55.103764  203
55.124811  195
55.133721  211
55.140958  202
55.143550  202
55.149808  204
55.153953  204
55.175699  197
55.178371  202
55.189633  212
55.192919  205
55.211772  202
55.239218  217
55.241770  218
55.243523  205
55.248028  200
55.268219  211
55.281162  202
55.290665  197
55.296687  204
55.309112  197
55.317262  203
55.319335  216
55.332329  203
55.349849  227
55.351502  234
55.353754  220
55.360751  214
55.369341  225
55.373866  230
55.391446  207
55.404760  226
55.411265  234
55.426672  221
55.436565  211
55.445994  215
55.450599  222
55.463821  237
55.493375  221
55.495947  216
55.506550  222
55.520399  225
55.533493  237
55.561476  240
55.572119  218
55.589738  220
55.602554  227
55.607039  216
55.615237  232
55.628291  230
55.634529  239
55.647264  242
55.653762  250
55.671082  232
55.673254  236
55.676660  252
55.683118  235
55.689675  245
55.708827  249
55.714985  243
55.719470  237
55.727380  253
55.740715  241
55.747173  236
55.765511  254
55.767244  240
55.780718  235
55.782911  246
55.791620  254
55.806089  257
55.808261  235
55.823408  237
55.830545  216
55.845253  247
55.856095  242
55.866518  254
55.874214  259
55.890335  249
55.897791  235
55.899544  261
55.908054  259
55.921468  261
55.923201  232
55.943377  248
55.948421  258
55.966660  239
55.982086  251
55.989662  236
55.993608  253
55.996180  244
56.000744  241
56.020017  250
56.029147  242
56.062200  246
56.072343  246
56.078947  250
56.107447  255
56.109979  246
56.133297  245
56.137462  244
56.146532  246
56.154462  245
56.159706  251
56.170707  248
56.199114  248
56.203679  244
56.214021  243
56.215694  247
56.230981  250
56.243077  244
56.246068  248
56.267959  251
56.322008  247
56.326752  245
56.337535  251
56.346604  256
56.378576  253
56.443634  250
56.461932  248
56.486290  240
56.508154  250
56.513218  245
56.523930  245
56.526642  256
56.530947  250
56.537189  256
56.538762  254
56.555017  253
56.559941  250
56.565245  249
56.572482  249
56.588003  245
56.595079  240
56.630706  245
56.632299  245
56.637358  239
56.648678  236
56.661564  239
56.665110  244
56.672725  236
56.677509  240
56.685444  248
56.702680  251
56.730866  249
56.736693  252
56.750821  251
56.756459  253
56.759031  251
56.772245  254
56.777923  253
56.783601  253
56.839259  245
56.847533  251
56.857501  257
56.863259  249
56.880422  249
56.891703  251
56.893995  251
56.929269  253
56.931641  256
56.941529  254
56.958573  255
56.968821  250
56.973126  251
56.977171  250
56.978864  249
56.984207  240
56.991598  246
57.007523  243
57.014160  246
57.032406  243
57.050764  245
57.052976  245
57.078889  242
57.081860  246
57.084013  240
57.086725  240
57.090810  236
57.101931  241
57.118955  240
57.141633  240
57.144245  241
57.155453  242
57.157146  245
57.163823  242
57.172553  242
57.185766  238
57.187379  242
57.192623  242
57.194795  236
57.197407  238
57.206396  243
57.208029  238
57.216259  233
57.218112  231
57.230072  233
57.242067  232
57.243660  227
57.245353  225
57.252729  230
57.257753  227
57.275226  240
57.280844  238
57.282437  238
57.288235  237
57.299421  237
57.311226  234
57.313818  236
57.324564  234
57.334592  235
57.337084  234
57.339516  229
57.348425  233
57.350797  232
57.352530  230
57.359211  232
57.383878  239
57.397024  238
57.421527  241
57.425692  243
57.432983  240
57.434696  240
57.446556  239
57.480264  239
57.488339  236
57.494057  226
57.509529  237
57.511741  234
57.514453  236
57.532612  238
57.540843  240
57.572102  229
57.578939  244
57.580932  236
57.584917  232
57.589221  229
57.590834  225
57.594289  227
57.596282  223
57.606549  226
57.616478  225
57.620523  219
57.625647  216
57.631110  214
57.637827  213
57.646581  210
57.648234  211
57.654751  207
57.663460  207
57.668624  209
57.670277  208
57.675221  204
57.678807  214
57.681039  213
57.683072  202
57.685624  204
57.687896  206
57.691302  200
57.693694  209
57.699165  211
57.709433  212
57.718502  208
57.735267  213
57.740451  216
57.742584  211
57.756139  202
57.758351  204
57.762876  206
57.769373  208
57.774357  207
57.778422  203
57.781433  205
57.787531  198
57.789863  199
57.801285  195
57.803178  189
57.805350  187
57.808062  182
57.809815  181
57.812007  179
57.813960  173
57.817965  163
57.832198  161
57.834830  154
57.845872  163
57.848104  160
57.851470  154
57.858905  158
57.861217  162
57.862870  156
57.868948  158
57.878217  140
57.880629  138
57.887106  137
57.891291  133
57.893044  134
57.898462  131
57.900115  122
57.901748  125
57.914268  122
57.915861  121
57.917634  122
57.935396  118
57.948131  119
57.952117  105
57.989008  86
57.993133  90
58.001479  81
58.005609  83
58.010154  82
58.022869  61
58.025780  67
58.029705  60
58.032357  63
58.036862  43
58.043579  41
58.054728  40
58.057340  42
58.061565  40
58.065550  41
58.074480  34
58.076233  39
58.081077  37
58.089987  35
58.092659  33
58.114024  20
58.126619  9
58.137721  14
58.150903  11
58.173588  2
58.184870  1
58.189275  9
58.194020  8
58.195973  0
58.202670  6
58.214695  2
58.222291  0
58.226536  0
58.254898  0
58.261835  0
58.266660  0
58.271025  0
58.302523  12
58.324661  5
58.350830  4
58.359979  4
58.362012  0
58.365798  4
58.382458  11
58.582799  12
58.586904  17
58.594040  11
58.601017  16
58.633644  15
58.645246  25
58.651583  18
58.681399  8
58.711202  15
58.737492  18
58.751985  20
58.806523  22
58.811048  26
58.815852  23
58.819938  9
58.829446  20
58.837197  22
58.838830  25
58.915010  21
58.930177  22
58.946978  28
58.966030  39
58.990986  16
59.003921  20
59.008206  23
59.030850  27
59.038247  16
59.052635  40
59.056620  41
59.084044  19
59.120318  35
59.122291  43
59.126783  34
59.128396  21
59.135174  37
59.141672  45
59.147075  28
59.148868  27
59.151440  41
59.155066  13
59.163496  42
59.168580  44
59.189724  14
59.224998  42
59.249708  51
59.256665  38
59.279743  49
59.287399  43
59.305558  43
59.309843  49
59.314668  62
59.316361  31
59.326324  51
59.339524  23
59.343130  34
59.347076  54
59.373880  35
59.389753  38
59.427254  45
59.477739  53
59.482024  62
59.488921  64
59.494959  52
59.499624  70
59.501257  46
59.505062  34
59.513481  38
59.525956  55
59.527649  60
59.534266  75
59.538971  62
59.548101  61
59.556711  83
59.571898  61
59.587346  67
59.598648  61
59.611843  71
59.613756  54
59.638734  55
59.651569  72
59.660260  34
59.662273  72
59.666458  68
59.681885  71
59.694008  91
59.696440  60
59.700746  77
59.702379  35
59.716252  41
59.723049  93
59.725521  53
59.733911  72
59.737937  83
59.742122  70
59.762235  79
59.772698  81
59.781228  84
59.807118  53
59.839726  88
59.874324  87
59.877850  93
59.880282  64
59.881915  69
59.891304  93
59.895769  48
59.897662  73
59.903960  83
59.918913  85
59.930342  100
59.934567  90
59.954259  113
59.986456  90
