# t(s) QueuingDelay(ms)
10.103791  0
10.118591  0
10.143166  0
10.160870  2
10.179414  4
10.181007  5
10.198727  7
10.210902  10
10.244522  23
10.258156  2
10.263954  26
10.268699  12
10.279402  27
10.287703  24
10.290989  31
10.295813  42
10.300158  53
10.308588  56
10.314186  35
10.325368  37
10.333825  65
10.349227  53
10.362908  56
10.371138  59
10.376956  61
10.417526  81
10.453445  65
10.462295  131
10.467813  70
10.480508  80
10.498128  141
10.520113  101
10.526550  1
10.530635  109
10.552519  6
10.572631  144
10.601939  176
10.603532  14
10.605767  206
10.607360  282
10.609053  146
10.623045  153
10.627370  25
10.635701  175
10.664702  207
10.677518  35
10.684882  216
10.700869  224
10.707127  49
10.715658  292
10.717990  57
10.720562  315
10.731285  243
10.762064  243
10.772866  98
10.776872  252
10.779144  13
10.789727  268
10.802430  280
10.804582  116
10.815284  268
10.823814  337
10.844167  343
10.848952  150
10.853317  42
10.878347  414
10.887743  169
10.889936  277
10.895994  50
10.904524  173
10.915387  284
10.917619  422
10.921844  174
10.938884  431
10.941076  298
10.960149  303
10.977109  305
10.994049  67
11.001859  434
11.007557  319
11.018519  77
11.037092  218
11.048946  461
11.052811  95
11.061620  476
11.063753  321
11.081773  524
11.085778  149
11.090003  221
11.096141  160
11.104751  554
11.113181  224
11.117446  560
11.126375  339
11.138411  352
11.142915  567
11.154158  552
11.159062  229
11.178295  239
11.181309  183
11.185737  380
11.202806  195
11.208990  243
11.222559  257
11.240358  259
11.250921  560
11.255026  381
11.272626  396
11.280357  414
11.285241  259
11.289706  441
11.301922  450
11.319661  592
11.330583  600
11.344537  11
11.366289  266
11.368741  451
11.387135  665
11.389607  209
11.398217  279
11.406907  672
11.410313  455
11.419083  283
11.429131  214
11.433336  458
11.443799  688
11.450956  316
11.458787  698
11.469749  332
11.478739  515
11.489301  716
11.493826  277
11.498031  340
11.503670  723
11.514492  541
11.525315  699
11.537550  581
11.539723  297
11.555621  699
11.566324  317
11.568217  593
11.577086  361
11.588577  323
11.623435  342
11.625608  700
11.640716  365
11.642769  701
11.667799  388
11.681034  681
11.683326  417
11.689264  595
11.693269  664
11.706211  459
11.712469  616
11.720419  675
11.731920  702
11.734093  478
11.747728  708
11.757037  703
11.758790  16
11.773032  481
11.794097  487
11.796110  360
11.812548  503
11.814940  374
11.824924  395
11.840271  714
11.850974  700
11.868134  480
11.877584  677
11.897769  782
11.909351  715
11.920013  783
11.921926  34
11.933873  79
11.963748  239
11.977023  525
11.978856  801
11.981348  23
11.989878  24
12.001140  532
12.026630  807
12.039625  685
12.045803  271
12.052713  760
12.068819  280
12.072885  763
12.093476  821
12.108505  771
12.111037  860
12.117974  876
12.122339  690
12.130350  783
12.155247  796
12.166583  842
12.174893  801
12.202734  816
12.204467  513
12.220094  701
12.221887  815
12.228225  527
12.239327  29
12.244446  532
12.247677  774
12.250309  813
12.276839  546
12.287582  784
12.295598  851
12.297830  548
12.317282  763
12.322566  553
12.324179  824
12.336582  798
12.401850  754
12.408947  796
12.430339  302
12.469944  555
12.484232  738
12.570513  562
12.592576  749
12.609796  318
12.642927  35
12.644900  807
12.676895  1031
12.731327  832
12.738684  83
12.752123  898
12.768883  730
12.813721  1079
12.832854  960
12.861456  963
12.888043  570
12.905732  1142
12.927537  1023
12.943658  1026
12.947930  663
12.954548  1145
12.957000  587
12.962424  1060
12.977412  1065
12.997144  109
13.003122  1067
13.026180  611
13.041047  341
13.068676  617
13.072801  1177
13.176728  714
13.216313  738
13.232314  361
13.241743  621
13.275423  622
13.303096  633
13.309873  739
13.365829  411
13.387694  740
13.400814  110
13.411576  158
13.415421  720
13.449854  715
13.457405  166
13.464506  412
13.480792  748
13.491774  685
13.498511  742
13.512425  685
13.514038  742
13.518942  740
13.535349  409
13.548503  629
13.562702  737
13.574563  731
13.587937  408
13.601571  403
13.617667  611
13.623605  731
13.633273  720
13.635905  608
13.644615  716
13.671223  693
13.681745  715
13.686190  150
13.696812  610
13.743877  700
13.751233  610
13.788351  393
13.798614  704
13.811049  704
13.839649  618
13.855236  705
13.858393  611
13.944284  717
13.948109  719
13.952054  714
13.994664  629
14.024958  393
14.068620  637
14.075077  639
14.081175  642
14.097001  658
14.105071  11
14.120239  659
14.126077  655
14.138732  402
14.140405  685
14.152511  417
14.167598  153
14.171423  690
14.179713  155
14.182345  692
14.195200  167
14.205363  695
14.207016  185
14.220635  407
14.222628  185
14.234968  721
14.242104  696
14.255019  694
14.265269  692
14.276332  725
14.303501  196
14.313504  430
14.315357  206
14.365115  662
14.383654  435
14.389972  654
14.400195  435
14.462764  190
14.484180  734
14.498433  176
14.500106  727
14.508976  723
14.510709  167
14.541920  408
14.558789  13
14.615534  20
14.638898  723
14.661022  739
14.675489  36
14.714193  742
14.751489  750
14.816925  439
14.838349  445
14.888955  45
14.902813  662
14.924277  663
14.955845  704
14.982608  706
15.005312  711
15.013722  729
15.020859  170
15.022432  743
15.044176  750
15.046029  218
15.066264  228
15.070129  742
15.089341  742
15.096798  243
15.107321  452
15.140839  245
15.192431  673
15.216148  471
15.222306  684
15.231735  706
15.238333  3
15.281230  277
15.297510  316
15.305346  8
15.331756  472
15.366063  12
15.368176  273
15.382144  528
15.421158  70
15.423430  631
15.434353  754
15.541819  114
15.569401  116
15.611197  126
15.615761  768
15.620166  166
15.658754  529
15.710378  130
15.726346  170
15.809325  725
15.865438  748
15.937317  763
15.943235  642
15.962428  828
16.041204  845
16.063622  737
16.066094  599
16.069840  865
16.101014  766
16.139858  800
16.143703  877
16.168027  907
16.171993  614
16.173826  801
16.194851  620
16.205833  172
16.226704  804
16.228797  810
16.247411  326
16.253358  30
16.280460  56
16.286518  618
16.339196  464
16.340789  89
16.372306  107
16.404254  835
16.426425  554
16.439660  555
16.467593  916
16.503386  931
16.505399  642
16.518973  2
16.535454  667
16.637322  637
16.717627  641
16.758530  219
16.778183  274
16.822911  808
16.850674  667
16.921901  815
16.925806  945
17.014500  508
17.042840  934
17.047587  453
17.089223  856
17.139211  877
17.145193  949
17.158647  937
17.165444  887
17.181709  933
17.215887  121
17.229880  186
17.244627  422
17.255876  888
17.259841  933
17.262333  149
17.317619  215
17.322463  164
17.357759  173
17.385409  455
17.399162  244
17.406438  169
17.431791  269
17.459658  89
17.484018  665
17.490545  975
17.511595  426
17.547943  1050
17.573678  104
17.630789  125
17.712128  112
17.762835  666
17.781692  388
17.795130  693
17.912736  426
17.937990  699
18.002106  412
18.022701  428
18.030217  425
18.045923  424
18.071607  370
18.118395  892
18.120807  438
18.197786  137
18.216343  222
18.224038  399
18.226230  393
18.228143  393
18.235060  136
18.244393  951
18.250096  945
18.252089  133
18.258231  390
18.268386  390
18.274164  109
18.276636  132
18.294446  218
18.296698  134
18.313467  139
18.316538  135
18.320064  134
18.323374  213
18.327519  391
18.337207  390
18.373495  136
18.383941  137
18.389659  137
18.395537  212
18.400765  137
18.408700  232
18.423771  394
18.439916  141
18.458513  408
18.473100  644
18.488446  119
18.494888  403
18.509448  147
18.542387  130
18.548245  403
18.555516  114
18.557089  113
18.575196  152
18.581138  245
18.604032  248
18.633806  119
18.635459  218
18.637791  226
18.649237  221
18.653082  221
18.654715  400
18.656428  241
18.691522  396
18.693215  79
18.695727  238
18.702484  238
18.709401  221
18.756810  221
18.768662  244
18.774779  236
18.780602  212
18.797633  73
18.848846  393
18.857815  227
18.868928  223
18.874171  381
18.886060  219
18.892937  219
18.900927  215
18.908188  202
18.914405  41
18.953527  363
18.955140  204
18.957732  203
18.970631  360
19.033225  204
19.034958  204
19.048212  205
19.055648  363
19.063232  826
19.066618  873
19.068231  753
19.148331  114
19.168606  193
19.171158  192
19.180307  364
19.183498  371
19.191214  115
19.193666  115
19.195978  369
19.197831  109
19.203634  365
19.205367  106
19.213150  364
19.219727  110
19.224591  109
19.229096  108
19.233580  180
19.236172  104
19.237865  103
19.240377  180
19.243089  925
19.250325  363
19.257142  358
19.259674  177
19.264139  356
19.266311  104
19.280804  98
19.283456  354
19.290413  351
19.300855  165
19.305339  85
19.307332  163
19.330877  185
19.332550  341
19.335781  84
19.376629  338
19.383286  181
19.402989  47
19.404682  46
19.407094  332
19.411838  42
19.429129  170
19.435926  40
19.440051  35
19.443242  559
19.465769  334
19.476072  328
19.482289  163
19.487233  324
19.498914  161
19.507308  138
19.509700  318
19.513985  31
19.518150  30
19.525506  135
19.527079  26
19.529251  134
19.554320  136
19.562382  138
19.573688  140
19.594156  162
19.595729  6
19.606316  165
19.615365  7
19.621949  165
19.626673  144
19.628646  144
19.635223  159
19.643193  135
19.648991  133
19.654769  148
19.666094  55
19.690705  0
19.741367  146
19.748004  142
19.758726  134
19.807684  130
19.815520  130
19.817732  128
19.871683  117
19.881211  115
19.886115  115
19.895084  114
19.898550  112
19.905566  724
19.909811  773
19.911764  800
19.983478  0
20.000377  73
20.003029  72
20.004762  72
20.031694  0
20.042716  50
20.045328  46
20.048259  778
20.060259  41
20.062651  35
20.078566  19
20.082831  16
20.091485  12
20.098521  10
20.100194  32
20.109183  26
20.110996  23
20.138188  17
20.163531  0
20.187991  18
20.199939  0
20.201672  414
20.204364  0
20.216126  0
20.219971  11
20.228221  8
20.234079  4
20.246019  4
20.249230  0
20.281410  166
20.285255  0
20.294803  1
20.297315  1
20.301021  0
20.324669  0
20.416352  2
20.434790  0
20.440400  1
20.487784  3
20.492668  2
20.500144  7
20.509412  12
20.518660  17
20.553492  12
20.580993  17
20.583405  20
20.617872  13
20.644360  14
20.655621  632
20.660480  681
20.664230  737
20.723265  648
20.749138  0
20.768929  0
20.777958  0
20.781653  0
20.824298  2
20.861365  3
20.863577  0
20.872886  327
20.882762  0
20.901140  0
20.909020  47
20.924239  0
21.047491  273
21.058213  328
21.064830  387
21.127579  378
21.160765  4
21.166743  6
21.202859  10
21.248951  32
21.289103  0
21.315356  0
21.320440  0
21.400470  234
21.428378  348
21.444116  297
21.498798  0
21.545018  377
21.547490  8
21.574698  1
21.624825  17
21.649562  1
21.653447  3
21.659505  12
21.697863  25
21.702108  35
21.748065  57
21.753389  68
21.755841  69
21.757993  75
21.759646  75
21.781682  20
21.841709  21
21.872727  361
21.888678  25
21.907990  30
21.910262  28
21.920944  25
21.932944  47
21.946346  28
21.957627  33
21.973353  47
21.988979  48
21.999561  55
22.026029  40
22.035318  79
22.037491  42
22.081820  52
22.099474  12
22.113827  40
22.118092  45
22.163453  51
22.167917  75
22.204426  75
22.214573  99
22.221869  104
22.224501  107
22.233610  97
22.327122  239
22.346675  311
22.355215  411
22.392150  425
22.394163  425
22.396395  91
22.400700  54
22.407777  79
22.428029  56
22.432254  104
22.439491  60
22.451772  55
22.466280  69
22.467893  114
22.477102  87
22.498448  88
22.502413  89
22.523643  119
22.534705  89
22.571296  130
22.573429  409
22.589895  157
22.607063  15
22.662945  84
22.667450  102
22.679965  65
22.686043  42
22.711157  107
22.714623  164
22.767872  183
22.774749  182
22.781586  161
22.843336  36
22.868786  360
22.877516  110
22.879748  418
22.883014  361
22.920426  451
22.942270  113
22.949187  162
22.951140  159
22.974977  117
22.992494  138
22.999391  170
23.019061  168
23.023186  174
23.034802  172
23.042972  166
23.059118  150
23.069481  415
23.098596  514
23.125972  368
23.131910  176
23.165404  37
23.170009  176
23.178219  153
23.188242  115
23.197306  191
23.231846  171
23.240335  189
23.260527  85
23.280937  178
23.347721  50
23.357516  79
23.395197  221
23.412956  234
23.455327  123
23.484223  418
23.512450  456
23.524166  466
23.542367  522
23.555901  475
23.569196  550
23.571009  237
23.583404  180
23.585177  241
23.591714  153
23.604529  248
23.619367  251
23.632608  258
23.647076  267
23.657717  232
23.659330  190
23.674405  206
23.678779  272
23.694105  233
23.702395  526
23.712996  274
23.717501  449
23.721067  234
23.734560  295
23.757942  299
23.765099  528
23.782623  604
23.784236  236
23.786089  298
23.839113  128
23.845211  296
23.862491  291
23.877078  185
23.901276  187
23.912379  248
23.942993  217
23.963818  100
23.993776  285
23.998141  250
24.038440  495
24.077710  167
24.131651  132
24.144306  301
24.163319  315
24.179645  359
24.203321  367
24.241422  498
24.243355  301
24.251885  274
24.253798  507
24.278035  527
24.288897  371
24.291529  553
24.293382  607
24.313493  555
24.335517  377
24.340102  686
24.342175  303
24.348872  250
24.352238  384
24.356962  247
24.368223  278
24.375994  328
24.384764  384
24.394253  393
24.400431  400
24.409120  395
24.410813  335
24.417870  190
24.435650  353
24.465758  383
24.482658  403
24.512193  408
24.530767  413
24.541969  415
24.557676  423
24.568378  425
24.579380  427
24.581033  609
24.599771  376
24.612806  427
24.623448  432
24.641308  435
24.648325  250
24.664846  437
24.692148  396
24.710127  336
24.721489  375
24.723662  441
24.740921  290
24.745186  446
24.757961  594
24.768204  349
24.784944  459
24.790682  165
24.802877  497
24.822209  509
24.828007  539
24.845173  442
24.846806  383
24.879761  400
24.905016  322
24.906629  199
24.909600  634
24.911273  316
24.919648  452
24.927064  557
24.950305  235
24.989436  265
25.000118  341
25.004802  396
25.009107  500
25.108834  501
25.117424  525
25.138848  538
25.150568  403
25.153459  722
25.180967  738
25.183160  521
25.227522  698
25.238088  522
25.240560  444
25.245004  829
25.250268  526
25.252840  414
25.259816  364
25.270819  528
25.273411  448
25.283014  505
25.289451  531
25.295808  539
25.307748  545
25.322161  444
25.326766  548
25.345984  506
25.351387  550
25.357210  470
25.361515  480
25.363927  562
25.365580  483
25.380890  574
25.390758  577
25.393250  508
25.404703  586
25.414231  507
25.416523  588
25.429002  591
25.437711  584
25.440363  619
25.453917  583
25.456908  474
25.507367  620
25.516076  587
25.548371  601
25.551083  450
25.562325  605
25.577757  608
25.589797  524
25.596474  623
25.610687  633
25.635641  645
25.637374  506
25.653398  520
25.663226  654
25.675266  660
25.690792  780
25.692565  676
25.697369  529
25.711637  695
25.723992  695
25.740936  705
25.758983  714
25.779991  674
25.838700  547
25.856582  674
25.874021  562
25.884128  677
25.902865  567
25.920508  681
25.932309  608
25.942536  628
25.944109  692
25.977984  240
25.992457  548
25.997421  397
26.011462  485
26.018763  635
26.061273  338
26.065138  488
26.077532  638
26.079365  720
26.084788  723
26.086401  726
26.102067  635
26.123217  751
26.152687  644
26.159144  771
26.171644  772
26.191400  634
26.196968  882
26.203585  886
26.206796  631
26.227146  632
26.228919  633
26.238447  632
26.243691  632
26.246163  550
26.253859  938
26.261215  532
26.268611  520
26.278439  629
26.285096  622
26.287468  602
26.300167  625
26.302020  625
26.309201  626
26.326104  539
26.327857  628
26.343887  629
26.352557  610
26.358624  557
26.362569  632
26.364821  593
26.370351  617
26.372743  634
26.380803  631
26.383055  635
26.396019  636
26.414626  639
26.420768  636
26.438511  635
26.440244  635
26.448059  772
26.451884  635
26.462452  635
26.464884  572
26.466497  631
26.483301  626
26.488544  620
26.490736  620
26.493448  615
26.507051  881
26.517074  625
26.522737  512
26.535143  611
26.540227  579
26.547683  626
26.551728  630
26.573980  630
26.575893  630
26.586360  627
26.590645  625
26.594395  624
26.622655  612
26.639246  630
26.642057  598
26.648801  630
26.650993  630
26.660968  627
26.684689  630
26.710454  939
26.717431  631
26.724822  636
26.726555  892
26.728967  637
26.735724  639
26.740872  640
26.746155  662
26.751039  664
26.752832  642
26.757656  643
26.779903  643
26.782535  638
26.788533  644
26.795889  646
26.816471  649
26.818044  649
26.834394  648
26.842644  640
26.857360  630
26.864556  631
26.870938  643
26.872631  639
26.878054  640
26.882858  633
26.884571  635
26.891068  633
26.903787  632
26.909490  632
26.938080  633
26.952641  634
26.953727  634
26.964409  625
26.972184  625
26.973797  624
26.988640  652
26.992845  538
26.994458  635
26.996131  612
27.001142  571
27.011789  602
27.014361  602
27.022644  601
27.027288  596
27.031892  593
27.034404  593
27.063357  595
27.069160  597
27.071812  603
27.078968  602
27.089071  836
27.100659  586
27.130889  838
27.151480  942
27.155585  940
27.163320  878
27.165073  875
27.169698  868
27.171870  548
27.173623  547
27.176774  853
27.185024  531
27.190927  563
27.193419  525
27.205300  525
27.207732  517
27.221785  519
27.226669  515
27.233765  488
27.236277  534
27.237990  533
27.240462  500
27.242794  528
27.250585  494
27.255009  493
27.282536  464
27.293198  451
27.295610  449
27.322848  796
27.324801  787
27.331158  387
27.337395  409
27.339707  378
27.368621  402
27.393281  378
27.409534  389
27.411167  389
27.421083  383
27.449543  365
27.453133  730
27.466052  717
27.475620  385
27.489797  305
27.491630  305
27.494222  304
27.531831  310
27.541439  306
27.561277  304
27.571085  303
27.573457  285
27.593293  257
27.606836  654
27.623086  278
27.632085  280
27.633858  280
27.640587  218
27.645291  217
27.649696  258
27.682820  268
27.684993  263
27.688838  263
27.700579  260
27.720239  512
27.724064  512
27.728928  255
27.742271  504
27.768264  602
27.776534  541
27.781398  232
27.798966  221
27.806202  220
27.808414  215
27.833175  236
27.835847  233
27.847013  265
27.848706  232
27.855543  229
27.885317  210
27.901627  230
27.923674  580
27.927719  577
27.933277  180
27.934890  180
27.939434  209
27.992768  206
27.999744  213
28.001377  212
28.005822  207
28.010926  224
28.015730  189
28.022748  187
28.024641  532
28.033970  118
28.059984  123
28.066881  101
28.080015  448
28.089611  97
28.105457  44
28.120004  100
28.122716  70
28.146145  66
28.162351  319
28.166696  65
28.178376  312
28.203153  422
28.214215  366
28.218540  364
28.225067  59
28.240383  49
28.242995  46
28.248713  416
28.259328  48
28.289029  49
28.294033  27
28.320262  42
28.329611  48
28.333496  381
28.340613  0
28.342186  10
28.370693  0
28.377530  23
28.391764  341
28.429393  0
28.431126  0
28.458573  8
28.477085  0
28.521439  239
28.523072  0
28.556008  338
28.564638  278
28.584589  278
28.588934  317
28.591206  0
28.629894  0
28.663380  305
28.665193  303
28.719160  0
28.748085  325
28.780334  272
28.831498  6
28.871947  225
29.021793  16
29.068081  0
29.090965  19
29.118220  0
29.151824  23
29.182799  23
29.220042  223
29.252769  270
29.259466  6
29.271562  11
29.281912  308
29.322196  11
29.333737  21
29.402957  8
29.433846  10
29.455970  22
29.509412  25
29.522611  2
29.533892  20
29.537498  25
29.598975  224
29.615820  329
29.626982  273
29.644000  276
29.652335  319
29.662138  287
29.671067  8
29.677485  8
29.698031  14
29.713357  18
29.721208  25
29.734023  322
29.753715  23
29.780405  18
29.791667  19
29.798365  16
29.811599  26
29.815725  35
29.820709  22
29.843766  30
29.859453  31
29.861326  300
29.890306  35
29.905292  21
29.911969  42
29.926577  23
29.933474  18
29.939852  22
29.943777  330
29.945909  20
29.966599  235
29.977641  25
29.992089  241
30.019103  344
30.032047  37
30.033620  300
30.036232  35
30.060509  339
30.092064  30
30.103765  34
30.114148  35
30.136905  344
30.168981  26
30.206432  62
30.216101  29
30.231268  355
30.238205  68
30.244602  63
30.248867  73
30.250960  86
30.263574  92
30.280713  337
30.284299  65
30.341413  25
30.357278  40
30.359431  42
30.361624  97
30.365969  39
30.372587  355
30.374680  47
30.381677  376
30.400729  267
30.410517  35
30.412410  267
30.421220  35
30.427657  272
30.476579  80
30.491486  340
30.515283  349
30.544001  63
30.563723  82
30.572392  48
30.588521  85
30.596492  408
30.615070  104
30.645644  57
30.675796  79
30.689277  391
30.697607  400
30.699919  102
30.702151  106
30.710809  109
30.714895  83
30.716848  128
30.726297  133
30.732814  101
30.745270  370
30.752147  97
30.810207  94
30.830866  50
30.836551  86
30.838484  134
30.844502  98
30.856882  408
30.858555  99
30.870441  79
30.872893  306
30.882521  96
30.925403  105
30.927256  53
30.941251  424
30.962000  124
30.977699  128
30.980231  110
30.981844  373
30.995038  411
31.008772  395
31.038528  71
31.050789  101
31.055154  108
31.073513  128
31.075426  117
31.102807  121
31.109165  127
31.116801  424
31.127584  449
31.131889  136
31.150628  153
31.165344  348
31.178080  126
31.199945  134
31.214453  176
31.219497  452
31.221250  151
31.230299  189
31.238789  156
31.261960  162
31.268437  424
31.273022  110
31.279400  167
31.299432  106
31.333939  191
31.336371  130
31.357381  191
31.375786  133
31.388529  135
31.394586  176
31.397138  466
31.414859  136
31.418865  372
31.435059  162
31.441556  100
31.451184  176
31.457322  466
31.461887  398
31.467845  153
31.472809  173
31.479553  443
31.500263  184
31.510112  181
31.512704  451
31.514876  491
31.521154  181
31.539373  185
31.579941  204
31.589717  165
31.596354  451
31.598946  183
31.603810  188
31.605443  167
31.628981  137
31.643789  184
31.692981  204
31.710944  209
31.727451  195
31.750876  185
31.767896  213
31.777745  221
31.781890  502
31.800123  188
31.824678  206
31.829602  219
31.863521  221
31.881739  216
31.944557  180
31.946849  192
31.955099  201
31.960877  200
32.004517  211
32.028797  190
32.034835  199
32.037008  435
32.039340  207
32.057211  183
32.062994  241
32.065266  459
32.097478  474
32.101403  522
32.103156  208
32.122354  484
32.182439  194
32.186424  201
32.193121  206
32.194954  511
32.199559  208
32.204084  215
32.215047  226
32.217519  223
32.255648  545
32.265297  455
32.267190  260
32.274027  524
32.282078  262
32.288295  553
32.326860  216
32.352051  229
32.354183  262
32.383845  569
32.388110  248
32.404269  207
32.413713  244
32.424894  256
32.431791  264
32.477559  235
32.484336  556
32.487722  249
32.511326  241
32.527675  221
32.531361  249
32.540410  243
32.577407  559
32.606506  247
32.632894  468
32.642961  252
32.651870  577
32.675536  250
32.690542  261
32.696284  526
32.730912  252
32.734837  528
32.755626  230
32.806872  255
32.812390  529
32.826084  254
32.832761  261
32.874805  262
32.884932  584
32.888598  584
32.895135  286
32.905857  281
32.998007  286
33.000299  246
33.007715  262
33.020917  592
33.027594  265
33.049850  530
33.054674  280
33.075911  284
33.086842  477
33.106258  285
33.108870  278
33.130439  263
33.140088  263
33.181270  577
33.234242  280
33.236634  271
33.250986  493
33.265498  281
33.284968  614
33.326572  532
33.330617  282
33.333249  545
33.349269  546
33.355056  557
33.377778  273
33.389930  263
33.392322  290
33.442025  287
33.445260  558
33.450963  561
33.453116  294
33.455408  291
33.497061  499
33.510255  609
33.517830  290
33.526404  290
33.573106  283
33.610345  281
33.631935  281
33.634467  292
33.641524  284
33.655557  281
33.657130  292
33.659782  291
33.666059  287
33.671482  552
33.674134  285
33.692071  284
33.701040  496
33.707317  281
33.714153  277
33.723961  271
33.727227  578
33.734763  278
33.743034  269
33.747798  269
33.809034  269
33.818683  488
33.821315  268
33.830364  484
33.835762  262
33.837355  269
33.850409  481
33.868560  267
33.888570  591
33.908700  271
33.940020  544
33.985037  563
33.992453  255
34.029209  229
34.031601  233
34.033973  243
34.074113  232
34.077978  555
34.094991  232
34.100494  539
34.141804  237
34.148201  231
34.164208  228
34.173237  236
34.188268  227
34.201302  226
34.207999  549
34.214716  494
34.221114  226
34.227711  218
34.229484  484
34.250195  194
34.254360  500
34.265122  185
34.275524  193
34.325563  182
34.338776  181
34.353268  178
34.375755  207
34.395006  426
34.402277  417
34.423346  211
34.437905  537
34.449306  531
34.452497  210
34.481301  463
34.492442  187
34.588636  202
34.620110  210
34.643380  501
34.657074  516
34.680218  194
34.693072  195
34.702441  196
34.719581  189
34.730454  195
34.748624  449
34.769874  182
34.774079  182
34.778584  187
34.783808  182
34.796103  184
34.802621  183
34.841090  182
34.847906  182
34.856248  182
34.879349  176
34.902572  386
34.918918  175
34.936365  178
34.945574  444
34.949280  166
34.979334  424
34.985872  158
34.990477  164
35.012761  215
35.023903  198
35.027808  478
35.040768  160
35.045752  154
35.068779  146
35.072924  151
35.097279  128
35.100450  452
35.109873  440
35.153615  133
35.160672  401
35.167189  136
35.176359  141
35.190988  137
35.212832  149
35.282349  157
35.289740  150
35.291653  146
35.309072  134
35.313117  132
35.316268  124
35.330241  115
35.335145  312
35.345448  310
35.349653  98
35.360256  97
35.364381  86
35.387343  338
35.396272  72
35.410725  75
35.452015  75
35.460585  95
35.464630  82
35.469474  97
35.487628  104
35.493216  85
35.497940  106
35.524551  101
35.526304  108
35.540432  424
35.544517  408
35.589663  107
35.621791  106
35.628432  103
35.706010  113
35.759860  90
35.761953  121
35.769349  101
35.815435  107
35.819241  115
35.823606  114
35.826118  114
35.836541  113
35.841046  112
35.870200  102
35.876797  88
35.908780  80
35.920600  77
35.922173  74
35.936365  70
35.947826  393
35.952291  67
35.955997  371
35.982860  370
35.987305  327
35.989358  325
36.005958  58
36.014128  58
36.032156  52
36.040925  55
36.063149  68
36.066955  322
36.080849  64
36.113915  69
36.115648  74
36.172412  292
36.180983  75
36.267702  92
36.273085  92
36.279643  93
36.294871  96
36.299635  59
36.303800  91
36.305393  89
36.421654  76
36.450729  78
36.459099  58
36.463344  59
36.488109  85
36.550279  80
36.565086  77
36.577881  75
36.588683  78
36.591909  85
36.593482  77
36.607375  87
36.616465  85
36.627248  386
36.656109  304
36.692629  342
36.708894  90
36.711186  93
36.727413  88
36.741802  93
36.756969  86
36.772336  86
36.789156  399
36.793921  80
36.821825  90
36.840991  358
36.870097  88
36.882852  304
36.889889  90
36.894054  92
36.898539  90
36.902245  91
36.922750  96
36.929987  92
36.931940  363
36.939931  97
36.943581  106
36.949739  81
36.994030  90
37.020399  90
37.033134  98
37.037459  87
37.039652  103
37.047288  401
37.055658  102
37.060003  104
37.073278  393
37.079703  92
37.089786  309
37.120740  108
37.126378  327
37.134538  100
37.146818  109
37.159133  122
37.164117  117
37.173980  94
37.176332  86
37.210472  84
37.227393  407
37.248826  394
37.266206  404
37.287219  364
37.297382  366
37.338044  331
37.347233  106
37.354170  99
37.362601  106
37.395726  378
37.413385  89
37.457082  106
37.483652  86
37.491053  106
37.503348  109
37.507633  103
37.511958  411
37.513651  128
37.524183  133
37.526036  423
37.533712  117
37.553623  102
37.561753  340
37.578834  123
37.580667  102
37.591069  341
37.600046  123
37.650300  152
37.660599  152
37.664685  93
37.673734  154
37.675347  134
37.686489  110
37.694860  101
37.767171  443
37.786583  119
37.791088  379
37.803918  387
37.825863  140
37.830775  355
37.855852  129
37.862409  118
37.865775  123
37.869006  144
37.881466  158
37.883419  149
37.903691  410
37.922369  104
37.930060  136
37.932233  123
37.952564  136
37.965065  147
37.970983  137
37.984178  152
37.998266  131
38.008422  138
38.018405  138
38.022530  130
38.025716  173
38.035244  451
38.044513  162
38.050950  141
38.062886  176
38.065418  166
38.068130  449
38.075251  139
38.089559  159
38.096276  149
38.104966  364
38.111543  430
38.118355  381
38.120807  166
38.123239  171
38.135071  390
38.136784  432
38.159647  147
38.168458  157
38.173996  148
38.190397  144
38.199825  460
38.215372  141
38.229480  468
38.238557  466
38.251451  167
38.269805  163
38.293707  428
38.296399  163
38.329546  164
38.350971  161
38.444738  152
38.529369  177
38.543737  179
38.548162  180
38.557112  395
38.567555  165
38.573972  182
38.580769  172
38.592058  182
38.628797  395
38.644759  399
38.654462  173
38.661798  406
38.688150  177
38.689783  178
38.738476  179
38.762852  485
38.765025  469
38.772102  187
38.781930  470
38.784123  183
38.803895  494
38.824285  431
38.834688  438
38.852147  179
38.865042  405
38.884597  177
38.886530  167
38.907658  180
38.922824  178
38.927349  183
38.933726  193
38.943579  457
38.949062  198
38.960263  458
38.975474  175
38.991819  181
39.007286  188
39.014642  179
39.028796  184
39.035893  174
39.044823  176
39.058137  176
39.062722  175
39.064595  177
39.073925  496
39.078690  173
39.085507  180
39.093717  175
39.108537  488
39.126596  182
39.145633  399
39.185895  448
39.201129  191
39.202782  182
39.208585  193
39.358384  193
39.399098  400
39.446914  175
39.458774  188
39.464038  195
39.496915  457
39.544926  497
39.547817  194
39.564701  177
39.587323  190
39.613855  195
39.615908  196
39.618200  183
39.623304  189
39.625497  185
39.632721  188
39.649725  188
39.666050  189
39.673006  406
39.677311  408
39.701632  188
39.705897  450
39.717621  450
39.722853  410
39.727058  188
39.731822  195
39.776088  186
39.796537  196
39.804377  199
39.833146  515
39.843768  498
39.846460  503
39.858760  509
39.868708  511
39.901301  202
39.922408  409
39.927272  409
39.928865  190
39.933609  190
39.948089  193
39.956546  193
39.983066  188
39.987191  190
40.014203  450
40.025604  509
40.030528  184
40.040636  193
40.059693  189
40.068510  497
40.071741  188
40.094471  186
40.096344  184
40.099555  186
40.115049  186
40.142788  180
40.145420  179
40.147133  179
40.161793  177
40.168590  171
40.173414  173
40.175726  170
40.181554  389
40.207961  172
40.209574  434
40.220955  380
40.223667  159
40.225839  166
40.229285  166
40.234149  159
40.240526  162
40.247083  158
40.252941  159
40.270045  154
40.275648  152
40.285411  153
40.294521  148
40.296873  145
40.305283  145
40.309588  464
40.316345  145
40.321389  451
40.323262  450
40.329539  145
40.331152  446
40.354554  120
40.356287  117
40.366195  115
40.368707  323
40.372432  103
40.380802  99
40.387579  98
40.390985  97
40.402585  89
40.411295  91
40.413068  91
40.432161  348
40.440500  402
40.442712  75
40.451601  80
40.453853  74
40.456485  80
40.467986  78
40.469659  75
40.472031  76
40.473784  76
40.476256  69
40.482114  74
40.486818  70
40.490963  65
40.493315  57
40.509328  46
40.511740  371
40.513713  371
40.521049  42
40.522702  40
40.536795  40
40.539187  40
40.543812  38
40.548456  36
40.550109  34
40.570260  28
40.572912  294
40.581681  243
40.585167  25
40.590151  32
40.598122  37
40.611876  26
40.625290  330
40.639318  0
40.643783  322
40.649086  1
40.654804  305
40.686222  0
40.688914  200
40.693279  0
40.703095  0
40.708973  0
40.746725  244
40.757357  0
40.762481  0
40.765013  0
40.801924  3
40.806109  0
40.838121  280
40.878866  236
40.891568  186
40.896452  0
40.900977  0
40.954256  273
40.991547  184
41.054549  0
41.201204  0
41.281007  2
41.314427  4
41.355738  4
41.361915  6
41.385159  8
41.413935  17
41.424662  24
41.426315  28
41.431498  20
41.491272  2
41.522007  0
41.539347  5
41.555075  33
41.616132  278
41.618125  1
41.657932  26
41.668614  20
41.677144  28
41.685275  1
41.689620  4
41.695518  12
41.714276  30
41.725512  25
41.738426  27
41.746061  30
41.762067  38
41.783093  54
41.791803  57
41.795509  53
41.800173  5
41.804398  61
41.806491  9
41.816473  19
41.821118  6
41.834812  10
41.841410  17
41.849261  34
41.851713  36
41.855698  54
41.865355  59
41.873705  26
41.908365  33
41.917195  70
41.919487  40
41.928397  21
41.956240  42
41.978678  50
41.984276  49
42.006279  69
42.030939  57
42.035204  47
42.046127  59
42.050592  25
42.069805  27
42.075783  64
42.083521  61
42.094523  63
42.106025  3
42.169493  59
42.175950  28
42.191416  56
42.197754  27
42.204811  58
42.206644  58
42.213062  59
42.240772  61
42.271592  26
42.273884  75
42.291043  59
42.306291  76
42.312868  59
42.353794  63
42.380866  79
42.407276  63
42.418998  85
42.422664  57
42.437612  61
42.456445  68
42.489218  99
42.514688  67
42.529036  73
42.564522  92
42.573192  96
42.585393  117
42.599661  66
42.602273  68
42.610304  72
42.618121  62
42.633645  75
42.635778  62
42.658043  69
42.661449  75
42.690891  62
42.723757  82
42.732927  97
42.744368  118
42.760689  38
42.769559  84
42.802813  96
42.810013  70
42.811666  121
42.823567  90
42.827373  125
42.844833  105
42.854476  111
42.881563  109
42.895098  101
42.910226  119
42.930377  109
42.949370  107
42.953435  109
42.987515  94
43.002802  120
43.010019  122
43.018928  118
43.027338  97
43.034215  140
43.035888  124
43.038600  111
43.049702  112
43.055920  117
43.062657  119
43.084162  119
43.099230  121
43.118423  116
43.121135  69
43.122728  117
43.139928  113
43.157228  130
43.168809  125
43.174468  117
43.214386  57
43.234578  120
43.301646  124
43.335945  123
43.337838  130
43.348900  133
43.404404  127
43.413161  135
43.436496  79
43.452403  139
43.459080  125
43.460813  138
43.478379  129
43.490324  154
43.492157  125
43.496262  124
43.546476  134
43.581076  131
43.593992  114
43.609939  116
43.616196  125
43.631571  155
43.633384  135
43.642421  132
43.695166  105
43.715138  132
43.721915  156
43.723548  141
43.728379  161
43.740794  156
43.760166  139
43.775173  136
43.788801  159
43.817711  152
43.823090  135
43.827854  172
43.849118  138
43.855635  144
43.868455  148
43.889461  178
43.917922  179
43.930298  181
43.937434  156
43.939627  178
43.955075  132
43.959160  149
43.963325  152
43.970776  146
43.972409  149
43.983710  155
43.985882  160
43.987935  160
43.998023  157
44.008587  174
44.030801  155
44.056710  154
44.065529  159
44.076611  121
44.089856  154
44.105990  166
44.115019  172
44.117271  185
44.119024  123
44.120717  169
44.156771  174
44.170106  175
44.174291  150
44.187426  142
44.197790  178
44.210171  187
44.223167  166
44.250489  179
44.267290  176
44.276160  168
44.277973  169
44.290988  182
44.302174  159
44.309690  183
44.323105  188
44.392012  188
44.401480  169
44.422392  194
44.458605  165
44.465342  204
44.467694  182
44.504365  187
44.511641  170
44.513834  188
44.529281  181
44.538430  178
44.567833  181
44.582442  185
44.591751  171
44.611790  173
44.614282  199
44.633314  182
44.635107  177
44.660276  181
44.675287  185
44.679452  182
44.699169  178
44.721353  203
44.725838  207
44.734648  183
44.754641  193
44.784875  203
44.792491  196
44.794624  195
44.815055  200
44.824624  204
44.833035  195
44.867043  204
44.877845  204
44.879458  203
44.904649  178
44.923122  204
44.928286  205
44.941920  203
44.952003  203
44.964838  201
44.968524  200
44.977833  200
44.989056  204
44.990789  201
45.001672  205
45.006337  177
45.019392  206
45.025190  205
45.049308  205
45.072546  193
45.088552  204
45.104139  209
45.106312  197
45.115442  190
45.148723  202
45.184556  204
45.232551  207
45.257427  205
45.261212  206
45.291786  208
45.326504  210
45.353094  219
45.362917  203
45.368076  221
45.388426  211
45.420274  212
45.443296  216
45.468066  221
45.473469  223
45.526611  214
45.529003  207
45.540133  209
45.544438  207
45.554846  216
45.566811  213
45.622302  217
45.626707  203
45.645005  206
45.656526  219
45.658998  209
45.665935  214
45.722730  213
45.731080  213
45.735292  215
45.737085  214
45.743442  211
45.745035  208
45.756144  211
45.770216  209
45.771849  214
45.806332  222
45.842970  221
45.847015  212
45.857657  216
45.871090  213
45.877827  213
45.922199  218
45.924651  218
45.933940  215
45.998194  219
46.004152  218
46.012781  215
46.023903  212
46.026694  209
46.059789  206
46.083860  208
46.089363  212
46.131518  205
46.143259  206
46.149956  207
46.157012  205
46.163729  208
46.167794  215
46.170366  206
46.177822  214
46.190996  204
46.269174  217
46.299518  213
46.334781  217
46.382371  223
46.384943  219
46.389807  226
46.398057  225
46.439856  218
46.447332  226
46.455242  223
46.480401  221
46.503229  221
46.508193  218
46.512897  220
46.519554  219
46.528603  217
46.538106  216
46.542391  212
46.547255  214
46.548988  215
46.555505  211
46.571028  213
46.578044  210
46.580576  208
46.597060  208
46.599332  218
46.603797  214
46.627857  214
46.693914  214
46.698359  222
46.759458  224
46.761031  226
46.796604  220
46.806452  213
46.834197  214
46.840775  220
46.867645  219
46.894894  218
46.897406  211
46.900058  221
46.904243  229
46.913532  232
46.923200  227
46.935109  212
46.941432  222
46.943684  227
46.963919  226
47.012330  227
47.016595  233
47.024655  224
47.028780  223
47.030453  223
47.032046  223
47.046997  219
47.076624  217
47.080030  218
47.099805  209
47.113310  217
47.115942  216
47.122059  217
47.163209  211
47.174611  206
47.179016  203
47.198341  212
47.207391  220
47.208964  212
47.213828  217
47.215641  212
47.221759  200
47.223432  196
47.236546  207
47.255658  195
47.264927  190
47.276349  182
47.278981  180
47.287251  174
47.303117  172
47.304770  177
47.330880  169
47.333472  169
47.346627  159
47.359114  155
47.361127  157
47.363160  161
47.366495  162
47.376798  159
47.378551  158
47.388119  144
47.393123  152
47.405319  141
47.414689  143
47.430264  136
47.460838  152
47.474259  148
47.476651  140
47.495248  150
47.497141  139
47.505771  149
47.508383  142
47.520718  144
47.542322  154
47.544974  147
47.563032  139
47.566877  149
47.568590  146
47.620850  139
47.677281  123
47.702797  127
47.706822  128
47.712580  121
47.735582  134
47.738054  127
47.773767  124
47.776459  134
47.789354  120
47.800776  127
47.811139  118
47.837496  118
47.845147  110
47.874795  118
47.881032  109
47.885397  108
47.887170  107
47.899884  97
47.904649  99
47.915531  96
47.919716  94
47.921289  91
47.931312  80
47.935637  81
47.940222  84
47.951184  86
47.989349  85
47.995986  81
48.006769  72
48.012687  78
48.069940  75
48.083335  77
48.091405  74
48.106159  79
48.111253  79
48.115858  89
48.117951  86
48.120583  80
48.143720  78
48.157935  74
48.168203  80
48.183071  83
48.194577  77
48.291883  93
48.316873  80
48.484375  75
48.486607  81
48.492565  90
48.499222  85
48.559686  82
48.598470  85
48.602875  83
48.639860  83
48.645423  81
48.649469  85
48.685527  88
48.699069  79
48.715693  80
48.723743  83
48.777100  82
48.783597  73
48.787902  77
48.859281  78
48.942309  85
48.997387  84
49.031487  89
49.054984  84
49.062241  107
49.092336  81
49.102119  85
49.114475  86
49.125023  86
49.132654  86
49.160504  86
49.197937  96
49.211551  82
49.213724  98
49.240913  94
49.279986  104
49.305535  96
49.318969  85
49.325666  98
49.333477  107
49.357533  99
49.359206  86
49.380512  103
49.392887  106
49.405722  106
49.407295  107
49.420517  120
49.427354  111
49.431419  86
49.448320  111
49.473530  120
49.482380  120
49.491789  110
49.500100  114
49.510982  144
49.516880  101
49.523178  117
49.534719  122
49.542730  119
49.557737  124
49.560349  102
49.563795  119
49.565668  117
49.573758  120
49.577943  120
49.580535  119
49.591178  113
49.604512  141
49.612822  138
49.640744  122
49.658718  132
49.665755  121
49.676637  123
49.684948  135
49.719408  138
49.744311  141
49.757066  96
49.765396  141
49.770480  121
49.795870  141
49.800315  128
49.806013  139
49.824291  142
49.857258  142
49.883147  139
49.894723  145
49.913495  144
49.923959  150
49.954093  140
49.975897  156
49.987218  148
49.991763  150
49.999955  140
50.006413  142
50.014963  146
50.037570  145
50.044447  149
50.060014  133
50.076994  144
50.084584  143
50.125941  151
50.138983  138
50.226215  155
50.228048  162
50.245207  134
50.249132  167
50.255450  157
50.264480  158
50.268305  158
50.272570  154
50.274543  160
50.282494  163
50.291263  161
50.293436  170
50.308330  159
50.321385  168
50.348574  163
50.360889  159
50.376077  152
50.377830  169
50.417102  161
50.422720  164
50.449428  176
50.452060  174
50.471911  166
50.487457  197
50.498499  165
50.531127  168
50.535412  171
50.545954  184
50.547727  173
50.554411  183
50.562187  170
50.567925  183
50.572770  161
50.586684  191
50.599809  188
50.631696  178
50.648796  178
50.669501  182
50.678874  197
50.698780  198
50.716419  168
50.723256  180
50.725009  185
50.739517  195
50.748307  185
50.750340  204
50.768239  156
50.774417  174
50.778023  184
50.786013  203
50.790179  183
50.806125  191
50.814136  203
50.833788  202
50.864263  189
50.875165  191
50.893304  211
50.895377  197
50.927350  215
50.929383  197
50.946716  215
50.948509  216
50.950741  205
50.954966  202
50.978983  203
50.983208  215
50.985760  210
50.998161  210
51.035341  217
51.043391  209
51.049589  223
51.072412  204
51.080522  217
51.092224  204
51.096349  216
51.098801  208
51.100374  206
51.106172  209
51.107885  208
51.123512  201
51.125185  214
51.134195  211
51.138220  203
51.179617  222
51.197317  206
51.210612  216
51.219701  224
51.229010  212
51.277339  228
51.289374  235
51.309972  186
51.324664  201
51.333554  236
51.340751  234
51.351942  227
51.369821  233
51.398702  230
51.402907  229
51.408745  212
51.426245  218
51.436828  230
51.457593  227
51.474674  235
51.486196  225
51.488149  235
51.492594  230
51.496699  235
51.524141  235
51.525874  238
51.554037  243
51.577598  240
51.690082  246
51.808429  242
51.811400  233
51.850462  237
51.862143  234
51.881554  236
51.886425  245
51.892188  236
51.900817  234
51.911144  240
51.938435  236
51.962982  238
51.968864  227
52.003266  231
52.007511  214
52.020497  230
52.022190  226
52.059289  233
52.075799  227
52.077972  229
52.096584  221
52.103948  226
52.135392  226
52.140835  231
52.181600  227
52.198764  226
52.208783  230
52.217372  225
52.274071  237
52.303264  229
52.373590  235
52.378973  244
52.408596  224
52.429746  233
52.435504  233
52.450315  227
52.474808  224
52.493545  233
52.529644  232
52.535147  232
52.544371  225
52.554119  223
52.563068  224
52.580746  222
52.584931  222
52.596472  219
52.598744  227
52.601835  224
52.603848  222
52.624604  224
52.633450  230
52.644492  227
52.647663  221
52.659308  228
52.661700  223
52.664352  217
52.694532  229
52.712496  225
52.715048  226
52.731992  227
52.734604  222
52.736497  219
52.739009  215
52.763553  220
52.807968  208
52.812333  215
52.815943  206
52.819229  205
52.825681  209
52.836228  209
52.846630  206
52.852333  207
52.861509  211
52.869499  203
52.874343  207
52.875996  207
52.905827  200
52.921170  205
52.931996  203
52.941769  218
52.953423  207
52.958687  206
52.969419  196
52.975007  197
52.980390  196
53.042288  209
53.048665  206
53.060840  201
53.117626  206
53.129406  200
53.134530  204
53.140947  203
53.142580  201
53.145052  198
53.147724  192
53.150176  189
53.158371  186
53.168233  177
53.173792  175
53.176883  184
53.187046  172
53.197519  172
53.203597  175
53.205190  159
53.250282  162
53.271431  157
53.280160  160
53.281813  173
53.303581  169
53.322467  171
53.332730  162
53.367376  163
53.376325  152
53.384395  146
53.389319  136
53.396902  140
53.410576  132
53.412868  129
53.426042  130
53.430806  125
53.455755  124
53.460439  121
53.463665  113
53.465298  110
53.466991  113
53.474287  110
53.476479  118
53.480664  105
53.482457  105
53.511385  107
53.513158  107
53.519895  104
53.530677  99
53.540286  104
53.551895  105
53.556480  99
53.561404  102
53.566388  97
53.575597  100
53.582234  99
53.587038  97
53.597081  97
53.601106  87
53.627794  83
53.630106  79
53.645274  65
53.652611  77
53.654404  76
53.673542  72
53.675754  70
53.679619  64
53.686776  53
53.689168  52
53.693003  54
53.718677  52
53.729699  49
53.741834  48
53.744406  44
53.800123  34
53.811464  27
53.813936  29
53.826851  15
53.829083  13
53.842597  15
53.850268  10
53.852820  10
53.856506  12
53.861011  8
53.862964  5
53.873132  10
53.877317  9
53.883854  9
53.888558  10
53.894316  9
53.901392  8
53.907770  8
53.912314  2
53.943820  20
53.954623  0
53.959108  8
53.965766  0
53.970191  0
53.975769  0
53.996515  0
54.009790  0
54.020952  0
54.025557  0
54.042276  0
54.073023  0
54.077308  0
54.137498  0
54.141204  0
54.179513  4
54.233075  2
54.239992  0
54.293465  0
54.303268  0
54.327745  5
54.378279  8
54.392811  0
54.431301  5
54.464102  16
54.471319  7
54.532627  6
54.553952  5
54.555845  6
54.575117  6
54.587612  0
54.611269  8
54.616013  10
54.618365  16
54.683954  3
54.705845  1
54.718460  1
54.722885  20
54.728823  9
54.744071  24
54.746283  13
54.757225  21
54.761090  5
54.762923  19
54.773425  28
54.788273  17
54.790406  17
54.817010  14
54.818843  27
54.834690  14
54.844819  19
54.851496  21
54.872822  10
54.886397  24
54.920325  21
54.922817  25
54.941830  25
54.954872  36
54.957584  23
54.987339  23
55.028681  23
55.031293  31
55.033885  28
55.059396  25
55.069519  21
55.083053  39
55.095528  59
55.100033  31
55.114961  31
55.128076  30
55.137585  15
55.148088  31
55.152053  25
55.176170  28
55.195510  36
55.197603  37
55.211497  39
55.226150  18
55.244824  46
55.254268  26
55.256560  50
55.271868  35
55.278665  53
55.293892  63
55.301576  56
55.312458  70
55.317577  66
55.320468  64
55.358728  60
55.371877  25
55.403032  34
55.405045  65
55.417740  64
55.430754  66
55.444288  48
55.453677  64
55.470518  72
55.473070  75
55.481780  75
55.488317  76
55.492982  69
55.497467  75
55.501692  74
55.507240  74
55.509033  80
55.515460  72
55.517053  30
55.528793  78
55.537343  74
55.555501  76
55.578386  67
55.599351  68
55.618483  56
55.629862  71
55.642357  69
55.662049  75
55.669166  95
55.686387  77
55.688420  88
55.693105  91
55.702834  94
55.704527  82
55.711064  71
55.726051  83
55.730756  93
55.748775  81
55.797842  96
55.804719  93
55.820266  85
55.831802  87
55.834494  92
55.847369  103
55.877172  90
55.885961  108
55.890366  88
55.894191  97
55.896324  92
55.902622  94
55.905014  86
55.910972  79
55.913344  76
55.917509  98
55.924886  98
55.968862  102
55.970775  98
55.983210  100
55.988294  107
56.004755  100
56.006388  107
56.021335  96
56.026079  100
56.050165  105
56.067286  96
56.081220  106
56.091483  114
56.095149  106
56.110715  104
56.118907  107
56.120540  110
56.130269  105
56.141765  117
56.172400  105
56.221787  105
56.229977  108
56.240060  113
56.254847  114
56.274839  129
56.290640  137
56.310392  114
56.314437  131
56.321381  131
56.323014  118
56.331444  120
56.344219  129
56.352989  114
56.357014  106
56.363292  117
56.367317  111
56.379633  120
56.394780  125
56.401498  121
56.405543  115
56.421170  122
56.435504  118
56.440169  145
56.458863  129
56.475523  108
56.481481  128
56.495914  136
56.499620  134
56.503545  132
56.527640  136
56.529673  148
56.541255  139
56.543008  136
56.553331  129
56.576343  141
56.616274  135
56.622059  143
56.661044  145
56.682089  144
56.694684  138
56.699329  146
56.727650  143
56.732035  139
56.754908  148
56.767263  146
56.768896  148
56.774994  157
56.781132  156
56.793193  147
56.804195  130
56.808840  151
56.818169  141
56.863931  145
56.866203  148
56.884556  145
56.886489  147
56.906381  147
56.920929  149
56.936636  134
56.943054  146
56.947299  145
56.969184  152
56.971596  182
56.973569  151
56.975762  147
56.995214  154
57.009489  180
57.013714  158
57.021424  175
57.023017  172
57.027242  178
57.035172  177
57.036785  151
57.041070  156
57.042843  173
57.046988  193
57.079107  178
57.145985  179
57.148337  169
57.168189  159
57.189615  165
57.195394  166
57.217482  191
57.224259  177
57.239518  193
57.261402  172
57.263315  187
57.268853  196
57.286319  183
57.288851  200
57.290644  165
57.292257  185
57.298634  182
57.306825  197
57.315734  175
57.320419  198
57.333455  181
57.359965  186
57.366682  191
57.383761  183
57.391085  199
57.410008  185
57.411981  202
57.421804  199
57.442334  172
57.453137  173
57.459575  188
57.473449  180
57.475382  199
57.477055  209
57.488924  201
57.503732  202
57.518160  216
57.524417  207
57.533347  206
57.534960  210
57.539085  203
57.545642  213
57.555171  211
57.559316  208
57.575511  218
57.581449  204
57.585614  203
57.599009  189
57.631925  203
57.659169  206
57.670765  191
57.674950  208
57.690657  215
57.704072  211
57.736198  211
57.744169  207
57.751226  218
57.760235  218
57.766732  219
57.784052  213
57.790969  212
57.799299  223
57.805337  220
57.811495  211
57.814586  213
57.822517  224
57.826382  218
57.840271  236
57.853949  210
57.865590  221
57.867223  226
57.894165  224
57.914755  219
57.933408  212
57.935481  217
57.951468  217
57.977538  221
57.985708  232
57.993759  226
58.001103  214
58.003196  231
58.015231  223
58.021729  234
58.032331  223
58.040915  234
58.046698  227
58.054369  234
58.056382  225
58.058295  229
58.073607  234
58.075720  224
58.084249  237
58.093932  236
58.126759  233
58.174143  231
58.207773  233
58.224538  238
58.242377  225
58.268346  227
58.279108  234
58.292463  227
58.324392  238
58.326365  235
58.332063  239
58.336847  240
58.346895  236
58.348488  222
58.412664  250
58.422927  238
58.463424  236
58.495597  235
58.503308  225
58.513950  230
58.523758  248
58.530476  237
58.560884  251
58.579361  256
58.581054  259
58.591376  250
58.603157  247
58.605150  248
58.609375  254
58.618951  252
58.620864  243
58.630887  249
58.636945  255
58.647907  253
58.669786  257
58.686079  239
58.726243  236
58.746395  255
58.757265  240
58.787879  235
58.790551  246
58.792204  263
58.798561  253
58.822280  250
58.835854  258
58.851428  259
58.858005  258
58.868807  264
58.872972  261
58.885409  254
58.896412  243
58.903568  256
58.912318  264
58.928005  263
58.949789  260
58.957860  254
58.974366  262
58.990353  258
59.007683  259
59.016233  253
59.031939  255
59.042162  262
59.093346  262
59.098090  259
59.102874  258
59.130426  260
59.155675  265
59.175551  270
59.189444  269
59.220186  261
59.279779  251
59.296141  267
59.319992  254
59.330459  256
59.338893  258
59.364913  256
59.377001  259
59.379253  267
59.394899  251
59.396472  255
59.409511  251
59.411104  266
59.417881  250
59.422285  233
59.428642  248
59.434849  252
59.441346  252
59.476509  253
59.500510  256
59.505394  247
59.517654  250
59.541072  238
59.543664  237
59.547873  241
59.563938  241
59.571074  225
59.576377  242
59.592782  242
59.642542  244
59.646767  251
59.670937  256
59.690972  252
59.698308  251
59.699921  244
59.703112  252
59.713994  253
59.735760  256
59.765144  250
59.818203  244
59.822448  244
59.827612  244
59.829345  243
59.849639  249
59.862239  239
59.868996  238
59.878045  244
59.901548  243
59.905760  248
59.921086  246
59.924776  241
59.926409  245
59.931073  246
59.936205  248
59.947586  242
59.949818  230
59.965863  248
59.970208  246
59.978144  240
59.982808  243
59.991717  232
59.995602  231
59.997335  233
