# t(s) QueuingDelay(ms)
10.157175  0
10.192743  2
10.214368  12
10.223358  13
10.236293  17
10.238725  1
10.251940  3
10.253913  11
10.285690  19
10.301617  20
10.307495  18
10.311580  34
10.330039  37
10.340761  31
10.351929  31
10.368490  39
10.379472  33
10.381405  45
10.393487  57
10.400025  47
10.411527  66
10.418244  60
10.425755  75
10.428892  70
10.437881  78
10.449503  85
10.467143  88
10.478590  7
10.488653  90
10.511997  96
10.518175  105
10.535615  107
10.543746  19
10.548111  114
10.565221  122
10.582600  137
10.600873  137
10.605098  27
10.609823  162
10.629655  46
10.635054  158
10.658503  166
10.669125  171
10.674030  89
10.683703  199
10.694625  211
10.696198  96
10.717153  99
10.730176  102
10.736173  217
10.757519  218
10.768121  179
10.784952  224
10.795205  230
10.805648  9
10.817883  223
10.822408  230
10.825674  106
10.827727  245
10.845086  258
10.846699  350
10.857842  259
10.871696  272
10.887488  377
10.908739  132
10.915317  261
10.974812  380
10.991319  151
11.013777  156
11.032561  33
11.039478  263
11.041750  409
11.048810  171
11.062725  35
11.064917  415
11.084289  471
11.102148  519
11.104221  239
11.108206  49
11.122155  536
11.127913  298
11.131239  246
11.142480  550
11.146197  169
11.155446  340
11.174746  379
11.177917  561
11.181328  183
11.197469  408
11.201774  575
11.205800  270
11.222374  431
11.224786  309
11.236008  330
11.240712  440
11.258093  452
11.262338  580
11.267322  382
11.269355  455
11.300503  604
11.308793  617
11.311425  208
11.333121  231
11.349493  646
11.363287  459
11.372931  395
11.375123  668
11.383813  491
11.396168  681
11.403684  405
11.437890  414
11.454831  428
11.492146  133
11.499857  428
11.508347  136
11.518829  258
11.547610  365
11.562042  355
11.576281  354
11.615865  432
11.620610  337
11.648677  424
11.700297  137
11.757730  443
11.766780  442
11.773038  426
11.775590  465
11.797422  420
11.799595  477
11.821920  341
11.837064  464
11.841209  366
11.843801  474
11.860821  472
11.902197  478
11.915092  487
11.928086  447
11.930159  475
11.998003  456
12.011038  147
12.042607  147
12.092241  174
12.104896  194
12.126961  229
12.129533  465
12.148766  230
12.150419  489
12.161926  373
12.167704  374
12.189168  596
12.197938  588
12.206008  402
12.232838  456
12.298811  450
12.308339  219
12.358244  599
12.393733  639
12.453823  498
12.474888  509
12.485651  602
12.518145  499
12.520757  602
12.525182  596
12.549822  507
12.703779  496
12.798752  257
12.814139  299
12.852083  325
12.869022  506
12.880931  331
12.918776  514
12.931337  527
12.948037  3
12.980024  52
13.005376  605
13.039736  528
13.063047  605
13.101757  607
13.108274  61
13.140681  617
13.180863  654
13.210045  662
13.319917  603
13.478320  540
13.556184  611
13.576836  701
13.593677  605
13.725360  87
13.755715  332
13.778693  347
13.796693  616
13.811580  667
13.826048  495
13.852207  637
13.873891  599
13.884462  643
13.901862  666
13.936815  630
14.037033  134
14.051200  727
14.058596  50
14.123071  5
14.145768  68
14.174409  73
14.183199  109
14.205710  678
14.216034  147
14.439735  418
14.713401  670
14.756436  438
14.790406  703
14.792818  139
14.796764  16
14.812944  528
14.823567  792
14.874889  692
14.905243  757
14.939807  567
14.959914  742
14.997310  155
15.005281  587
15.024873  160
15.045278  94
15.089961  867
15.102937  238
15.107123  34
15.125835  758
15.158002  83
15.280570  709
15.290713  233
15.439316  821
15.553858  548
15.650502  67
15.680517  256
15.757475  90
15.799846  134
15.806264  251
15.838641  561
15.883070  876
15.889607  356
15.931028  190
15.932821  908
16.010077  632
16.014043  934
16.037987  105
16.097959  319
16.111494  141
16.175309  209
16.183420  985
16.219592  706
16.234779  180
16.243916  832
16.283675  976
16.299581  1004
16.323538  1118
16.418349  244
16.439490  375
16.473378  431
16.490263  924
16.517110  935
16.520121  880
16.764565  229
16.782129  398
16.803425  206
16.810676  231
16.820691  293
16.875910  751
16.889248  393
17.036383  879
17.054935  890
17.152956  949
17.166155  358
17.217787  368
17.254841  980
17.267515  254
17.280674  974
17.288130  1119
17.414100  1061
17.524656  1024
17.551582  1051
17.632043  864
17.769165  254
17.790560  399
17.799873  379
17.813945  314
17.817870  401
17.843663  320
17.848726  627
17.850539  379
17.862899  378
17.881054  264
17.886517  262
17.908026  381
17.916421  378
17.928141  400
17.930553  257
17.942014  263
17.960483  397
17.989867  261
18.013288  626
18.042807  625
18.131500  627
18.161783  628
18.170932  377
18.178767  627
18.207779  626
18.224111  377
18.226423  376
18.240256  624
18.280182  257
18.287918  978
18.290829  254
18.293840  252
18.307233  929
18.334125  250
18.347203  246
18.354579  245
18.373106  620
18.402070  615
18.411243  239
18.428510  602
18.430323  371
18.432735  599
18.436141  368
18.444990  368
18.448201  348
18.449874  346
18.452346  596
18.488897  230
18.512792  984
18.539056  598
18.550637  599
18.556355  624
18.558527  995
18.561219  625
18.566303  628
18.759934  243
18.762785  242
18.774525  242
18.776937  241
18.790950  240
18.793821  377
18.803857  299
18.821555  298
18.832301  349
18.838279  609
18.840971  350
18.856691  357
18.858404  378
18.860037  608
18.863228  360
18.877670  240
18.881715  609
18.886100  376
18.895358  609
18.902474  611
18.904247  610
18.907438  360
18.937531  243
18.969139  232
18.994138  600
18.996550  373
19.007371  372
19.018972  595
19.023996  593
19.030713  592
19.089699  348
19.093005  580
19.117804  575
19.123088  574
19.128891  328
19.177695  323
19.179368  323
19.185606  322
19.193601  572
19.230875  202
19.240747  924
19.245611  201
19.272883  187
19.309024  555
19.311376  865
19.357719  188
19.377094  337
19.395751  317
19.400775  565
19.405819  315
19.415567  563
19.460519  337
19.463171  193
19.465823  930
19.470068  558
19.502114  930
19.505460  562
19.508591  931
19.519632  930
19.539088  930
19.724476  217
19.741441  219
19.748677  218
19.750550  218
19.756228  218
19.764642  353
19.766934  273
19.769905  272
19.774789  272
19.777101  217
19.779213  272
19.784057  217
19.799109  273
19.801421  563
19.803653  317
19.808397  564
19.814814  328
19.816647  349
19.819059  577
19.820672  327
19.836678  193
19.839769  578
19.841482  578
19.850759  579
19.860766  579
19.871832  328
19.880861  580
19.924190  206
19.973515  586
19.976566  349
19.979797  232
19.986249  364
20.094694  332
20.128917  321
20.166836  185
20.168629  183
20.178647  908
20.193426  184
20.216813  186
20.227060  187
20.235235  189
20.238965  189
20.246760  861
20.286437  178
20.292819  306
20.295431  303
20.302827  300
20.305479  280
20.313095  278
20.317140  277
20.327833  144
20.339494  134
20.343359  274
20.347504  133
20.354960  874
20.402614  874
20.417591  881
20.430406  875
20.603588  131
20.605840  128
20.612717  127
20.615329  126
20.617681  265
20.619314  125
20.626790  244
20.643020  186
20.649717  265
20.655400  185
20.658875  182
20.660868  178
20.663939  178
20.665912  176
20.671834  246
20.685399  98
20.690163  235
20.707443  203
20.722097  58
20.734141  195
20.741337  387
20.743729  158
20.748473  153
20.861762  654
20.904288  585
20.908133  578
20.912498  576
20.967207  594
21.027341  594
21.042935  601
21.051345  605
21.086059  546
21.252343  15
21.259399  0
21.269487  0
21.297039  0
21.343372  0
21.380169  258
21.529626  635
21.543141  635
21.635362  56
21.656367  70
21.695605  648
21.710772  659
21.727872  660
21.741965  661
21.914842  74
21.985721  602
22.080118  588
22.146744  184
22.159160  188
22.362573  193
22.390195  589
22.394600  597
22.398845  83
22.409708  722
22.425456  96
22.438470  150
22.452479  211
22.465913  214
22.482714  217
22.497741  665
22.515160  673
22.532540  806
22.542663  814
22.563787  814
22.590695  795
22.596673  815
22.646011  748
22.667225  153
22.828442  217
22.987373  162
23.006366  169
23.017308  331
23.018901  2
23.022966  332
23.082118  199
23.106373  204
23.153887  349
23.159366  359
23.170172  12
23.194674  424
23.197086  449
23.215223  370
23.224182  383
23.255648  451
23.368271  380
23.378973  796
23.385450  812
23.409941  223
23.412872  780
23.438521  229
23.459917  305
23.467333  149
23.489061  403
23.491193  815
23.507518  410
23.511703  427
23.525676  444
23.532613  832
23.535165  447
23.541946  994
23.564795  993
23.603563  991
23.622679  166
23.646537  173
23.653429  270
23.667070  308
23.712500  400
23.763656  312
24.057727  335
24.060858  154
24.066010  342
24.098566  42
24.105203  194
24.123361  369
24.125254  393
24.181472  196
24.218131  628
24.240958  383
24.380608  390
24.382681  973
24.394860  983
24.415409  936
24.454616  945
24.469656  405
24.494116  409
24.496009  207
24.500074  408
24.501847  406
24.516244  406
24.518936  405
24.524374  405
24.528104  405
24.532409  404
24.534102  403
24.538227  400
24.544824  990
24.550068  399
24.563027  397
24.607664  287
24.659422  303
24.661115  303
24.662768  302
24.665340  299
24.672656  296
24.683098  293
24.706419  391
24.755429  296
24.775262  301
24.977081  338
24.984712  161
25.022270  336
25.026435  355
25.033032  352
25.053570  336
25.059872  321
25.106805  337
25.137455  338
25.142239  205
25.144511  336
25.146124  339
25.148596  339
25.150189  335
25.151882  333
25.165395  335
25.172371  573
25.176396  334
25.248899  346
25.351754  349
25.356418  944
25.362955  349
25.377886  945
25.386036  944
25.387809  899
25.429286  353
25.444937  367
25.462049  311
25.463702  310
25.466888  369
25.468641  307
25.491357  371
25.493749  372
25.495462  371
25.497714  370
25.523048  371
25.525520  371
25.530664  973
25.538440  372
25.572288  274
25.579884  274
25.597242  271
25.617362  273
25.621427  271
25.635620  272
25.644558  272
25.667146  272
25.668999  359
25.672185  358
25.708578  271
25.715934  270
25.730446  264
25.933810  339
25.957279  340
25.981840  352
25.985605  349
25.991016  349
26.002696  319
26.004749  296
26.009034  311
26.014801  310
26.021877  293
26.026561  290
26.034017  287
26.036329  284
26.040833  281
26.045577  282
26.047370  281
26.052434  280
26.070138  282
26.071771  283
26.073943  520
26.076475  278
26.083136  342
26.086067  520
26.095555  277
26.117717  275
26.119570  257
26.159313  251
26.199268  226
26.205865  820
26.233660  823
26.240357  782
26.242110  780
26.248987  248
26.252213  243
26.260534  777
26.262467  777
26.270996  775
26.273468  241
26.277178  773
26.287985  240
26.306567  179
26.309913  240
26.314158  237
26.316490  236
26.327077  233
26.340644  229
26.350612  806
26.355476  229
26.360480  219
26.367317  104
26.369809  100
26.372221  94
26.373814  90
26.377364  89
26.380056  83
26.387692  80
26.390184  78
26.392856  78
26.394749  78
26.396981  77
26.398614  72
26.402739  68
26.407503  66
26.414028  66
26.433744  100
26.435457  164
26.455020  56
26.459185  53
26.463310  42
26.511209  49
26.543795  0
26.553843  9
26.556075  0
26.568115  0
26.588058  0
26.603858  0
26.614639  0
26.650200  0
26.689851  192
26.691664  3
26.700613  4
26.708444  7
26.769588  0
26.795516  552
26.797229  8
26.799581  540
26.818299  487
26.835902  346
26.846617  482
26.856006  0
26.900020  0
27.043337  0
27.045510  0
27.058764  3
27.071344  4
27.085796  5
27.088248  5
27.089686  68
27.091679  6
27.093292  3
27.107704  0
27.155130  24
27.206305  377
27.226058  336
27.241185  257
27.242958  383
27.245630  251
27.416315  0
27.420480  2
27.424665  2
27.427117  5
27.432201  1
27.434473  0
27.451717  0
27.478851  5
27.492904  6
27.500200  19
27.513054  17
27.533979  4
27.574528  20
27.583577  22
27.585749  348
27.589155  344
27.608546  309
27.618254  362
27.622339  232
27.659032  20
27.667842  25
27.703260  5
27.778413  25
27.780785  14
27.790333  31
27.792745  35
27.799801  35
27.828653  40
27.836529  48
27.847655  51
27.858956  30
27.866452  44
27.868165  41
27.876615  36
27.888116  17
27.923225  31
27.931435  19
27.944913  39
28.016604  31
28.036295  36
28.046198  34
28.092363  34
28.105578  27
28.176184  34
28.181128  42
28.199406  54
28.207955  54
28.213019  65
28.240575  40
28.257480  79
28.263438  79
28.294730  80
28.317219  79
28.402745  76
28.407589  74
28.411534  371
28.415080  374
28.427080  320
28.433657  365
28.441767  235
28.451224  38
28.459514  246
28.465572  69
28.471970  21
28.484805  34
28.488890  74
28.502405  29
28.535532  35
28.619064  0
28.645676  61
28.656239  92
28.658651  51
28.675724  47
28.687205  101
28.691889  69
28.709548  103
28.714192  102
28.730458  77
28.738089  78
28.746998  104
28.750089  49
28.752122  99
28.759978  74
28.764163  98
28.814553  29
28.872384  387
28.900091  349
28.908154  377
28.916325  247
28.924955  95
28.929200  275
28.952458  118
28.954690  75
28.972604  68
28.992368  78
29.005004  87
29.008889  89
29.101085  38
29.128292  406
29.134195  117
29.143784  90
29.145737  119
29.150381  144
29.156798  285
29.158391  144
29.168200  123
29.176551  83
29.188152  98
29.208451  146
29.214968  146
29.246308  146
29.343325  114
29.381916  146
29.384328  431
29.386041  14
29.401574  436
29.407172  105
29.412196  378
29.421959  123
29.424251  325
29.431722  146
29.452072  74
29.453805  147
29.455438  100
29.464247  151
29.473803  155
29.488651  110
29.504338  117
29.513941  142
29.521377  84
29.641906  397
29.648323  461
29.658966  159
29.673793  174
29.676445  137
29.689279  158
29.693524  151
29.703807  172
29.708232  152
29.732302  423
29.743910  116
29.747895  174
29.757824  178
29.764561  181
29.768746  177
29.770898  118
29.777955  173
29.797885  152
29.819269  118
29.845458  479
29.864296  349
29.891647  166
29.893959  42
29.902469  478
29.917735  479
29.924872  439
29.937910  493
29.949719  359
29.958790  165
29.961222  361
29.980975  143
29.982868  170
29.985360  147
29.988012  148
29.998516  173
30.016789  161
30.031796  153
30.042498  154
30.056053  170
30.148321  168
30.198377  363
30.201348  148
30.236829  167
30.239081  173
30.240954  215
30.245698  138
30.251341  216
30.255366  168
30.265063  170
30.273677  219
30.279160  173
30.297413  220
30.303690  220
30.312739  217
30.317204  216
30.318837  213
30.335989  166
30.344126  217
30.374364  150
30.408547  503
30.452829  79
30.457194  217
30.461019  161
30.466837  122
30.470203  127
30.484096  196
30.491497  483
30.523358  175
30.534560  376
30.536533  175
30.544643  207
30.546935  173
30.553033  380
30.558197  166
30.566188  220
30.580936  171
30.630843  215
30.708388  539
30.774014  505
30.783562  414
30.794304  231
30.808306  207
30.835347  218
30.841669  236
30.847516  221
30.855491  211
30.859696  246
30.864340  225
30.867626  246
30.880600  226
30.904236  497
30.916597  250
30.923653  232
30.930690  251
30.936308  208
30.939359  251
30.968913  218
30.973158  196
31.000565  440
31.022669  549
31.070782  251
31.077439  181
31.081644  190
31.083697  544
31.087283  229
31.111046  505
31.112919  546
31.124041  562
31.142834  508
31.151444  209
31.156008  447
31.162405  250
31.171794  457
31.177337  247
31.193084  209
31.235754  221
31.247356  253
31.272271  217
31.285785  254
31.355651  242
31.428128  233
31.434605  224
31.497735  221
31.505106  260
31.535033  257
31.547708  328
31.563735  250
31.576530  340
31.581035  344
31.583307  256
31.595229  256
31.603559  358
31.615081  364
31.621465  527
31.625970  573
31.636764  369
31.638537  369
31.640849  257
31.654222  243
31.655935  368
31.683582  248
31.690619  591
31.694844  236
31.696697  471
31.725537  252
31.787668  192
31.799590  251
31.801383  586
31.829685  531
31.831338  677
31.855757  556
31.870844  299
31.882006  352
31.911002  257
31.915526  285
31.938763  361
31.949250  365
31.950883  260
31.957480  345
31.970435  349
32.008335  227
32.044743  695
32.075486  551
32.088800  255
32.095951  336
32.124556  286
32.140825  335
32.154773  330
32.176726  333
32.204266  334
32.234543  331
32.238568  331
32.252265  329
32.264680  334
32.276381  322
32.284476  333
32.293685  599
32.295658  312
32.306100  306
32.313576  303
32.331889  299
32.333462  300
32.344958  284
32.384544  631
32.396724  290
32.431543  600
32.447449  256
32.462837  564
32.476053  626
32.484044  287
32.497998  294
32.515138  502
32.561928  295
32.565019  294
32.590668  288
32.594833  297
32.650446  298
32.724643  500
32.802507  300
32.866793  299
32.890156  295
32.896014  606
32.921329  312
32.923541  309
32.970860  304
33.015661  289
33.123784  623
33.128009  627
33.130142  565
33.136599  300
33.142222  641
33.160661  572
33.167638  297
33.183763  303
33.187569  296
33.210809  306
33.215653  300
33.222616  294
33.224229  301
33.228913  303
33.255480  300
33.265468  296
33.277369  301
33.291936  306
33.312911  305
33.315543  275
33.335339  632
33.354251  643
33.366382  585
33.394597  511
33.399441  303
33.404805  297
33.409549  294
33.412121  300
33.436896  290
33.443932  289
33.465581  295
33.517264  276
33.546323  629
33.571897  306
33.606287  309
33.615136  585
33.674412  295
33.710055  643
33.720817  301
33.771536  277
33.801717  294
33.813225  304
33.828931  307
33.846629  309
33.848522  306
33.864415  307
33.873564  308
33.879347  516
33.881100  304
33.884211  311
33.895472  302
33.982856  284
34.000088  630
34.006985  633
34.067277  525
34.152718  293
34.161927  265
34.184370  608
34.186742  549
34.188435  283
34.195412  279
34.200850  278
34.214863  270
34.216576  271
34.238065  543
34.252662  268
34.263831  263
34.270349  270
34.320295  595
34.333609  262
34.335762  263
34.355554  569
34.380612  231
34.391414  570
34.393526  246
34.396932  526
34.410406  586
34.414591  248
34.416184  250
34.420989  248
34.447594  249
34.460609  465
34.464714  461
34.467006  253
34.541089  256
34.558589  253
34.564347  251
34.580137  550
34.593798  551
34.605779  550
34.619113  410
34.629895  209
34.634160  200
34.641336  190
34.645381  190
34.662888  197
34.673271  197
34.723880  208
34.725753  188
34.740229  483
34.742382  199
34.779168  218
34.783493  210
34.794375  481
34.804358  200
34.813088  192
34.867999  530
34.876689  187
34.881413  496
34.883705  200
34.901685  162
34.922430  455
34.928148  502
34.929941  499
34.938291  166
34.942875  442
34.955849  156
34.964798  160
34.966911  362
34.968484  146
34.976814  158
34.986003  154
34.987696  357
34.994293  158
35.011340  153
35.015625  159
35.055549  155
35.064179  153
35.083680  135
35.103513  494
35.132672  151
35.135264  431
35.142021  145
35.146945  138
35.164324  144
35.174847  149
35.208413  145
35.213956  153
35.216149  119
35.226192  131
35.230417  413
35.253089  137
35.255381  129
35.290826  134
35.296684  133
35.357712  473
35.364369  138
35.373039  131
35.381989  109
35.399089  459
35.459699  130
35.463844  347
35.650605  158
35.682853  156
35.754790  415
35.758995  161
35.812623  419
35.832654  427
35.839771  136
35.857718  479
35.859651  164
35.870513  185
35.892238  164
35.896383  506
35.901227  162
35.911830  145
35.944515  453
35.971149  453
36.008029  174
36.031093  171
36.055624  161
36.091263  161
36.100871  141
36.114185  139
36.136787  137
36.138600  461
36.151356  505
36.174818  173
36.179003  155
36.188312  158
36.190325  154
36.257209  136
36.260160  162
36.262313  435
36.269370  156
36.295898  160
36.304548  173
36.317577  167
36.344992  162
36.361652  170
36.365937  167
36.367950  153
36.380025  166
36.384210  164
36.397384  158
36.405634  495
36.474756  484
36.505175  436
36.530911  359
36.537988  156
36.553694  373
36.587629  175
36.633770  162
36.649696  142
36.652388  167
36.683161  509
36.685653  508
36.695700  167
36.698946  156
36.707855  163
36.766324  131
36.775574  438
36.786421  165
36.888698  171
36.907930  159
36.926787  508
37.005133  498
37.016115  493
37.028969  446
37.055459  375
37.093529  174
37.106343  161
37.108755  179
37.121990  174
37.130779  178
37.165806  166
37.184611  171
37.196452  145
37.230995  170
37.233527  161
37.235979  173
37.292100  151
37.303941  451
37.308865  170
37.365081  175
37.392084  447
37.402646  170
37.404379  172
37.430349  171
37.445721  179
37.456504  169
37.470245  146
37.493866  143
37.523288  488
37.527373  445
37.540488  165
37.579475  372
37.583460  160
37.586231  167
37.596573  364
37.602591  161
37.607296  159
37.613194  157
37.617718  156
37.634913  161
37.641191  158
37.652353  157
37.672744  155
37.675056  154
37.679900  129
37.684105  127
37.685798  125
37.687511  151
37.689783  150
37.691396  117
37.711286  142
37.715810  466
37.730063  151
37.732196  146
37.734548  147
37.736281  144
37.738813  151
37.742998  158
37.784154  350
37.799361  425
37.815574  152
37.837105  147
37.848166  145
37.865625  149
37.886570  423
37.896992  138
37.901636  479
37.908213  145
37.914300  143
37.918225  462
37.923896  142
37.926488  141
37.931372  141
37.983514  149
37.997068  118
38.031466  423
38.104683  144
38.149489  150
38.153355  149
38.191605  125
38.193518  127
38.195770  151
38.197603  154
38.200135  129
38.223437  135
38.234698  142
38.270853  342
38.275238  109
38.277371  108
38.284047  404
38.285780  123
38.287413  122
38.289026  125
38.295747  127
38.305990  119
38.322035  117
38.335350  125
38.352271  404
38.391730  127
38.394202  119
38.396794  119
38.407577  119
38.410189  118
38.411882  118
38.427009  114
38.432033  87
38.445788  110
38.455816  80
38.483742  432
38.487887  387
38.495143  428
38.506204  104
38.520741  382
38.527418  110
38.544252  308
38.568649  453
38.582977  115
38.590457  116
38.595456  117
38.614335  108
38.630281  115
38.653434  104
38.680264  101
38.697903  109
38.706154  101
38.761355  119
38.770464  113
38.827293  106
38.844637  98
38.849002  93
38.870192  90
38.874776  416
38.885678  87
38.887465  90
38.901299  68
38.924182  306
38.936118  374
38.956909  96
38.985411  107
39.007554  300
39.015744  430
39.017697  296
39.035376  96
39.039901  94
39.041734  95
39.052636  86
39.062165  93
39.077092  91
39.126680  85
39.133157  412
39.143500  90
39.151870  82
39.166378  371
39.185964  295
39.199877  90
39.204362  369
39.208547  86
39.219490  83
39.232985  84
39.243987  95
39.252497  363
39.259274  80
39.288929  89
39.352150  70
39.355696  69
39.411180  364
39.530026  97
39.538276  103
39.583882  413
39.592652  97
39.635309  301
39.651890  365
39.745625  91
39.754375  101
39.789542  414
39.836531  77
39.860429  419
39.862781  376
39.870832  379
39.880501  92
39.884127  382
39.893377  398
39.895210  96
39.917634  93
39.928496  302
39.969593  88
39.977304  96
40.014036  117
40.024179  126
40.035041  79
40.048655  104
40.071499  87
40.075544  430
40.101534  86
40.120906  98
40.134240  328
40.139024  105
40.211316  117
40.251323  105
40.255548  110
40.264218  119
40.282478  434
40.292780  96
40.320302  105
40.333157  107
40.341288  440
40.354397  458
40.358702  419
40.369464  423
40.378101  420
40.383919  416
40.386112  122
40.407317  119
40.421805  136
40.428303  329
40.436473  116
40.438086  333
40.443030  135
40.453000  341
40.472900  120
40.481490  122
40.513737  135
40.520044  143
40.524129  145
40.531460  124
40.536923  146
40.554175  125
40.570955  461
40.575360  106
40.581178  463
40.605673  127
40.636674  142
40.652488  345
40.654581  144
40.686928  436
40.688581  145
40.751937  122
40.764852  144
40.790462  130
40.802658  136
40.809914  464
40.829407  130
40.848440  128
40.858030  470
40.875890  438
40.886055  440
40.901022  442
40.938544  149
40.952138  352
40.960408  139
40.961981  160
40.968438  370
40.987737  92
41.034259  147
41.042450  163
41.044183  145
41.050381  167
41.057098  134
41.078264  140
41.095231  146
41.097823  136
41.114303  159
41.121739  168
41.170711  161
41.183131  371
41.187256  165
41.193913  443
41.216656  159
41.244974  446
41.249818  101
41.285336  160
41.296338  170
41.304827  173
41.307399  139
41.320448  151
41.354475  135
41.356767  158
41.371799  139
41.395580  449
41.407241  123
41.425279  175
41.455657  160
41.473855  173
41.497538  159
41.503816  164
41.508121  382
41.512226  169
41.520536  135
41.522928  167
41.571524  170
41.613371  138
41.616817  158
41.626929  446
41.628682  153
41.657282  153
41.677521  165
41.685856  170
41.687529  366
41.695164  365
41.703494  134
41.712024  137
41.734331  157
41.757960  442
41.762664  149
41.771653  168
41.778205  133
41.797447  158
41.802870  161
42.005372  166
42.025503  371
42.089208  161
42.103959  162
42.106431  142
42.128098  140
42.186917  163
42.212651  177
42.214384  177
42.226114  139
42.228506  168
42.261251  168
42.287424  159
42.317363  166
42.345612  172
42.359825  163
42.362357  161
42.389144  139
42.391516  154
42.400166  150
42.408596  132
42.414501  369
42.418047  135
42.444588  130
42.450166  152
42.454151  151
42.456743  158
42.473008  147
42.474821  145
42.476434  143
42.490941  343
42.494846  141
42.497318  137
42.515543  142
42.524992  142
42.527384  142
42.529776  113
42.533781  137
42.547156  133
42.555526  135
42.562283  135
42.572725  109
42.588136  134
42.593120  112
42.599537  105
42.613410  111
42.619567  126
42.632790  131
42.657645  114
42.663683  125
42.676310  127
42.678762  129
42.684320  129
42.693809  98
42.702779  127
42.705391  129
42.707963  128
42.709816  99
42.713681  97
42.734906  121
42.757708  114
42.766877  127
42.775707  106
42.779792  77
42.784157  103
42.792747  100
42.797312  106
42.799085  105
42.811180  96
42.813352  95
42.817657  98
42.836123  82
42.842720  79
42.844353  92
42.850111  86
42.856817  68
42.863314  71
42.865526  73
42.867718  69
42.874295  71
42.877641  68
42.881946  67
42.883879  59
42.886351  66
42.892709  91
42.896814  90
42.913418  46
42.915031  72
42.916624  67
42.928165  60
42.932210  55
42.934103  54
42.935676  28
42.940560  53
42.953614  52
42.983035  26
42.985367  53
42.998800  31
43.006611  25
43.020824  24
43.025169  40
43.053411  33
43.070710  45
43.073422  44
43.081433  45
43.086297  15
43.090222  35
43.092055  38
43.098892  9
43.107382  12
43.132218  38
43.151714  40
43.161087  32
43.165452  27
43.172728  27
43.183950  17
43.188235  19
43.199637  0
43.205855  1
43.209900  0
43.213665  0
43.216097  0
43.230665  0
43.255743  18
43.279090  15
43.283155  13
43.291565  10
43.299962  8
43.316782  5
43.332788  18
43.335480  21
43.354152  16
43.383646  15
43.395382  18
43.454118  24
43.587431  11
43.591956  13
43.664028  14
43.685253  27
43.700081  3
43.735441  15
43.753300  20
43.768528  11
43.824275  13
43.869211  8
43.870884  26
43.948723  30
43.978918  14
43.990080  17
43.994685  23
43.997277  29
44.016929  35
44.029904  43
44.037041  31
44.059500  31
44.069049  29
44.078319  30
44.082064  31
44.090414  47
44.115531  51
44.119617  28
44.144773  33
44.152983  33
44.161333  38
44.168984  39
44.174942  16
44.180405  18
44.256299  38
44.262797  34
44.270413  31
44.274639  46
44.285820  41
44.287513  44
44.304319  49
44.308644  18
44.345776  19
44.357332  46
44.366002  48
44.372979  47
44.382562  24
44.397789  43
44.403507  36
44.405200  51
44.406833  43
44.415742  46
44.423602  55
44.457975  49
44.466505  35
44.470031  54
44.480553  73
44.484758  53
44.507501  51
44.511207  54
44.526694  68
44.537877  24
44.545028  72
44.553245  48
44.559682  43
44.590176  39
44.598126  62
44.615525  40
44.620110  47
44.627681  53
44.639441  48
44.641214  55
44.643686  54
44.681964  51
44.694300  65
44.700358  73
44.711180  62
44.732191  63
44.745086  66
44.765569  40
44.771447  75
44.796544  68
44.799730  49
44.810353  66
44.816770  76
44.823687  76
44.831917  77
44.839580  51
44.874581  61
44.876654  61
44.878387  68
44.891881  74
44.911368  85
44.923233  82
44.927997  85
44.945571  82
44.957987  106
44.978017  94
44.993244  94
45.002134  56
45.005820  106
45.023919  77
45.053554  62
45.055687  78
45.067942  97
45.087714  89
45.091460  77
45.095285  74
45.100893  96
45.103585  77
45.114267  85
45.168171  106
45.174408  91
45.180506  80
45.203924  98
45.218292  110
45.220784  78
45.224750  109
45.246555  112
45.282633  88
45.292596  101
45.299712  110
45.303957  103
45.312008  105
45.321497  104
45.323090  105
45.329128  101
45.354059  107
45.360736  112
45.367094  112
45.373199  110
45.384361  110
45.404727  110
45.421874  110
45.428492  112
45.431978  111
45.441607  90
45.450078  119
45.458968  142
45.467638  126
45.474603  114
45.487738  127
45.492063  99
45.502086  136
45.503719  107
45.519725  110
45.532920  112
45.538638  90
45.546748  119
45.567080  122
45.571345  113
45.580354  115
45.597596  124
45.624838  119
45.639645  129
45.658224  132
45.678130  127
45.683473  138
45.691943  116
45.703105  125
45.705118  117
45.724051  122
45.739957  126
45.756437  100
45.797100  108
45.799073  114
45.800986  126
45.813122  138
45.814835  140
45.827562  132
45.845982  124
45.855191  124
45.866273  127
45.898780  143
45.915246  146
45.934899  151
45.947494  154
45.966747  155
45.977809  149
45.991303  152
45.999514  150
46.009044  133
46.013449  149
46.041539  126
46.050608  127
46.057146  146
46.076878  152
46.081023  150
46.087380  150
46.098002  123
46.100594  126
46.130395  141
46.147316  160
46.204375  151
46.207366  148
46.216316  162
46.227278  153
46.237441  155
46.245092  153
46.256374  146
46.260619  130
46.274252  153
46.329333  139
46.351916  159
46.354548  171
46.367842  154
46.369695  160
46.373920  155
46.380238  157
46.389687  155
46.395685  154
46.406407  159
46.421901  158
46.423634  154
46.431510  169
46.441933  168
46.462349  156
46.484726  178
46.495208  183
46.501925  180
46.510575  194
46.547614  183
46.552139  193
46.562228  156
46.568965  195
46.591975  173
46.596280  170
46.599586  168
46.614059  179
46.620976  160
46.634924  163
46.641341  181
46.648157  155
46.653421  158
46.662798  176
46.670194  147
46.672247  163
46.689887  177
46.706652  183
46.718053  188
46.769442  198
46.800974  181
46.803586  192
46.815767  182
46.820612  149
46.835044  195
46.878897  173
46.884935  175
46.891460  169
46.902222  196
46.908020  195
46.923853  200
46.929516  173
46.949049  184
46.963775  195
46.973603  186
46.978667  194
47.023901  195
47.054040  198
47.058545  206
47.060697  185
47.066435  198
47.068248  183
47.083299  170
47.097996  198
47.126282  191
47.130507  200
47.135431  197
47.151751  194
47.160540  196
47.175327  193
47.189714  191
47.217864  191
47.223487  190
47.338782  199
47.345209  197
47.352480  194
47.368705  196
47.370937  167
47.430256  191
47.432449  161
47.434642  185
47.446782  192
47.453938  189
47.460955  189
47.465519  178
47.475242  183
47.482079  183
47.486543  178
47.489155  182
47.491747  190
47.502070  185
47.503643  184
47.507548  183
47.510220  177
47.519161  177
47.527821  182
47.542193  175
47.563042  185
47.565454  187
47.578568  184
47.593759  173
47.598963  186
47.601455  179
47.612956  182
47.624538  179
47.628583  183
47.657423  182
47.659715  181
47.664479  179
47.681808  175
47.685314  176
47.689818  174
47.715910  170
47.729798  176
47.734003  168
47.738687  174
47.744330  168
47.746702  167
47.749034  163
47.757157  152
47.766705  181
47.813594  175
47.840944  164
47.845928  162
47.852976  172
47.860359  173
47.868554  170
47.875965  167
47.880210  169
47.892549  177
47.895895  175
47.898407  152
47.911742  164
47.926354  141
47.930339  163
47.950778  164
47.953290  164
47.964361  168
47.967916  173
47.971542  173
47.973235  168
47.976861  166
48.014795  170
48.021192  166
48.046707  164
48.055037  153
48.081430  171
48.084102  168
48.086254  171
48.100007  168
48.109535  164
48.111568  167
48.120917  160
48.123429  165
48.125861  162
48.129687  163
48.151017  160
48.156855  159
48.165524  159
48.169849  160
48.221169  159
48.223861  159
48.232091  157
48.247002  153
48.248615  153
48.252165  158
48.253798  150
48.260754  152
48.263306  150
48.265658  130
48.274788  163
48.281525  148
48.317232  159
48.340753  136
48.348118  133
48.349831  122
48.354755  122
48.356408  121
48.357981  121
48.368907  92
48.379749  113
48.395835  92
48.399920  114
48.416509  111
48.419181  116
48.429544  113
48.431676  81
48.436481  108
48.439053  107
48.443598  110
48.447883  102
48.452348  102
48.469327  100
48.471100  96
48.473412  99
48.483100  107
48.496534  94
48.523950  98
48.526642  94
48.556163  94
48.558655  95
48.566433  94
48.576976  93
48.591903  92
48.600433  89
48.608823  91
48.613507  87
48.620384  85
48.624929  83
48.640690  84
48.644575  89
48.656420  85
48.678049  86
48.684047  88
48.689171  82
48.709421  66
48.716058  97
48.719364  79
48.734076  76
48.753668  91
48.779921  95
48.783847  91
48.785720  85
48.787932  86
48.793810  85
48.798155  51
48.811668  77
48.836872  80
48.848274  83
48.856544  75
48.858716  51
48.862981  74
48.865473  72
48.871031  77
48.872884  68
48.880081  75
48.882413  73
48.895168  70
48.902404  71
48.908562  76
48.952052  84
48.956916  81
48.972243  75
48.976768  68
48.980853  63
48.990102  60
48.998253  53
49.006923  53
49.015173  54
49.019258  54
49.021291  47
49.030361  20
49.040784  45
49.042617  46
49.046962  42
49.056079  41
49.062184  41
49.075999  38
49.080404  40
49.083890  35
49.088055  34
49.092819  36
49.103302  14
49.109580  48
49.111153  32
49.123769  30
49.158620  46
49.175788  38
49.184299  44
49.204851  44
49.223883  32
49.228308  13
49.235205  8
49.240009  36
49.248199  33
49.257177  38
49.268339  45
49.272464  39
49.283446  32
49.285618  36
49.289943  30
49.291736  36
49.302218  30
49.328726  31
49.331058  29
49.335123  27
49.348677  27
49.355514  29
49.369008  27
49.392966  24
49.397571  24
49.415231  20
49.430144  18
49.439637  17
49.449640  7
49.453046  9
49.458784  11
49.471938  0
49.476343  6
49.490792  16
49.495137  12
49.529498  30
49.548731  17
49.559393  16
49.574820  18
49.600030  20
49.607761  15
49.627273  14
49.638675  22
49.654056  16
49.658501  12
49.665617  22
49.758520  35
49.770795  40
49.790847  46
49.798617  47
49.804755  47
49.850669  12
49.930385  15
50.001095  37
50.014430  34
50.018535  18
50.020148  37
50.026745  37
50.062464  13
50.075079  43
50.096884  20
50.132956  44
50.147549  50
50.156860  60
50.177758  66
50.181743  49
50.190233  49
50.194778  50
50.199263  50
50.205921  55
50.210226  64
50.254436  43
50.258342  41
50.266871  38
50.279686  50
50.293188  51
50.318878  45
50.334705  56
50.341143  65
50.363004  40
50.383176  39
50.400216  46
50.418175  45
50.434216  64
50.440574  50
50.444759  58
50.466143  67
50.472081  67
50.485375  46
50.490060  45
50.494026  48
50.506561  69
50.510686  68
50.516944  54
50.527187  57
50.570766  52
50.593106  83
50.624080  70
50.633449  92
50.637354  71
50.642199  73
50.644591  57
50.651369  75
50.659359  76
50.666036  65
50.670021  84
50.674226  62
50.682577  88
50.695371  70
50.709838  73
50.711811  50
50.731763  74
50.758793  61
50.792697  70
50.825347  76
50.853449  73
50.857994  74
50.878904  74
50.888747  66
50.898335  83
50.899948  76
50.906625  77
50.910610  78
50.919240  100
50.923585  76
50.931509  91
50.949069  85
50.967069  75
50.972453  73
50.978611  78
50.981917  93
50.993518  75
51.045697  79
51.059511  98
51.070254  118
51.096524  76
51.101329  110
51.103322  110
51.114304  111
51.140093  82
51.141906  112
51.156762  120
51.168263  84
51.179765  106
51.187816  86
51.191841  88
51.205716  117
51.208168  116
51.212813  116
51.243318  81
51.252108  73
51.267455  83
51.271001  90
51.296051  95
51.305161  113
51.338247  113
51.340160  90
51.341773  112
51.348690  108
51.361964  116
51.375953  104
51.382789  114
51.390245  106
51.392777  120
51.398315  112
51.407305  113
51.413943  124
51.423732  126
51.426104  119
51.441032  123
51.445257  120
51.457372  119
51.479976  127
51.499828  124
51.508539  122
51.524780  109
51.539333  132
51.550415  126
51.561259  136
51.589001  145
51.590954  136
51.595958  150
51.610646  115
51.617363  133
51.647638  145
51.649211  127
51.658281  147
51.662406  118
51.671616  154
51.716036  132
51.722593  129
51.741278  122
51.750128  134
51.764828  122
51.790758  125
51.819394  144
51.824673  133
51.849193  117
51.865763  130
51.879170  129
51.885848  131
51.896510  142
51.914636  133
51.924939  136
51.929144  135
51.933809  160
51.938254  158
51.940366  161
51.946924  137
51.953202  165
51.957867  139
51.959600  171
51.966324  154
51.979640  158
51.981293  178
51.983086  140
52.002597  135
52.011930  140
52.016275  150
52.031762  152
52.035667  137
52.042791  143
52.055306  181
52.082150  155
52.097717  153
52.133967  190
52.138292  187
52.146762  153
52.149234  187
52.151047  149
52.155931  182
52.160176  185
52.161849  169
52.185804  181
52.237001  181
52.243898  179
52.248003  159
52.249916  188
52.266157  192
52.268629  188
52.278377  151
52.279950  172
52.313757  174
52.321675  158
52.352669  189
52.368655  187
52.380195  198
52.392731  176
52.411225  170
52.433349  177
52.436061  176
52.440206  186
52.464086  179
52.470508  177
52.474653  184
52.486214  182
52.492192  175
52.496277  170
52.510330  173
52.524582  174
52.533652  171
52.535844  178
52.542021  177
52.606606  173
52.627296  185
52.673189  176
52.680545  179
52.682118  177
52.684031  170
52.695671  175
52.702188  165
52.729599  175
52.734982  182
52.756886  184
52.792882  176
52.846396  173
52.848688  168
52.869313  167
52.947282  177
52.982129  184
53.012638  169
53.023492  175
53.026938  183
53.032401  175
53.037105  187
53.039637  176
53.060944  176
53.063775  185
53.068220  185
53.113546  180
53.146598  186
53.180335  186
53.185459  187
53.213375  192
53.222683  200
53.225155  186
53.227747  198
53.230299  182
53.234264  189
53.236796  191
53.242454  185
53.247198  178
53.254814  198
53.258045  196
53.261156  197
53.264087  188
53.270564  194
53.283478  195
53.293485  193
53.298090  191
53.340540  193
53.344485  186
53.355207  178
53.363262  186
53.388775  190
53.395312  187
53.398383  169
53.400036  189
53.426314  174
53.430926  190
53.433118  191
53.438097  192
53.453229  193
53.466958  200
53.473584  189
53.476176  188
53.495128  188
53.533543  191
53.535655  197
53.538841  191
53.552319  192
53.557957  180
53.567473  190
53.571925  191
53.576529  196
53.579241  190
53.581493  181
53.584085  194
53.599732  181
53.631990  190
53.634482  199
53.657001  188
53.669217  196
53.671509  191
53.688749  189
53.696385  190
53.716900  189
53.721045  191
53.744079  185
53.757568  185
53.760599  190
53.765092  188
53.775259  187
53.782835  192
53.787060  175
53.794344  191
53.796516  190
53.798289  182
53.805860  184
53.807433  183
53.810564  182
53.815308  180
53.829201  178
53.834205  179
53.841181  184
53.857307  178
53.862511  181
53.871021  177
53.875906  176
53.891167  171
53.893779  181
53.897604  178
53.918554  186
53.927831  177
53.948321  186
53.992772  177
53.997197  161
54.017354  169
54.048154  166
54.056784  155
54.059496  168
54.065714  170
54.076665  155
54.087072  164
54.089604  162
54.091956  165
54.093869  165
54.096141  161
54.097754  152
54.100266  149
54.102678  158
54.105749  142
54.117430  156
54.124231  153
54.144182  146
54.151678  151
54.160428  143
54.162740  136
54.172963  131
54.186078  142
54.218310  144
54.235389  139
54.252297  145
54.256442  145
54.259673  145
54.262165  143
54.267708  135
54.269401  139
54.274809  123
54.277341  140
54.280272  138
54.281965  137
54.286669  136
54.304028  110
54.321547  107
54.326411  108
54.328304  110
54.332576  106
54.339393  102
54.345851  90
54.348383  99
54.350635  99
54.372239  107
54.378297  95
54.380509  91
54.384994  104
54.388999  94
54.410371  88
54.426557  105
54.439971  101
54.447941  97
54.456911  107
54.469406  97
54.489158  84
54.493323  72
54.495416  79
54.498108  80
54.504686  85
54.524065  81
54.530302  84
54.538512  74
54.540185  82
54.549693  71
54.560695  81
54.575402  75
54.580726  74
54.591029  83
54.594994  73
54.615245  81
54.646538  82
54.669436  76
54.673621  67
54.678505  72
54.686648  67
54.689140  50
54.695797  66
54.713936  56
54.734421  41
54.736933  49
54.755392  40
54.757465  51
54.775584  56
54.784374  43
54.786467  55
54.792944  38
54.816629  39
54.825159  44
54.840566  54
54.860438  56
54.869707  48
54.881982  40
54.892015  44
54.899598  44
54.905636  33
54.924529  24
54.928774  28
54.932479  36
54.934552  26
54.963807  36
54.977380  36
54.987683  35
55.015863  35
55.039960  47
55.056881  49
55.062959  46
55.067664  40
55.069637  39
55.079480  41
55.088770  43
55.121258  33
55.123151  22
55.127316  34
55.129948  32
55.146908  32
55.164687  42
55.169192  28
55.171524  40
55.205245  24
55.209430  31
55.248669  38
55.339059  26
55.356679  36
55.370847  38
55.428884  44
55.488469  43
55.507928  47
55.527061  46
55.588398  29
55.590231  34
55.592683  42
55.633781  61
55.648169  50
55.671153  52
55.681235  51
55.701881  48
55.706546  49
55.739753  30
55.752708  38
55.756194  42
55.761857  42
55.770507  47
55.784261  59
55.847190  58
55.890372  50
55.897489  56
55.901414  52
55.918715  50
55.928059  53
55.929652  57
55.959906  64
55.966563  32
55.991598  23
55.993231  52
56.035761  57
56.042997  75
56.055712  41
56.110725  63
56.117641  80
56.146292  59
56.150337  84
56.156994  61
56.161339  66
56.167057  82
56.187008  45
56.221028  35
56.229917  61
56.253695  87
56.256826  89
56.284061  79
56.293171  99
56.314295  97
56.320712  115
56.322825  47
56.384167  63
56.395189  84
56.399354  78
56.408144  95
56.410456  94
56.412728  64
56.427576  111
56.429469  79
56.447209  77
56.471466  41
56.510951  92
56.519182  127
56.521754  93
56.532257  70
56.534929  60
56.599858  119
56.601491  98
56.610381  99
56.629553  108
56.633798  114
56.635751  98
56.643921  70
56.647786  111
56.660161  107
56.664187  89
56.680787  95
56.684712  66
56.686865  93
56.695155  101
56.705018  88
56.713129  113
56.726997  109
56.729868  82
56.731561  123
56.745654  77
56.755738  131
56.781269  122
56.809073  124
56.818482  110
56.827311  123
56.840905  131
56.858386  128
56.866556  117
56.880789  130
56.888860  117
56.893165  118
56.900481  106
56.912242  128
56.918779  123
56.923304  127
56.971719  106
57.003367  129
57.028685  136
57.031799  118
57.067721  151
57.115422  138
57.128177  152
57.152613  134
57.154286  125
57.160903  129
57.167740  144
57.183566  143
57.207323  114
57.223784  111
57.237218  131
57.252685  106
57.254598  166
57.268152  151
57.278914  131
57.290136  137
57.299765  162
57.320911  158
57.341398  123
57.343131  124
57.378309  156
57.389652  139
57.411755  142
57.419586  125
57.425863  150
57.439804  167
57.446701  155
57.451026  130
57.455092  124
57.501048  125
57.511750  164
57.535627  161
57.543124  163
57.556359  164
57.562157  128
57.572286  132
57.602048  177
57.608127  179
57.620642  194
57.632863  156
57.643426  149
57.654858  168
57.656931  157
57.660857  156
57.673692  156
57.676124  182
57.678237  171
57.695617  180
57.700242  171
57.704427  161
57.712857  188
57.727265  178
57.732189  169
57.734821  153
57.749309  158
57.754154  158
57.759952  165
57.774087  152
57.785169  179
57.790213  165
57.805840  154
57.814650  180
57.827605  180
57.830177  194
57.848770  185
57.885687  194
57.889253  181
57.896309  186
57.902399  176
57.910569  190
57.919098  169
57.932232  196
57.949232  192
57.952323  173
57.956628  173
57.967550  189
57.972394  175
57.987357  180
57.989130  176
57.998618  159
58.005814  182
58.011692  196
58.013785  165
58.029511  193
58.064290  188
58.113361  202
58.114974  195
58.121518  167
58.154348  199
58.181355  201
58.201288  189
58.210857  181
58.216445  185
58.232690  185
58.238697  178
58.240330  179
58.248485  186
58.252950  177
58.263033  191
58.276807  197
58.297078  181
58.301303  179
58.305408  182
58.318183  176
58.319976  184
58.323861  188
58.363890  177
58.421848  200
58.435232  195
58.483305  187
58.544248  168
58.561232  189
58.579596  182
58.658907  190
58.678423  201
58.685759  201
58.688371  191
58.695627  203
58.720435  205
58.759071  169
58.767326  197
58.772150  180
58.780105  182
58.781778  193
58.786742  184
58.791566  188
58.794852  184
58.797484  178
58.800136  181
58.829181  203
58.846506  183
58.853643  184
58.872121  181
58.876905  191
58.879617  196
58.884801  196
58.927051  209
58.962160  200
58.974000  199
58.976652  193
59.005666  191
59.007379  188
59.030205  187
59.040073  204
59.053307  183
59.082592  192
59.102152  178
59.120709  188
59.125473  177
59.128165  186
59.135481  202
59.144870  199
59.161655  183
59.163228  172
59.194885  176
59.212344  170
59.222351  174
59.224803  175
59.226955  170
59.228948  174
59.241208  172
59.246499  168
59.266155  166
59.279888  173
59.282939  189
59.295359  167
59.297831  173
59.308079  167
59.312644  172
59.320040  164
59.323646  161
59.325918  163
59.328490  166
59.335547  160
59.346989  165
59.362261  185
59.366945  185
59.373442  161
59.375794  165
59.387215  164
59.401328  160
59.403720  168
59.408544  173
59.412350  163
59.416615  160
59.473453  182
59.475825  171
59.487766  180
59.490118  175
59.492570  173
59.495202  173
59.502678  166
59.507282  164
59.516831  170
59.519283  167
59.523528  156
59.526240  161
59.528692  159
59.531324  156
59.546076  152
59.547669  146
59.554037  166
59.573773  150
59.578437  150
59.582682  147
59.587806  150
59.601387  140
59.602980  145
59.604553  139
59.607704  136
59.609477  141
59.612089  146
59.619665  141
59.628255  141
59.630727  154
59.633199  139
59.635351  142
59.639516  156
59.651192  121
59.680498  104
59.692027  108
59.694159  104
59.696292  106
59.707934  94
59.718776  98
59.742865  101
59.747609  83
59.749622  86
59.753647  77
59.756039  68
59.758232  70
59.762717  63
59.768041  57
59.770433  57
59.772406  57
59.774558  53
59.777984  68
59.782409  58
59.786039  45
59.790444  51
59.792596  50
59.794808  43
59.799093  47
59.801805  46
59.804297  34
59.806669  44
59.813166  34
59.815538  45
59.824488  39
59.831604  35
59.833956  34
59.836668  30
59.841612  24
59.856562  31
59.858854  31
59.867244  41
59.881097  41
59.884088  40
59.893857  40
59.896149  34
59.907870  38
59.910382  38
59.912654  22
59.914327  20
59.926522  24
59.944381  8
59.948466  8
59.952951  8
59.954524  0
59.958769  0
59.963354  0
59.971904  0
59.986038  0
59.988290  5
59.990862  0
