# t(s) QueuingDelay(ms)
10.176164  0
10.225539  2
10.241006  4
10.255958  26
10.274951  23
10.298420  25
10.310695  38
10.319174  31
10.324792  51
10.333981  36
10.342711  48
10.347216  63
10.354273  70
10.358583  54
10.445203  113
10.464596  63
10.472652  120
10.491143  125
10.502425  101
10.504857  123
10.515300  6
10.517452  143
10.519385  125
10.532660  14
10.534813  165
10.541230  133
10.563395  18
10.574357  142
10.578962  36
10.583367  161
10.596342  44
10.610596  179
10.615321  64
10.629180  167
10.645900  173
10.661167  233
10.677468  227
10.684605  212
10.692735  207
10.695047  197
10.707010  201
10.722790  199
10.731620  197
10.746915  207
10.757578  269
10.792850  297
10.797355  206
10.815919  217
10.842093  312
10.845288  200
10.858922  317
10.874270  319
10.908849  206
10.918992  209
10.933340  224
10.939838  322
10.953911  332
10.966307  3
10.978743  335
10.987560  230
10.991645  18
10.998562  235
11.002168  71
11.012830  70
11.024832  81
11.054472  444
11.056165  235
11.081354  284
11.104125  291
11.111502  446
11.117727  343
11.130742  356
11.143877  462
11.164368  475
11.170746  254
11.223289  256
11.229726  84
11.249169  95
11.255067  260
11.261564  123
11.271327  213
11.301096  126
11.311899  123
11.331812  254
11.338829  214
11.349871  223
11.373149  233
11.408415  240
11.415392  269
11.421210  281
11.432192  281
11.471496  241
11.485524  258
11.498499  1
11.502664  263
11.513786  261
11.520304  9
11.545805  269
11.547518  58
11.564578  311
11.582598  65
11.585250  323
11.587003  132
11.600817  137
11.602790  83
11.611920  329
11.618338  207
11.622523  330
11.627607  216
11.636137  220
11.638289  339
11.639882  269
11.648492  225
11.670397  272
11.686957  312
11.693854  230
11.706480  230
11.713337  232
11.715530  325
11.737858  245
11.751711  332
11.766519  352
11.780873  357
11.828348  363
11.849220  367
11.855877  281
11.860062  378
11.862195  364
11.870605  386
11.876483  402
11.880288  404
11.895216  400
11.904405  431
11.926435  88
11.937624  95
11.956877  442
11.971585  413
11.990686  420
12.006987  352
12.014304  194
12.041173  432
12.053314  353
12.074460  222
12.076193  355
12.094575  240
12.104124  482
12.112674  261
12.131367  263
12.133979  270
12.142189  500
12.147593  294
12.154955  391
12.157547  512
12.170310  402
12.180214  524
12.189723  274
12.193628  529
12.206084  279
12.219778  409
12.228608  19
12.237338  424
12.247932  427
12.259154  440
12.269737  441
12.277013  438
12.284864  435
12.313805  433
12.320842  449
12.345812  424
12.369753  285
12.427511  542
12.439754  529
12.446811  33
12.453289  42
12.455561  523
12.461570  269
12.463283  522
12.475358  84
12.477011  445
12.489766  83
12.492318  511
12.498676  449
12.507806  460
12.529336  477
12.544264  479
12.584282  480
12.597517  491
12.603855  270
12.614148  285
12.622085  306
12.626130  496
12.639326  537
12.718763  332
12.741888  431
12.746852  547
12.773193  434
12.782803  331
12.785135  457
12.823993  566
12.825726  458
12.834536  92
12.864240  481
12.886425  488
12.893867  504
12.905369  530
12.916159  5
12.943303  507
12.945236  532
12.949041  12
12.999786  360
13.082565  554
13.103390  360
13.119037  597
13.147757  593
13.168744  108
13.171296  648
13.190955  664
13.204010  143
13.284945  692
13.291422  15
13.294968  368
13.329068  23
13.349403  589
13.369614  43
13.371707  372
13.377105  631
13.382983  515
13.416531  167
13.463292  626
13.473815  394
13.482824  642
13.513519  377
13.558242  64
13.660710  61
13.707641  258
13.729845  602
13.774503  522
13.792223  66
13.809054  580
13.815172  65
13.825175  200
13.898238  633
13.984574  522
13.986786  406
14.026191  11
14.034561  544
14.095738  98
14.099663  609
14.112738  977
14.144498  998
14.154571  215
14.157582  117
14.181086  1039
14.224343  138
14.308352  445
14.384782  222
14.418127  586
14.425164  623
14.471589  222
14.491819  255
14.498636  646
14.529122  92
14.548255  196
14.564936  547
14.593547  283
14.601602  292
14.603994  661
14.625520  300
14.654781  309
14.693485  648
14.702116  729
14.747924  313
14.802136  163
14.826853  531
14.934953  188
14.990297  666
15.052309  536
15.062811  217
15.071920  547
15.075346  812
15.130159  556
15.171895  556
15.184590  288
15.223244  355
15.281588  568
15.300221  48
15.315688  233
15.317721  735
15.325772  277
15.337353  749
15.341798  367
15.364986  692
15.435565  569
15.437977  3
15.467455  382
15.474931  111
15.476584  570
15.504387  211
15.528843  387
15.538965  781
15.555858  300
15.583500  848
15.607841  582
15.644841  709
15.654085  307
15.796849  301
15.818633  301
15.846196  594
15.885481  663
15.909778  393
15.914693  409
15.926195  863
15.965399  867
15.978115  410
15.993482  304
16.003765  882
16.016141  308
16.043980  372
16.063432  387
16.067677  884
16.078520  913
16.103096  930
16.130878  422
16.133570  920
16.177723  788
16.179336  909
16.204087  111
16.217756  318
16.224293  323
16.271670  328
16.278647  799
16.312812  344
16.358219  354
16.364217  215
16.395788  849
16.402006  980
16.418766  1000
16.497228  815
16.538319  143
16.559631  221
16.580067  906
16.584412  381
16.610735  226
16.623434  149
16.627879  266
16.643620  1033
16.706712  1087
16.737565  1095
16.785322  1086
16.792533  178
16.839804  1080
17.050293  349
17.059143  27
17.120943  29
17.187165  821
17.254493  355
17.332308  838
17.366172  389
17.376204  269
17.387820  440
17.403830  358
17.437778  95
17.478425  446
17.537187  368
17.605107  923
17.619280  361
17.674211  450
17.705469  232
17.729494  234
17.758659  748
17.803213  71
17.814459  236
17.857522  380
17.929132  406
18.018132  425
18.061948  455
18.063541  140
18.071851  449
18.082817  231
18.094418  447
18.150467  130
18.164767  101
18.196817  129
18.246751  853
18.255827  435
18.284996  432
18.317385  947
18.329286  953
18.369149  103
18.388999  454
18.404945  455
18.421265  430
18.460815  104
18.473689  99
18.481020  357
18.488216  372
18.518001  369
18.520473  354
18.535580  226
18.553422  856
18.557607  452
18.579430  356
18.581223  985
18.584274  448
18.591410  984
18.602775  983
18.615302  451
18.618473  369
18.623496  356
18.628939  450
18.632010  227
18.634562  982
18.636974  356
18.641658  447
18.644070  223
18.645763  446
18.663337  364
18.665489  350
18.667182  443
18.672585  96
18.699897  446
18.720846  221
18.722419  349
18.727363  221
18.729256  220
18.732227  347
18.735717  442
18.755352  733
18.796879  121
18.806347  120
18.807980  118
18.810432  219
18.812664  217
18.852364  361
18.854137  360
18.862367  354
18.922423  417
19.000281  420
19.011702  417
19.015148  416
19.021585  415
19.023398  415
19.024971  437
19.032007  415
19.033840  414
19.036212  414
19.046679  413
19.048612  413
19.056147  412
19.057760  125
19.059393  434
19.068142  209
19.105754  446
19.112231  448
19.146509  147
19.152571  150
19.239133  102
19.242399  431
19.259191  428
19.273735  449
19.277760  417
19.291797  442
19.297320  439
19.299013  434
19.300626  411
19.305690  74
19.319842  71
19.326144  399
19.336886  64
19.341650  414
19.349325  414
19.350938  414
19.353330  411
19.358409  408
19.368980  507
19.378129  313
19.379742  382
19.400535  314
19.408909  381
19.412155  48
19.413828  48
19.421044  44
19.427461  298
19.433545  311
19.527659  213
19.530131  321
19.532443  345
19.537367  351
19.556359  228
19.561822  236
19.564054  385
19.566606  302
19.568199  242
19.579085  385
19.581397  411
19.586421  243
19.591899  372
19.601587  462
19.607617  463
19.611103  455
19.620612  451
19.624322  372
19.628187  230
19.629920  359
19.631753  228
19.659669  362
19.663379  350
19.665312  444
19.670296  46
19.672508  441
19.675200  348
19.682396  434
19.695147  345
19.697399  213
19.704823  207
19.707175  337
19.709747  205
19.711400  205
19.716091  336
19.718263  429
19.725634  706
19.735162  418
19.737614  317
19.740765  411
19.775094  101
19.825402  339
19.835010  339
19.863698  365
19.892132  355
19.903917  352
19.907882  352
19.912646  336
19.923113  336
19.939598  361
19.945460  361
19.947173  336
19.950124  338
19.956454  339
19.958027  339
19.963665  341
19.966337  341
19.976863  58
19.980189  56
19.981802  55
19.987624  142
20.002243  56
20.016069  365
20.024104  365
20.027275  61
20.029827  61
20.033537  64
20.038281  64
20.045517  56
20.056898  53
20.058791  52
20.065947  52
20.073363  32
20.096904  0
20.102926  22
20.109104  311
20.131755  343
20.142302  318
20.153323  318
20.156789  312
20.160359  333
20.161992  308
20.177063  332
20.237773  0
20.240844  333
20.244873  334
20.247225  337
20.254561  337
20.259705  340
20.261857  436
20.269967  244
20.279096  312
20.300739  250
20.309548  1
20.324040  7
20.328205  8
20.330457  263
20.338859  258
20.411648  125
20.418884  122
20.425301  121
20.434410  258
20.440967  262
20.447564  250
20.478690  265
20.489571  340
20.491144  268
20.500037  137
20.505975  258
20.512412  265
20.514125  359
20.515778  354
20.531883  270
20.534215  129
20.537745  260
20.542010  354
20.547932  887
20.551003  259
20.553695  273
20.572979  354
20.576924  8
20.579835  353
20.581668  258
20.589513  353
20.592484  350
20.600119  257
20.604364  129
20.608769  127
20.618876  255
20.620829  348
20.629767  9
20.642821  651
20.673200  651
20.683762  650
20.695843  647
20.708543  34
20.710695  128
20.730799  272
20.733051  271
20.734684  270
20.738709  269
20.783019  809
20.796057  303
20.801700  302
20.808137  0
20.811128  279
20.820262  56
20.826509  278
20.828382  54
20.835778  276
20.840722  270
20.890747  3
20.898303  8
20.903981  0
20.928967  0
20.954447  269
20.985723  664
20.998363  232
21.042569  311
21.063538  99
21.065211  93
21.066784  0
21.134579  1
21.150659  9
21.153311  0
21.169912  12
21.229953  4
21.236990  109
21.241774  9
21.244266  1
21.252341  178
21.257325  0
21.264002  696
21.301656  0
21.315649  401
21.321352  400
21.340709  399
21.357828  390
21.389620  1003
21.409046  569
21.416857  0
21.528620  400
21.542633  0
21.572786  79
21.679134  17
21.689837  30
21.717919  41
21.729760  44
21.741636  45
21.748373  0
21.822269  0
21.840282  2
21.843972  23
21.845625  56
21.859010  53
21.871230  73
21.876908  592
21.879899  85
21.885118  0
21.892334  80
21.924871  51
21.938726  53
21.948873  366
21.988854  369
21.993659  83
21.998623  374
22.003088  77
22.004981  86
22.007113  377
22.033800  631
22.058320  89
22.060453  106
22.085336  45
22.092613  46
22.099278  67
22.103203  67
22.112272  0
22.116717  67
22.127012  84
22.133369  85
22.138992  97
22.183228  97
22.193990  362
22.197835  99
22.202020  93
22.213576  94
22.242136  104
22.266852  104
22.295642  47
22.336463  111
22.350531  111
22.374117  126
22.382228  135
22.411761  145
22.428800  158
22.471419  178
22.487325  188
22.576535  147
22.653650  201
22.672547  210
22.737700  483
22.748143  484
22.754061  487
22.758226  486
22.806396  48
22.814806  151
22.846419  170
22.855308  199
22.861046  199
22.875288  402
22.920681  72
22.923253  82
22.929949  168
22.936486  201
22.952327  194
22.962510  193
22.969087  581
22.975584  191
23.006479  135
23.044331  195
23.058024  209
23.074545  212
23.113250  214
23.142818  219
23.154028  229
23.187973  233
23.198555  173
23.206820  250
23.237287  255
23.269899  265
23.313162  272
23.340210  293
23.369070  308
23.388783  333
23.417264  119
23.432985  126
23.526359  352
23.559879  357
23.639307  382
23.674590  501
23.683080  673
23.745013  268
23.759502  728
23.785612  391
23.805344  714
23.819458  171
23.867213  472
23.869845  473
23.896742  190
23.899274  396
23.937708  656
23.954396  404
23.986877  423
24.019367  445
24.047729  486
24.051974  381
24.058392  510
24.086852  538
24.111355  556
24.130092  334
24.150890  683
24.158470  560
24.176332  579
24.181256  512
24.193264  585
24.219616  623
24.224020  516
24.243908  626
24.268768  633
24.283415  639
24.311912  653
24.321760  665
24.351878  669
24.369209  674
24.415545  691
24.433643  677
24.457028  126
24.481528  641
24.499167  106
24.514513  206
24.526881  635
24.598904  501
24.638276  287
24.657113  691
24.688410  510
24.708640  726
24.731687  742
24.782855  392
24.831251  414
24.842812  721
24.879831  581
24.891451  831
24.906223  533
24.914753  489
24.953827  912
24.994964  400
25.029425  437
25.106035  492
25.135253  531
25.176881  532
25.185136  537
25.204137  549
25.206549  430
25.214903  524
25.219148  548
25.221700  515
25.227263  96
25.230609  514
25.234614  510
25.236207  238
25.290214  497
25.312967  499
25.337151  491
25.400408  490
25.437092  491
25.447603  493
25.453761  493
25.465821  293
25.470745  492
25.489126  491
25.509136  490
25.515605  356
25.525708  481
25.532045  489
25.558041  491
25.570081  490
25.603989  489
25.628402  488
25.634959  487
25.642669  418
25.647413  486
25.649426  415
25.651758  485
25.658635  735
25.763425  957
25.781662  419
25.787540  415
25.802227  178
25.811855  412
25.830652  414
25.842911  852
25.851900  434
25.878311  839
25.902156  542
25.914776  484
25.966699  938
26.015663  486
26.023757  481
26.039594  456
26.057396  952
26.066765  485
26.069437  485
26.093907  486
26.120633  487
26.129267  488
26.162463  506
26.167542  507
26.170433  513
26.178963  493
26.181315  489
26.183947  488
26.186199  487
26.192971  486
26.232078  448
26.237042  487
26.244821  488
26.254629  452
26.265331  459
26.267124  453
26.269316  450
26.270909  445
26.278964  425
26.306654  425
26.363471  429
26.377768  429
26.379481  426
26.381174  417
26.382847  413
26.388535  402
26.391087  401
26.398435  401
26.400068  394
26.403993  382
26.405646  380
26.407998  362
26.410370  375
26.418919  361
26.420572  372
26.422265  370
26.437221  362
26.441805  355
26.445331  355
26.483662  351
26.485894  350
26.493677  349
26.501652  348
26.504224  278
26.508149  344
26.510681  275
26.521887  333
26.524958  316
26.529502  541
26.534406  273
26.559100  724
26.563025  206
26.564658  202
26.582832  226
26.604488  202
26.611624  204
26.614156  225
26.615749  224
26.619264  223
26.623909  757
26.625742  216
26.630486  616
26.634431  611
26.646786  293
26.664445  234
26.671841  231
26.677424  224
26.679696  657
26.682048  107
26.683721  152
26.686672  147
26.689284  140
26.698872  113
26.714430  634
26.742572  145
26.751641  148
26.757904  148
26.759677  200
26.765345  129
26.767777  122
26.770249  179
26.774418  101
26.776650  98
26.779222  95
26.781574  95
26.806442  605
26.808994  98
26.813878  99
26.816430  103
26.819122  109
26.821254  169
26.825439  43
26.827052  156
26.829624  95
26.834728  153
26.837380  95
26.843537  90
26.846588  86
26.851552  52
26.890142  435
26.962532  22
26.976805  19
27.006346  0
27.016689  223
27.021513  0
27.032682  417
27.040972  0
27.072356  0
27.088622  0
27.103733  455
27.110949  335
27.125876  22
27.127909  392
27.142561  395
27.155628  0
27.194200  374
27.204827  0
27.213616  233
27.216982  0
27.230688  0
27.364862  84
27.382762  2
27.399782  311
27.402928  308
27.431363  198
27.445990  319
27.482490  27
27.486955  31
27.491140  36
27.498296  44
27.503715  45
27.508879  0
27.510912  4
27.540292  331
27.722375  8
27.726940  16
27.842433  198
27.853355  208
27.857420  241
27.861385  5
27.885842  47
27.899343  8
27.911065  32
27.918576  40
27.921747  14
27.923520  43
27.930697  42
27.976257  6
28.114663  328
28.140752  17
28.158272  19
28.163096  52
28.184901  58
28.199310  20
28.222242  42
28.223815  59
28.230292  111
28.250504  31
28.256442  140
28.274186  35
28.282976  145
28.287520  51
28.290152  51
28.295156  55
28.305539  128
28.312469  366
28.337105  46
28.359729  367
28.378687  52
28.380380  111
28.385584  115
28.387317  115
28.406963  103
28.489065  189
28.494523  19
28.536721  330
28.569585  67
28.599513  86
28.610794  34
28.637606  58
28.654685  83
28.661302  74
28.678142  175
28.690318  78
28.704112  165
28.731301  98
28.733274  98
28.740091  24
28.744016  47
28.763463  392
28.780168  317
28.782061  430
28.792863  359
28.794996  103
28.821005  98
28.834779  108
28.844447  108
28.854660  119
28.866421  117
28.918013  316
28.970247  76
29.058702  125
29.118518  122
29.139642  87
29.141235  450
29.170337  385
29.186523  84
29.202629  170
29.212018  218
29.221347  119
29.264458  434
29.276774  325
29.295133  329
29.299618  128
29.304023  444
29.314211  109
29.322102  124
29.329198  137
29.354274  137
29.356686  121
29.385751  20
29.480583  114
29.572814  113
29.603781  128
29.619328  124
29.630904  128
29.639813  129
29.651568  128
29.657586  461
29.667215  108
29.674686  409
29.685448  138
29.713710  133
29.715443  230
29.726465  121
29.728857  140
29.750042  453
29.771107  333
29.786559  335
29.792896  119
29.794809  145
29.802959  347
29.809057  146
29.819566  148
29.838599  152
29.848742  139
29.866380  426
29.877641  100
29.920471  107
29.994112  123
30.042498  125
30.048036  474
30.073035  353
30.143215  167
30.198820  230
30.210880  146
30.215106  154
30.235197  232
30.246239  145
30.250604  262
30.258933  128
30.274207  156
30.289314  151
30.304741  353
30.309146  137
30.313032  475
30.322042  157
30.326347  154
30.331806  143
30.336150  380
30.347999  179
30.350551  511
30.358502  388
30.367951  183
30.383018  188
30.389435  215
30.396212  214
30.397965  168
30.399638  205
30.432388  121
30.479325  136
30.482216  128
30.491425  263
30.510661  179
30.536589  190
30.558992  175
30.560645  166
30.615193  184
30.619997  188
30.630943  173
30.730799  169
30.752553  174
30.759709  183
30.768874  252
30.784480  176
30.790163  257
30.797494  256
30.803841  227
30.818708  167
30.851234  158
30.853367  295
30.861717  529
30.863830  345
30.870355  204
30.881097  187
30.889228  405
30.909778  182
30.916516  214
30.918529  410
30.922774  515
30.926859  205
30.943899  223
30.947845  454
30.954662  259
30.958348  583
30.963432  460
30.967817  247
30.996747  261
31.016219  274
31.022157  470
31.066412  182
31.081224  186
31.144596  200
31.154903  217
31.169574  200
31.173244  524
31.223675  197
31.256361  479
31.260986  260
31.276433  252
31.284903  277
31.291181  293
31.380466  266
31.395413  261
31.403464  246
31.408268  257
31.416448  285
31.432748  285
31.441238  288
31.442831  263
31.457693  283
31.464270  554
31.472772  594
31.489537  301
31.510108  364
31.523477  384
31.530534  304
31.533086  250
31.562901  270
31.587019  292
31.606670  298
31.611075  631
31.612788  484
31.621218  506
31.630287  301
31.645039  281
31.654308  304
31.658500  559
31.667250  315
31.669003  316
31.703954  255
31.751567  278
31.756651  260
31.760896  238
31.773376  269
31.776542  590
31.787483  466
31.865447  301
31.896567  263
31.910140  280
31.930491  343
31.951057  258
31.966814  580
31.971559  229
31.984254  232
31.990772  238
31.995037  224
32.021907  579
32.053055  231
32.064216  235
32.072886  274
32.074739  562
32.079084  551
32.089967  266
32.107845  263
32.109998  341
32.160883  257
32.181649  460
32.200722  254
32.212403  255
32.228164  259
32.244823  240
32.260051  541
32.270573  257
32.315222  246
32.331192  241
32.342154  235
32.358894  232
32.381940  585
32.510359  265
32.515004  243
32.523055  460
32.585383  246
32.603083  239
32.611433  236
32.626974  219
32.633311  223
32.658697  244
32.662523  527
32.671132  576
32.681555  321
32.685780  234
32.688452  243
32.690604  239
32.694909  316
32.698994  233
32.703319  441
32.704892  308
32.717315  226
32.723892  211
32.728776  239
32.736528  236
32.745018  554
32.764810  431
32.775812  222
32.783803  557
32.788028  557
32.799250  556
32.807541  235
32.823562  217
32.831932  231
32.836816  520
32.859639  218
32.864364  235
32.872134  228
32.898073  228
32.900625  211
32.918125  200
32.930825  209
33.100983  213
33.114657  432
33.209313  227
33.226019  247
33.257706  239
33.259479  237
33.263784  230
33.272254  238
33.282557  245
33.294038  236
33.295651  229
33.299536  259
33.301529  311
33.303102  254
33.307726  322
33.320249  335
33.324154  255
33.373478  436
33.380475  241
33.391786  444
33.393459  579
33.397684  253
33.406281  261
33.412679  572
33.421888  239
33.430757  255
33.448340  527
33.462254  258
33.469671  255
33.484954  248
33.492655  239
33.494588  230
33.497140  214
33.504257  318
33.552751  584
33.569271  257
33.576268  570
33.578960  571
33.591156  238
33.600265  448
33.606803  244
33.622890  236
33.642463  249
33.692703  245
33.698608  441
33.706738  232
33.711610  247
33.757117  232
33.774536  563
33.781693  222
33.791676  228
33.809285  244
33.831748  230
33.836353  533
33.855330  533
33.857063  224
33.887897  247
33.899073  322
33.965049  249
34.009461  240
34.018631  248
34.029393  444
34.045528  250
34.062888  256
34.066933  268
34.073430  274
34.077455  274
34.104804  254
34.111381  217
34.139921  248
34.158164  214
34.165875  567
34.175759  236
34.194811  449
34.198776  249
34.222078  225
34.236406  256
34.277030  244
34.285980  250
34.290225  445
34.296942  323
34.316353  320
34.349035  225
34.353979  233
34.375644  572
34.377697  232
34.382441  220
34.398801  246
34.405458  229
34.417953  231
34.424011  241
34.427162  224
34.433140  227
34.435592  524
34.459350  571
34.461582  232
34.478682  250
34.504533  322
34.511710  223
34.520480  250
34.524765  240
34.533814  246
34.556757  440
34.599367  243
34.605984  237
34.612202  565
34.646706  244
34.677513  252
34.699041  222
34.716804  323
34.722622  222
34.738168  235
34.742393  232
34.744326  236
34.798829  253
34.831956  254
34.844891  256
34.870720  241
34.887807  442
34.902854  245
34.912523  325
34.919008  246
34.920681  449
34.940754  227
34.950183  234
34.974581  232
35.003963  257
35.034725  237
35.043415  534
35.044988  241
35.052045  256
35.054657  69
35.056310  572
35.058542  244
35.076481  257
35.087263  332
35.096033  258
35.104743  333
35.106896  248
35.129634  452
35.134798  246
35.139143  578
35.141815  251
35.162627  261
35.204397  572
35.215579  249
35.219404  453
35.227048  581
35.233286  458
35.237151  240
35.244128  240
35.246181  261
35.277324  546
35.296546  263
35.306015  230
35.323475  336
35.343547  238
35.346199  255
35.358314  577
35.368977  258
35.373681  576
35.376193  242
35.387276  251
35.389848  245
35.408461  248
35.410673  263
35.412426  243
35.447004  261
35.453602  233
35.468889  247
35.474947  252
35.487302  243
35.493959  456
35.500497  251
35.510979  334
35.519150  449
35.532305  232
35.536250  231
35.543387  238
35.545839  562
35.567982  222
35.572327  230
35.581397  233
35.599316  225
35.602582  225
35.627664  221
35.630016  524
35.635454  239
35.638685  569
35.643110  232
35.645282  319
35.656891  314
35.661196  233
35.691055  232
35.692808  214
35.708255  245
35.719437  245
35.751549  444
35.753302  243
35.763130  224
35.830349  240
35.839698  57
35.843743  239
35.850460  238
35.859949  524
35.864234  233
35.871830  231
35.876974  221
35.878907  207
35.883632  231
35.888096  206
35.892361  230
35.906114  207
35.907747  546
35.923103  218
35.937840  543
35.945415  210
35.974595  417
35.987157  194
36.003123  218
36.015742  195
36.034380  205
36.039464  217
36.045761  508
36.048373  206
36.069327  295
36.073972  411
36.104529  538
36.116949  205
36.160488  195
36.170736  197
36.181985  206
36.201716  201
36.204827  202
36.259742  308
36.271148  308
36.281151  230
36.295433  229
36.299917  216
36.301690  222
36.310544  549
36.372447  216
36.396348  540
36.402231  421
36.418241  212
36.419834  45
36.433996  516
36.440433  194
36.442026  220
36.443619  220
36.454800  286
36.463370  204
36.470107  542
36.474931  205
36.477163  539
36.495840  194
36.506742  530
36.522542  405
36.533059  186
36.542847  185
36.560273  174
36.574430  191
36.579808  192
36.590739  489
36.592352  189
36.596697  398
36.614400  398
36.625237  177
36.627569  278
36.647724  185
36.662495  522
36.677409  180
36.684065  197
36.697558  177
36.708124  196
36.713887  181
36.715720  176
36.726586  181
36.741972  477
36.744264  520
36.746596  178
36.758357  266
36.763001  264
36.768808  181
36.772614  263
36.792848  153
36.802141  380
36.804633  185
36.805532  183
36.810096  163
36.821110  497
36.830753  360
36.845829  167
36.862768  163
36.865260  484
36.870798  153
36.880886  160
36.883238  481
36.885011  155
36.889695  359
36.892207  154
36.893745  476
36.897951  352
36.906121  134
36.914321  0
36.924749  443
36.926861  441
36.928534  441
36.938002  132
36.940254  159
36.952969  131
36.955002  128
36.957614  141
36.963892  480
36.968017  150
36.994886  151
36.998871  130
37.003316  147
37.014558  349
37.025220  132
37.031298  129
37.044931  119
37.046784  118
37.051629  118
37.053522  124
37.058046  126
37.064044  126
37.068489  422
37.070781  123
37.072554  123
37.075006  335
37.102815  118
37.107300  113
37.117910  115
37.143592  103
37.145265  108
37.147437  106
37.149809  122
37.159812  103
37.171194  119
37.174780  106
37.188654  106
37.201528  103
37.208065  410
37.210497  111
37.216175  447
37.227576  111
37.232240  109
37.233833  192
37.252606  95
37.255557  310
37.258069  115
37.262355  104
37.264487  428
37.273950  294
37.278894  95
37.292228  87
37.302051  408
37.310001  402
37.312493  280
37.325687  60
37.340675  360
37.351262  359
37.356246  75
37.362184  50
37.364237  385
37.368542  55
37.400970  37
37.407448  250
37.428553  17
37.432898  24
37.439815  22
37.443740  18
37.448504  230
37.454482  218
37.469529  0
37.492042  0
37.496267  0
37.498839  6
37.526841  5
37.540795  0
37.558102  0
37.564359  300
37.566971  4
37.573289  338
37.589125  9
37.590758  88
37.637026  20
37.673739  346
37.694304  218
37.758082  346
37.799657  2
37.810060  7
37.813865  220
37.818794  221
37.858678  0
37.862783  11
37.895929  5
37.899674  8
37.907465  11
37.917074  14
37.925424  12
37.927736  307
37.933055  346
37.966023  90
37.975073  94
37.999184  9
38.000757  221
38.003469  13
38.036115  218
38.047297  343
38.051622  214
38.105721  27
38.127684  348
38.173866  10
38.180223  12
38.188433  98
38.196584  216
38.221241  12
38.235409  15
38.250996  22
38.260879  17
38.274094  14
38.276247  26
38.286929  13
38.312678  353
38.355143  100
38.359808  110
38.373822  356
38.380119  231
38.385977  13
38.399931  30
38.434051  233
38.451142  345
38.452855  241
38.461065  243
38.489548  37
38.501050  31
38.505076  366
38.521588  36
38.523221  24
38.525214  40
38.529259  370
38.533484  29
38.540002  18
38.547722  246
38.572337  29
38.585932  20
38.592230  247
38.605405  248
38.625516  31
38.643615  43
38.651986  47
38.658943  32
38.663248  361
38.677578  47
38.682442  41
38.695297  309
38.705860  34
38.710964  13
38.721607  374
38.743421  29
38.752511  112
38.766106  117
38.777233  33
38.782417  147
38.798491  252
38.805428  388
38.807281  38
38.811606  255
38.816071  50
38.820815  39
38.822748  52
38.840567  52
38.867850  39
38.873728  371
38.875381  273
38.888716  328
38.909961  396
38.917357  34
38.926647  50
38.930832  55
38.935617  403
38.939902  49
38.960148  45
38.973642  276
38.991562  47
39.008150  47
39.010083  272
39.027123  62
39.043609  57
39.071618  64
39.088178  61
39.098921  333
39.100814  69
39.105019  49
39.109144  403
39.118947  29
39.124151  350
39.128536  60
39.135553  47
39.142654  74
39.154475  68
39.165717  81
39.178772  66
39.205780  152
39.210025  154
39.213850  73
39.218155  165
39.222260  405
39.241333  77
39.252256  77
39.262639  78
39.264911  69
39.273221  85
39.286196  280
39.315998  362
39.320263  405
39.326121  82
39.332758  282
39.342961  68
39.356483  412
39.360848  65
39.430048  76
39.436545  78
39.445355  68
39.455317  284
39.463647  78
39.527462  85
39.537945  83
39.560509  91
39.562202  58
39.567151  366
39.577794  83
39.583852  88
39.590070  68
39.593875  93
39.601191  85
39.610208  421
39.623123  98
39.663862  77
39.676958  187
39.681922  290
39.692965  94
39.713971  88
39.737428  98
39.749383  293
39.770968  308
39.784856  424
39.793131  313
39.814955  438
39.826377  87
39.828090  112
39.837726  445
39.848229  101
39.863076  81
39.883402  314
39.903773  90
39.912303  109
39.938949  105
39.956395  316
39.966498  97
39.984078  108
39.995659  369
40.002740  94
40.013188  118
40.017153  102
40.021418  99
40.023131  117
40.029868  101
40.031641  438
40.037819  114
40.041564  74
40.043617  127
40.056492  386
40.059723  98
40.064028  88
40.076844  127
40.085694  109
40.096756  451
40.105446  134
40.139476  192
40.143541  193
40.152231  207
40.165925  317
40.170810  122
40.172503  454
40.180773  460
40.196620  332
40.201903  123
40.203736  119
40.225509  331
40.238444  118
40.249753  401
40.262109  114
40.267053  440
40.269246  132
40.275823  455
40.277576  97
40.284827  90
40.297921  135
40.313507  97
40.323570  116
40.328035  137
40.370059  212
40.391685  133
40.401948  125
40.406533  113
40.421961  337
40.430391  126
40.441173  120
40.459898  344
40.468588  130
40.470960  421
40.488340  139
40.514490  142
40.516323  134
40.518156  135
40.519869  455
40.525152  141
40.542671  121
40.582095  150
40.584487  146
40.595130  470
40.650882  121
40.652455  221
40.660565  230
40.665110  129
40.673200  344
40.677165  477
40.685895  484
40.687908  135
40.712804  139
40.719241  156
40.725478  146
40.731876  354
40.741465  143
40.743937  117
40.747823  463
40.769158  141
40.773103  361
40.774856  153
40.776549  464
40.787056  466
40.789209  152
40.799672  124
40.805630  157
40.817092  485
40.822880  128
40.830136  491
40.834741  147
40.851762  491
40.856027  160
40.860292  141
40.864277  167
40.927373  149
40.946011  363
40.966123  437
40.983263  160
40.991913  132
41.027194  141
41.044153  163
41.045806  160
41.056588  150
41.058760  152
41.066176  136
41.072194  137
41.075125  160
41.086007  241
41.094318  146
41.098982  163
41.110044  152
41.120347  168
41.160890  242
41.168566  250
41.171198  152
41.202646  159
41.204978  496
41.225648  364
41.250838  368
41.259548  163
41.263293  145
41.271663  168
41.281411  155
41.287688  162
41.297496  160
41.299808  167
41.301541  171
41.315833  148
41.323743  171
41.345806  162
41.367871  176
41.369964  170
41.375562  500
41.385530  155
41.394326  499
41.408874  370
41.437376  166
41.443774  160
41.469329  166
41.476780  154
41.482083  160
41.489159  366
41.494642  162
41.508156  165
41.536666  147
41.545656  166
41.616142  165
41.655025  163
41.666766  252
41.669178  163
41.684710  253
41.691827  254
41.698384  256
41.754498  166
41.768630  180
41.781963  166
41.788221  175
41.804550  158
41.809474  166
41.816371  370
41.829744  168
41.834888  177
41.838019  186
41.839972  170
41.848462  173
41.850654  179
41.856892  372
41.863769  506
41.865882  171
41.872279  168
41.880948  168
41.883200  172
41.897432  255
41.916169  507
41.974959  161
41.977311  372
41.991344  161
42.058029  165
42.062274  171
42.078680  173
42.081132  176
42.085258  180
42.099815  162
42.119826  167
42.122218  176
42.143452  169
42.199170  168
42.209518  171
42.217808  257
42.219401  261
42.222831  260
42.243908  178
42.260552  180
42.272038  158
42.281487  177
42.283180  180
42.296474  188
42.298746  165
42.307021  160
42.326146  170
42.327719  166
42.331968  372
42.333801  159
42.335579  372
42.337791  161
42.340223  172
42.342715  170
42.344408  159
42.348333  141
42.356363  354
42.358056  145
42.359649  144
42.361322  130
42.367639  146
42.381152  159
42.384842  152
42.387394  147
42.390680  144
42.392358  147
42.400393  140
42.403919  155
42.435215  125
42.450261  117
42.456059  112
42.458691  110
42.473653  108
42.479611  108
42.489324  111
42.509703  102
42.511356  89
42.519757  111
42.532356  111
42.539392  105
42.541764  95
42.549220  99
42.551652  92
42.556376  92
42.564376  110
42.570718  98
42.572631  95
42.575742  100
42.577335  106
42.581780  99
42.587638  91
42.592922  95
42.597627  91
42.605283  98
42.628005  88
42.638188  91
42.643811  90
42.655611  84
42.658223  82
42.660156  80
42.662408  77
42.667512  81
42.674288  71
42.684171  55
42.694825  52
42.698511  51
42.705308  41
42.712124  60
42.719100  50
42.724438  35
42.726111  36
42.728643  45
42.732828  44
42.738231  28
42.749200  250
42.771683  55
42.783364  63
42.784692  55
42.786385  54
42.790110  51
42.791344  54
42.793936  53
42.804898  63
42.865230  42
42.877865  48
42.896802  20
42.899074  36
42.908011  32
42.912995  30
42.917300  29
42.921965  26
42.923938  26
42.925871  18
42.934760  28
42.939126  16
42.944090  40
42.946482  20
42.950567  10
42.958518  8
42.960231  10
42.966608  17
42.973005  17
42.984227  0
42.989211  5
42.991683  5
43.008264  4
43.013388  5
43.017912  7
43.026343  4
43.040124  0
43.047481  0
43.051626  0
43.055951  0
43.069605  0
43.071478  0
43.073191  0
43.075643  0
43.078889  0
43.088741  194
43.093745  192
43.109966  0
43.118316  2
43.122901  0
43.124694  0
43.140421  0
43.282500  0
43.372556  138
43.380147  136
43.650102  133
43.795868  4
43.880147  3
43.890330  10
43.943520  9
43.957394  8
43.979780  6
43.997099  136
43.999272  14
44.007209  46
44.009262  139
44.010875  26
44.017332  1
44.024129  4
44.027974  192
44.029767  5
44.039096  13
44.050498  15
44.052091  13
44.078375  53
44.135778  55
44.139644  30
44.159704  33
44.173860  30
44.180937  39
44.182810  3
44.191180  49
44.195545  51
44.197738  48
44.218124  55
44.230979  57
44.240128  21
44.271744  55
44.276668  53
44.283885  55
44.299472  59
44.310914  60
44.314960  59
44.316613  46
44.330087  50
44.338178  62
44.355485  197
44.359430  66
44.363915  203
44.368240  80
44.372345  216
44.374937  57
44.379202  55
44.386039  60
44.390144  216
44.407325  57
44.409138  64
44.418802  63
44.426238  61
44.449636  86
44.465203  45
44.501597  49
44.510746  57
44.515745  80
44.538067  65
44.547676  70
44.558686  63
44.561118  57
44.562751  65
44.569148  65
44.611978  80
44.614390  60
44.634122  85
44.648398  68
44.661560  73
44.663673  81
44.680673  92
44.683365  86
44.693268  62
44.699825  80
44.713160  78
44.720157  88
44.728887  56
44.747688  99
44.758470  105
44.766800  78
44.768933  98
44.773837  85
44.776389  232
44.788804  81
44.801149  92
44.807072  91
44.817915  100
44.828325  101
44.838488  65
44.890373  60
44.905388  106
44.912026  79
44.922209  101
44.928047  102
44.933251  104
44.943794  75
44.947719  98
44.952843  101
44.959300  102
44.972495  106
44.989095  101
44.993100  240
45.009148  110
45.013513  96
45.015326  90
45.017379  78
45.036930  95
45.051278  97
45.062180  105
45.066645  105
45.075654  103
45.090442  115
45.110554  122
45.114899  106
45.117291  112
45.127219  114
45.128852  93
45.152849  245
45.155281  112
45.157993  117
45.172549  106
45.187004  107
45.205856  109
45.216479  112
45.221144  93
45.243849  114
45.304925  102
45.313935  119
45.347123  103
45.355773  102
45.359299  121
45.361591  122
45.373412  106
45.380069  122
45.438299  117
45.442184  112
45.444696  113
45.492890  122
45.498948  136
45.530077  119
45.546758  136
45.551183  126
45.552936  139
45.561146  143
45.577972  134
45.585923  149
45.598945  134
45.601117  158
45.602850  257
45.611580  117
45.618297  295
45.648262  123
45.659125  129
45.667215  143
45.684422  162
45.692592  163
45.741226  119
45.754082  158
45.782913  146
45.787518  150
45.790844  135
45.802720  137
45.805986  139
45.819389  136
45.827005  140
45.831430  140
45.840286  164
45.844191  143
45.846244  154
45.848397  297
45.854514  165
45.858140  147
45.887900  161
45.891886  132
45.897504  126
45.906561  137
45.920948  142
45.931690  162
45.943252  144
45.957467  158
45.959500  161
45.971896  154
45.998625  171
46.014785  162
46.017197  166
46.021342  140
46.032704  155
46.039022  179
46.051897  171
46.060047  183
46.061800  307
46.066384  186
46.088329  175
46.095106  163
46.119457  176
46.122488  164
46.149321  175
46.153966  158
46.158131  175
46.208699  157
46.218882  181
46.264603  183
46.266436  177
46.277658  162
46.285948  314
46.288420  179
46.295557  173
46.301895  175
46.303548  177
46.310849  185
46.320812  178
46.345008  177
46.355910  189
46.358102  190
46.364440  173
46.368825  174
46.376036  179
46.403998  180
46.431705  186
46.450667  186
46.491600  187
46.496285  172
46.507048  197
46.511593  183
46.519333  176
46.523658  183
46.539565  185
46.546343  189
46.553060  187
46.554913  203
46.567728  213
46.576018  210
46.582056  187
46.584209  180
46.612851  195
46.621501  190
46.642405  209
46.644158  189
46.646550  181
46.670393  194
46.687874  185
46.703128  204
46.736392  202
46.742510  193
46.753972  191
46.769560  204
46.771593  202
46.783294  214
46.789732  193
46.794337  195
46.796010  199
46.802887  200
46.806852  199
46.813769  214
46.817714  212
46.821800  213
46.834975  202
46.839200  212
46.850322  215
46.854767  216
46.859172  186
46.866117  190
46.902031  207
46.913057  214
46.932890  204
46.936756  211
46.943214  213
46.981982  206
46.990572  219
47.004267  216
47.008412  218
47.010844  215
47.012917  215
47.014570  209
47.023680  210
47.036455  220
47.040340  215
47.049577  220
47.056094  211
47.060099  210
47.064364  219
47.096790  210
47.136554  213
47.146717  223
47.190464  214
47.192577  197
47.203300  223
47.243475  213
47.249193  216
47.255511  223
47.259776  222
47.262328  219
47.268046  219
47.272151  216
47.276536  215
47.283673  219
47.314469  222
47.318394  222
47.364403  213
47.380031  213
47.410427  226
47.435044  213
47.461887  221
47.482078  224
47.526527  218
47.539762  222
47.550784  215
47.555090  228
47.566412  212
47.568085  217
47.576684  212
47.594724  229
47.600942  218
47.624119  216
47.628923  224
47.637673  230
47.648462  216
47.658253  234
47.659886  215
47.666623  240
47.693433  246
47.730371  230
47.732284  222
47.757886  233
47.779270  232
47.781003  227
47.783355  228
47.797323  223
47.801867  230
47.806532  234
47.811935  219
47.816799  228
47.818932  222
47.825989  232
47.832766  228
47.834939  225
47.845490  235
47.869032  226
47.872298  246
47.887644  252
47.908435  245
47.935485  231
47.949199  240
47.953631  237
47.968842  232
47.979424  252
47.997712  250
48.009893  232
48.023767  254
48.033655  243
48.036227  251
48.053013  254
48.055645  243
48.058017  228
48.069419  235
48.071891  249
48.074063  248
48.079402  243
48.081215  247
48.083587  245
48.087692  251
48.098354  248
48.102459  244
48.107843  250
48.114421  244
48.121038  241
48.147192  244
48.152076  247
48.176572  236
48.181357  235
48.187802  244
48.203209  231
48.211859  232
48.245570  233
48.248062  244
48.252806  237
48.257530  236
48.289802  242
48.303603  246
48.309406  244
48.316982  242
48.332189  244
48.334541  240
48.340639  242
48.352803  241
48.357567  242
48.433038  235
48.436644  244
48.453588  239
48.467082  238
48.498481  241
48.506641  239
48.513892  237
48.533688  245
48.535561  239
48.543615  244
48.563411  241
48.565424  241
48.570607  239
48.582428  234
48.584680  237
48.588885  232
48.625967  238
48.641094  242
48.702366  240
48.707270  232
48.728423  244
48.734166  243
48.763806  238
48.777367  248
48.845204  238
48.850028  240
48.861589  242
48.865715  250
48.870579  248
48.873291  243
48.875324  245
48.877556  246
48.879569  245
48.917686  243
48.921931  245
48.926615  245
48.936943  247
48.939235  238
48.940908  245
48.951451  235
48.953703  232
48.956135  231
48.967136  234
48.978177  231
48.996827  232
48.999239  233
49.006435  231
49.011079  230
49.033542  227
49.038646  235
49.040958  232
49.047695  233
49.052459  228
49.054332  225
49.058976  223
49.061448  225
49.063840  223
49.066512  223
49.068325  218
49.072689  216
49.077913  215
49.083057  219
49.089834  219
49.099302  223
49.101275  219
49.103208  218
49.107353  219
49.111538  218
49.113990  213
49.116242  217
49.117955  211
49.140026  219
49.141859  213
49.163385  210
49.165018  210
49.186731  206
49.192574  204
49.198336  215
49.207265  203
49.211290  205
49.215615  203
49.222179  215
49.242375  190
49.243988  196
49.249491  191
49.251264  189
49.276882  191
49.278555  191
49.283479  192
49.289302  192
49.295227  190
49.299831  189
49.302523  187
49.311277  187
49.315062  189
49.317734  190
49.319307  191
49.327282  191
49.330393  188
49.334758  179
49.337410  179
49.358719  162
49.365116  162
49.367688  160
49.379510  148
49.384115  149
49.386387  148
49.397389  151
49.408031  150
49.414428  143
49.416121  143
49.420885  143
49.423177  151
49.429794  151
49.438124  143
49.449466  140
49.456662  148
49.458495  145
49.465192  147
49.470695  140
49.473047  141
49.479745  135
49.480424  134
49.482616  131
49.485587  131
49.488279  124
49.490931  133
49.495276  131
49.499341  122
49.501314  122
49.503486  118
49.505499  113
49.507931  112
49.511956  103
49.515147  109
49.528661  107
49.531033  103
49.543574  102
49.545766  104
49.547938  103
49.549631  102
49.565397  101
49.567529  100
49.570121  96
49.572154  94
49.574766  105
49.579231  90
49.580924  91
49.587841  89
49.590313  98
49.594578  98
49.606314  89
49.610129  83
49.617050  88
49.638435  84
49.640008  83
49.642440  79
49.645806  75
49.653761  77
49.655494  65
49.657806  67
49.661871  69
49.670880  66
49.675345  65
49.698128  62
49.719254  58
49.723599  58
49.746202  44
49.750068  48
49.768267  43
49.785847  54
49.788079  58
49.794596  58
49.802906  57
49.808804  47
49.811156  46
49.812769  48
49.814582  42
49.822836  45
49.824709  39
49.827101  39
49.829273  40
49.837992  36
49.840101  34
49.842453  36
49.844206  35
49.852636  31
49.854828  33
49.856421  33
49.870968  27
49.872193  27
49.874765  21
49.885447  23
49.890970  22
49.906924  26
49.911968  18
49.919564  23
49.928253  19
49.933621  19
49.935694  12
49.948821  14
49.951173  20
49.953046  22
49.958984  17
49.966268  20
49.970973  21
49.996783  14
50.003221  2
50.005713  1
50.031104  7
50.049283  3
50.053148  3
50.068215  10
50.075312  10
50.079397  7
50.086154  11
50.090340  2
50.094705  5
50.096378  3
50.119309  14
50.134556  12
50.145598  13
50.159112  11
50.169135  17
50.182669  12
50.381198  22
50.411253  5
50.413565  16
50.420203  19
50.429013  16
50.439556  18
50.480393  7
50.514110  32
50.520787  16
50.539819  23
50.548409  31
50.561045  24
50.572087  15
50.579104  22
50.609578  19
50.618448  18
50.637069  26
50.665212  25
50.687276  23
50.695766  28
50.700411  26
50.702983  23
50.709441  14
50.711354  24
50.717012  28
50.729534  23
50.753292  28
50.805958  24
50.828776  25
50.832881  22
50.838959  29
50.844103  32
50.859385  39
50.886440  26
50.979291  28
51.014656  28
51.019640  32
51.032228  31
51.037033  28
51.039046  34
51.048635  29
51.057086  29
51.065636  34
51.078271  34
51.080144  20
51.093579  33
51.104901  24
51.121521  30
51.130751  35
51.143086  39
51.144819  43
51.149883  27
51.180365  40
51.192521  51
51.203663  25
51.205875  36
51.235034  36
51.239099  38
51.243404  39
51.272605  31
51.283148  37
51.291558  33
51.324046  34
51.327851  53
51.334558  41
51.336691  35
51.345261  43
51.356103  43
51.358036  44
51.359609  44
51.373043  27
51.377388  57
51.386797  46
51.388909  67
51.392395  40
51.410514  65
51.412407  37
51.417012  17
51.420997  55
51.441108  44
51.452480  37
51.464183  63
51.469047  38
51.476458  46
51.480902  58
51.498761  39
51.500794  59
51.505558  35
51.513868  56
51.522478  50
51.527303  61
51.531188  63
51.535393  73
51.548048  33
51.552293  59
51.557038  47
51.567361  71
51.569134  64
51.585713  63
51.587746  63
51.604666  49
51.617460  55
51.631055  69
51.638291  56
51.672891  60
51.683574  67
51.687939  64
51.699249  69
51.707299  63
51.711624  71
51.718011  71
51.722975  49
51.724948  65
51.729133  68
51.731146  73
51.745421  64
51.751639  67
51.760869  71
51.765094  75
51.767167  78
51.775277  65
51.777070  69
51.792338  67
51.794191  24
51.805213  66
51.832369  69
51.840240  63
51.857040  79
51.858713  78
51.888107  73
51.901242  82
51.911905  97
51.927372  65
51.931977  72
51.936282  70
51.949037  76
51.956613  74
51.967975  73
51.972440  77
51.983961  67
52.017781  81
52.021786  81
52.026071  71
52.041318  77
52.059571  69
52.074797  74
52.076850  75
52.087792  79
52.093830  81
52.103466  71
52.114369  101
52.123219  100
52.129517  113
52.139187  78
52.143692  79
52.151263  90
52.155148  113
52.157620  107
52.161905  97
52.165591  99
52.179704  93
52.183929  38
52.192639  71
52.212012  106
52.223114  83
52.224987  85
52.230725  98
52.235210  103
52.238445  104
52.258776  107
52.265354  87
52.275317  95
52.281874  102
52.288592  94
52.290245  119
52.295883  105
52.318960  107
52.326076  106
52.336438  103
52.338570  103
52.349973  114
52.367773  109
52.369966  111
52.384414  106
52.402833  62
52.419854  110
52.426212  119
52.478010  110
52.488696  117
52.498026  115
52.502131  117
52.508369  111
52.524616  117
52.547815  135
52.573489  113
52.581085  137
52.589396  125
52.599738  134
52.614572  108
52.621569  89
52.625994  111
52.655949  117
52.668604  120
52.675302  134
52.679367  144
52.709802  120
52.713887  122
52.715640  126
52.724870  153
52.754515  155
52.765741  145
52.771045  104
52.776469  113
52.781074  131
52.787791  119
52.791117  147
52.806724  140
52.812962  149
52.823174  138
52.862717  125
52.864710  160
52.873020  137
52.897158  141
52.903436  138
52.913199  135
52.919517  139
52.928147  151
52.941706  155
52.955879  157
52.966223  143
52.982983  167
52.989680  125
52.996757  165
53.011513  146
53.020543  166
53.022296  144
53.024548  154
53.038921  158
53.048011  172
53.050303  154
53.055921  168
53.062398  146
53.065010  103
53.085597  149
53.095445  120
53.107481  141
53.115356  149
53.116929  152
53.128131  160
53.132376  163
53.141326  182
53.145651  179
53.147824  180
53.162971  159
53.174054  155
53.184756  171
53.207885  167
53.209778  186
53.214163  170
53.222253  167
53.245137  160
53.256459  162
53.263356  165
53.265828  175
53.275492  180
53.281809  177
53.291618  139
53.324386  178
53.343898  164
53.348463  175
53.362118  177
53.390599  173
53.402475  174
53.420674  182
53.426632  173
53.435662  178
53.452303  183
53.453976  179
53.463265  175
53.476487  173
53.480632  182
53.485297  175
53.494241  182
53.500618  178
53.504604  179
53.511181  185
53.523656  165
53.525888  168
53.548453  174
53.553018  172
53.582774  180
53.587339  178
53.598442  175
53.618181  175
53.625238  172
53.627730  173
53.632335  170
53.636420  174
53.647816  171
53.698860  175
53.720964  185
53.796836  191
53.845563  181
53.861269  185
53.880900  186
53.898300  183
53.902825  197
53.919964  194
53.937843  199
53.946054  187
53.952891  198
53.965486  176
53.967918  201
53.980079  192
53.986597  193
53.990682  205
54.005557  175
54.012154  180
54.036415  184
54.054732  180
54.056605  184
54.062423  187
54.064156  196
54.071852  190
54.076477  200
54.085710  204
54.102136  204
54.108434  193
54.114401  193
54.125483  188
54.168519  194
54.172565  211
54.176750  208
54.181394  202
54.189804  194
54.204952  193
54.223116  200
54.234477  208
54.244500  210
54.291501  216
54.307492  197
54.320626  194
54.325230  197
54.334179  210
54.355461  202
54.379338  206
54.386023  224
54.394533  203
54.398798  207
54.409560  210
54.412232  205
54.418450  221
54.428399  214
54.445600  205
54.451897  222
54.459174  228
54.461327  222
54.470571  214
54.477675  244
54.480826  205
54.482979  211
54.487384  238
54.491889  186
54.507337  216
54.511742  245
54.519513  220
54.536013  245
54.545067  234
54.558681  213
54.562786  210
54.568744  202
54.581599  201
54.583572  218
54.591143  214
54.601071  229
54.603024  213
54.607469  240
54.615759  242
54.628774  239
54.630607  224
54.637644  221
54.639517  244
54.644162  246
54.652912  223
54.659030  252
54.686993  243
54.697775  248
54.714636  218
54.725393  243
54.737732  222
54.744689  237
54.758976  245
54.787697  240
54.801032  223
54.850633  236
54.852206  241
54.885546  237
54.903299  237
54.908622  242
54.910335  243
54.933617  238
54.944760  243
54.951597  243
54.967359  246
54.992923  248
55.002551  248
55.004444  248
55.019060  245
55.043064  252
55.053467  250
55.066421  247
55.078066  251
55.102642  243
55.113925  246
55.115598  247
55.138256  250
55.139929  243
55.146326  247
55.148898  248
55.154182  244
55.168889  251
55.179192  251
55.204267  257
55.227756  256
55.236406  256
55.241350  249
55.246274  248
55.268759  251
55.277190  248
55.296462  254
55.303059  254
55.307324  246
55.335700  250
55.361990  256
55.373541  243
55.397957  242
55.414509  246
55.418854  248
55.433375  245
55.436701  256
55.446564  249
55.457486  249
55.465621  258
55.467853  245
55.475284  248
55.485298  257
55.489603  248
55.498856  256
55.501348  254
55.522773  247
55.524826  251
55.533096  256
55.537301  250
55.541986  243
55.546711  248
55.559946  246
55.564750  250
55.620044  246
55.638302  237
55.640694  250
55.645498  250
55.696055  257
55.704805  257
55.753246  263
55.771524  263
55.778185  266
55.783588  253
55.815626  250
55.822543  259
55.840007  252
55.847323  253
55.888275  255
55.914528  253
55.935692  254
55.956941  251
55.968072  260
55.977600  257
55.979233  249
56.000926  256
56.014744  265
56.016996  254
56.026424  248
56.029136  258
56.038624  255
56.040756  260
56.061706  258
56.063878  260
56.075614  257
56.077866  255
56.098784  255
56.114275  255
56.124178  240
56.131314  251
56.135639  250
56.140583  251
56.169348  255
56.196647  254
56.201451  252
56.203164  251
56.205676  259
56.209681  250
56.220583  246
56.237686  248
56.269469  258
56.281529  253
56.297615  258
56.310314  259
56.335428  257
56.340232  257
56.348542  254
56.359443  253
56.364362  252
56.367213  252
56.397235  248
56.420392  252
56.423303  245
56.438709  244
56.457785  242
56.483610  251
56.486302  252
56.490547  252
56.493917  246
56.501413  253
56.503386  248
56.508924  244
56.517103  251
56.521408  250
56.525513  246
56.532110  244
56.534083  241
56.540165  250
56.550819  245
56.553251  250
56.555563  245
56.585346  251
56.588692  238
56.590265  251
56.594070  245
56.603857  242
56.608022  240
56.613545  246
56.621660  244
56.625925  237
56.627558  236
56.639170  243
56.644014  238
56.646506  238
56.650431  241
56.660818  240
56.665802  230
56.673358  225
56.675890  232
56.678002  222
56.680694  230
56.685358  229
56.689143  234
56.690856  221
56.696339  226
56.701483  220
56.703096  228
56.706147  228
56.707940  219
56.710212  225
56.726241  220
56.735510  225
56.742587  225
56.744979  225
56.747391  227
56.749983  224
56.755401  222
56.757773  219
56.761059  226
56.783334  226
56.786046  230
56.800079  232
56.822761  230
56.829997  228
56.831770  224
56.833363  222
56.835815  222
56.841159  221
56.848781  221
56.851193  221
56.853166  219
56.861405  222
56.863558  219
56.869161  214
56.877236  214
56.886614  210
56.914172  221
56.915925  213
56.926607  214
56.929099  211
56.950227  216
56.969184  212
56.973495  213
56.975687  206
56.977979  205
56.980231  212
56.982064  210
56.983697  204
57.006344  200
57.008776  198
57.014199  203
57.016491  202
57.018603  197
57.020396  191
57.022269  187
57.025500  198
57.027173  187
57.030384  178
57.032696  175
57.034889  175
57.037481  174
57.039574  172
57.043379  175
57.046410  175
57.051314  172
57.055819  172
57.058151  167
57.060283  165
57.062156  157
57.063729  155
57.067854  154
57.071879  146
57.085377  152
57.088328  148
57.094331  153
57.098676  144
57.100808  151
57.103140  143
57.104813  150
57.107167  147
57.111971  140
57.122977  136
57.126982  143
57.129154  134
57.131925  125
57.135810  113
57.137763  113
57.140794  118
57.145159  117
57.147491  112
57.155386  120
57.160978  101
57.177937  85
57.183960  75
57.186372  74
57.188165  73
57.190357  72
57.196155  68
57.205504  69
57.208196  68
57.210808  65
57.238396  58
57.245995  49
57.258001  49
57.261092  53
57.305834  55
57.320481  46
57.331603  44
57.340633  46
57.345438  44
57.354830  52
57.357102  46
57.363600  46
57.366252  44
57.382653  31
57.386678  23
57.390304  22
57.404896  23
57.408861  7
57.414404  13
57.422160  19
57.425575  16
57.432612  17
57.434285  5
57.435998  0
57.446960  0
57.458062  0
57.469165  0
57.492502  0
57.500672  0
57.530498  0
57.537115  0
57.545365  0
57.568747  0
57.570500  0
57.608483  0
57.625824  0
57.634673  0
57.641690  0
57.788231  1
57.833879  3
57.869618  4
57.891837  6
57.899293  4
57.912887  10
57.962534  12
57.971158  0
58.021538  13
58.035816  10
58.037729  7
58.043706  10
58.053235  7
58.057600  14
58.070762  20
58.075406  33
58.085989  36
58.096472  37
58.103529  9
58.115210  21
58.123640  27
58.131024  18
58.136622  5
58.145891  18
58.149696  27
58.153362  42
58.162432  29
58.172495  29
58.175067  39
58.180166  23
58.191395  34
58.204729  26
58.235126  48
58.239331  3
58.244235  37
58.248380  37
58.256930  29
58.259102  42
58.283000  44
58.296196  39
58.328590  41
58.338713  41
58.345030  47
58.349834  44
58.357034  22
58.362912  45
58.364925  47
58.380431  24
58.390414  33
58.398564  43
58.411658  54
58.418994  44
58.421067  37
58.437467  46
58.441632  48
58.446337  50
58.457899  49
58.459712  33
58.465510  47
58.469435  48
58.524007  4
58.526120  60
58.536603  50
58.542481  49
58.544234  48
58.550631  57
58.587388  52
58.593326  57
58.612228  55
58.618765  59
58.620538  58
58.623230  39
58.635326  69
58.639571  60
58.641903  62
58.648320  61
58.654178  73
58.662408  34
58.664081  74
58.670499  64
58.674724  54
58.676517  63
58.701539  48
58.720626  76
58.731528  61
58.738186  76
58.744564  57
58.751960  64
58.772891  55
58.777176  77
58.805229  60
58.828865  78
58.835742  90
58.846372  68
58.857694  61
58.860226  51
58.862199  69
58.870050  56
58.875154  83
58.912345  72
58.923468  73
58.949578  74
58.958767  79
58.963432  96
58.971902  84
58.982305  114
58.991075  79
59.002277  69
59.016306  113
59.020391  93
59.024496  89
59.037131  88
59.063261  92
59.069938  84
59.074782  90
59.076795  65
59.088317  89
59.091663  90
59.106830  91
59.111494  112
59.113647  100
59.120324  109
59.161689  74
59.167387  101
59.169500  93
59.178230  113
59.183249  98
59.198535  99
59.207225  111
59.211050  111
59.215535  108
59.218666  77
59.225483  74
59.230008  69
59.250695  113
59.254740  111
59.269187  111
59.303759  113
59.307884  115
59.310336  116
59.333793  123
59.335466  109
59.337079  124
59.361091  127
59.362664  112
59.365056  110
59.379963  105
59.382375  110
59.396884  121
59.432443  117
59.439999  110
59.442172  127
59.458099  90
59.472867  123
59.477663  113
59.491378  116
59.525568  128
59.546202  120
59.571921  110
59.580311  125
59.582124  103
59.591073  98
59.621009  128
59.622842  130
59.637799  129
59.662296  140
59.670846  120
59.680829  144
59.685913  127
59.691137  131
59.701300  130
59.705905  124
59.710770  152
59.712963  144
59.714976  128
59.717548  131
59.734448  123
59.740766  157
59.743338  139
59.753007  125
59.759864  117
59.761817  131
59.770626  136
59.776624  137
59.789219  125
59.795697  134
59.799702  125
59.804047  131
59.808871  123
59.816847  143
59.820093  142
59.834027  150
59.838372  145
59.840165  141
59.845209  117
59.851047  147
59.863743  147
59.866388  155
59.870693  138
59.885860  150
59.908346  146
59.916596  160
59.927419  160
59.938701  159
59.945897  126
59.950082  155
59.968640  136
59.970792  162
59.979122  132
