# t(s) W_ledbat(bytes)
10.044612  65535
10.157600  65535
10.194432  65530
10.198757  65520
10.201189  65515
10.203022  65505
10.207267  65500
10.213065  65457
10.215217  65436
10.221715  65393
10.232767  65372
10.236632  65329
10.241836  65308
10.243609  65265
10.249566  65244
10.251339  65201
10.256144  65180
10.258057  65126
10.264345  65094
10.265978  65530
10.267631  65030
10.270343  65520
10.272615  65515
10.274508  65489
10.276980  64998
10.279133  65476
10.280706  64847
10.283318  64771
10.285231  65450
10.287503  65418
10.289516  64619
10.293988  65354
10.296580  65322
10.298373  64543
10.300126  64391
10.302478  64315
10.304211  65258
10.306343  65226
10.308416  64063
10.310588  63937
10.312241  65162
10.314653  63684
10.317365  65130
10.319098  63557
10.321251  65066
10.323903  65034
10.325576  63302
10.328108  63174
10.331000  64969
10.333452  62918
10.338324  62790
10.340297  62532
10.342569  64937
10.344342  64872
10.346554  64840
10.348467  65535
10.350819  62403
10.354945  62144
10.359769  62003
10.369992  61719
10.372444  61463
10.374457  60948
10.377009  60688
10.378942  60143
10.381134  59868
10.385000  59103
10.387332  58716
10.389305  64748
10.391817  64702
10.393690  64610
10.399898  64564
10.403844  64472
10.410501  57936
10.413033  64366
10.419378  63868
10.421830  57541
10.425456  56745
10.429928  63617
10.432021  63113
10.436805  56342
10.438658  55530
10.441030  62859
10.443123  62344
10.445315  55118
10.447128  62085
10.448741  53955
10.453153  53361
10.455226  52160
10.457838  51593
10.459511  61541
10.461843  50446
10.464335  61267
10.467027  49860
10.469220  65535
10.474032  60715
10.478157  48673
10.495177  48065
10.503947  60437
10.505520  46834
10.518315  65476
10.520947  65447
10.522760  46203
10.524593  59785
10.526805  59441
10.531250  44922
10.534565  65388
10.537240  58748
10.538873  44264
10.541385  42927
10.544379  42238
10.546831  58398
10.548584  65358
10.553309  40837
10.555481  57693
10.557833  40113
10.559746  65298
10.564710  65268
10.566703  38638
10.569155  65208
10.573500  57315
10.575273  56553
10.577945  65178
10.579938  56167
10.581891  65118
10.584403  55390
10.587015  37872
10.593133  65094
10.594726  65046
10.597418  54996
10.599551  36309
10.604455  35494
10.608221  33827
10.612026  54202
10.617050  32953
10.618943  53799
10.620736  65022
10.622629  52987
10.629626  31157
10.631998  52575
10.633951  64974
10.638615  30208
10.640248  51517
10.645033  28249
10.647385  64950
10.653443  27202
10.655576  64902
10.657768  50977
10.659601  25026
10.661973  49885
10.664685  49328
10.666538  64878
10.668471  48200
10.670883  47623
10.673036  46210
10.675648  22971
10.677821  64830
10.680493  65530
10.683005  45482
10.684838  64806
10.686471  65528
10.688324  64758
10.690716  44003
10.693268  64734
10.695221  65523
10.697433  43151
10.699106  41412
10.701778  18493
10.703950  15712
10.705943  64686
10.708615  9164
10.711027  64629
10.712780  64515
10.715352  40506
10.717225  38488
10.719757  3551
10.721870  64458
10.724003  65521
10.725636  37427
10.727689  64290
10.730201  65516
10.732473  2920
10.737225  35243
10.743610  64206
10.745423  65514
10.747316  34084
10.752974  31686
10.755506  64037
10.757079  30397
10.759451  63931
10.764056  63719
10.766328  27616
10.777218  65509
10.782282  63613
10.783975  26085
10.786108  22844
10.788620  20940
10.790753  16784
10.793065  63360
10.795337  63233
10.796930  14192
10.799003  65507
10.801455  8259
10.803667  62978
10.806279  65502
10.808751  62850
10.810344  65496
10.811977  65535
10.816502  65484
10.820747  62593
10.825531  3161
10.827564  65478
10.834062  62464
10.836055  2920
10.838607  62189
10.849409  62051
10.859592  65438
10.862064  61774
10.866249  65418
10.868242  65378
10.881856  61606
10.887555  61268
10.892339  61098
10.898577  65323
10.905968  65213
10.913145  65158
10.934904  65002
10.937596  64924
10.939669  64768
10.944473  60748
10.949097  60572
10.954956  60218
10.974068  60020
10.976740  59623
10.978952  64660
10.981045  64443
10.983557  59423
10.990599  64334
10.994825  64066
11.001322  63932
11.003155  59009
11.005507  63663
11.014404  58801
11.024618  58383
11.031056  63507
11.032869  58121
11.034582  57594
11.051088  63194
11.057046  63037
11.059019  57328
11.076793  62699
11.081098  56773
11.085942  62529
11.088234  56493
11.089947  62188
11.159785  62016
11.167996  61670
11.174853  61496
11.183343  61147
11.188507  60972
11.190300  55929
11.194505  60620
11.196877  55620
11.198450  54999
11.205407  54685
11.209592  54017
11.217534  53679
11.239299  60443
11.240892  60088
11.247449  59910
11.249162  52999
11.261557  52596
11.265183  59449
11.267855  59217
11.269628  51784
11.278037  58750
11.279690  51372
11.293264  58502
11.294857  50291
11.303387  58002
11.308811  49739
11.312717  57750
11.321207  57218
11.324398  48622
11.327090  56950
11.333688  48051
11.335321  56411
11.337873  56133
11.343991  46895
11.346363  55574
11.348795  46303
11.350848  55292
11.354813  44963
11.367888  44273
11.370765  42872
11.373297  42140
11.375310  40650
11.377982  39878
11.379735  38243
11.382367  37391
11.384040  54724
11.386692  35647
11.389364  34766
11.390997  54437
11.394089  32960
11.396721  53860
11.401305  32008
11.407803  53569
11.411849  52983
11.418586  52687
11.420619  52065
11.424384  51751
11.427950  51118
11.432022  30112
11.433615  29105
11.441071  27020
11.443383  25897
11.445156  23553
11.447868  50800
11.449641  50159
11.451793  22265
11.453486  19614
11.455938  49835
11.458091  18109
11.460044  14849
11.462476  12953
11.464369  8605
11.466761  5333
11.468774  2920
11.471466  49184
11.473878  48855
11.476695  48191
11.478748  47862
11.484726  47199
11.487378  46863
11.512974  46293
11.517619  46005
11.519212  45424
11.523117  45138
11.528805  44561
11.543143  44269
11.550634  43681
11.554839  43383
11.558964  42783
11.592370  42479
11.598628  41866
11.601000  41555
11.624498  40929
11.628423  40611
11.641218  39970
11.650966  39626
11.655591  38931
11.664068  38578
11.683021  37865
11.698716  65535
11.701148  37502
11.702941  36768
11.718570  36383
11.721265  35605
11.728342  35208
11.746555  34361
11.750560  33927
11.753946  33048
11.763135  32585
11.772445  31646
11.776950  31163
11.801700  30115
11.804412  29573
11.809611  28468
11.814195  27866
11.816228  26636
11.821012  25993
11.833428  24653
11.836140  23947
11.842838  22492
11.845550  21715
11.849056  20105
11.851388  19236
11.860138  17419
11.864483  16416
11.873612  14286
11.880469  13043
11.886887  10319
11.888540  8597
11.900840  4424
11.903552  65535
11.907537  2920
12.080044  65526
12.090277  65522
12.094502  65513
12.103671  65500
12.105404  65474
12.107996  65461
12.112062  65426
12.114394  65409
12.120173  65374
12.122585  65356
12.131395  65320
12.133627  65302
12.141977  65263
12.144589  65244
12.155571  65205
12.166601  65186
12.173278  65147
12.175550  65128
12.182748  65088
12.184900  65068
12.186973  65535
12.189585  65028
12.192117  65007
12.194130  64964
12.198475  64943
12.322631  65535
12.439146  65535
12.465975  64921
12.470300  64877
12.517060  64855
12.521085  64811
12.522758  64789
12.558470  64744
12.560862  64722
12.562435  64677
12.568533  64645
12.574690  64580
12.579035  64548
12.609790  64488
12.612202  64458
12.616687  64398
12.623844  64368
12.625577  64308
12.627869  64278
12.634446  64219
12.636958  64190
12.641443  65535
12.654898  64131
12.661815  64102
12.666340  64043
12.668812  64014
12.672858  63955
12.679515  63926
12.681388  63867
12.685553  63838
12.721536  63779
12.723848  63749
12.725461  63682
12.728153  63649
12.735191  63582
12.739516  63548
12.749839  63479
12.752551  63445
12.759069  63373
12.767739  63337
12.774616  63265
12.778801  63222
12.790777  63136
12.793249  63093
12.804131  63005
12.813201  62961
12.815134  62872
12.821911  62826
12.827749  62734
12.833378  62688
12.835411  62596
12.842228  62550
12.848646  62457
12.965119  62420
12.967252  62346
13.006005  65535
13.049988  65535
13.095903  62309
13.109557  62235
13.124291  62198
13.169213  62124
13.171385  62087
13.175171  62012
13.216589  61975
13.223706  61900
13.227991  61863
13.230184  61759
13.237161  61707
13.240847  61603
13.242979  61546
13.245811  61431
13.250376  65535
13.255260  61373
13.278338  61252
13.280930  61192
13.287048  61071
13.289240  61008
13.294958  60881
13.297430  60818
13.324084  60691
13.329522  60627
13.336239  60499
13.342816  60435
13.347161  60307
13.380167  60243
13.383873  60112
13.393729  60047
13.397935  59916
13.401900  59844
13.415174  59699
13.420852  59627
13.432135  59477
13.437773  59402
13.442557  59251
13.445843  59176
13.448135  59025
13.455452  58950
13.459577  58799
13.464966  58724
13.466759  58573
13.470524  58497
13.472617  58345
13.552230  58269
13.561180  58116
13.577580  58040
13.597063  57887
13.599395  57810
13.601228  57656
13.603820  57579
13.630684  57425
13.721316  57348
13.725781  57193
13.727993  57116
13.730046  56960
13.735230  56882
13.801390  56726
13.810866  56619
13.819676  56404
13.826932  56296
13.832651  56080
13.847378  55972
13.852577  55755
13.859813  55615
13.876737  55334
13.890451  55193
13.896909  54872
13.914548  54711
13.937047  54387
13.952421  54301
13.962284  54128
13.968961  54042
13.971992  53868
13.977830  53781
13.992458  53607
13.995030  53520
13.996723  53345
14.005932  53257
14.007585  53081
14.010077  52993
14.026818  52816
14.031602  52727
14.034868  52549
14.037100  52460
14.046823  52281
14.051008  52192
14.076978  52012
14.081722  51922
14.119267  51741
14.123632  51651
14.142885  51469
14.160685  51378
14.184274  51195
14.196969  51104
14.200875  50920
14.211023  50828
14.217171  50643
14.219563  50551
14.246784  50365
14.248577  50272
14.255174  50085
14.266056  49992
14.276519  49804
14.284980  49706
14.289105  49509
14.303013  49410
14.325284  49211
14.339952  49112
14.350834  48912
14.366448  48812
14.374699  48611
14.388153  48510
14.389866  48308
14.392098  48207
14.404681  48003
14.410659  47901
14.439482  47696
14.441714  47593
14.452037  47312
14.545614  47171
14.556396  46887
14.570703  46721
14.588798  46386
14.591090  46218
14.600299  45880
14.602691  45710
14.612496  45351
14.619517  45170
14.632124  44807
14.638900  44624
14.659865  44256
14.675652  44071
14.688048  43699
14.690200  43508
14.730033  43125
14.741034  42932
14.743147  42544
14.749964  42348
14.859041  41954
14.865019  41755
14.877101  41356
14.887823  41155
14.905682  40750
14.923182  40546
14.933306  40135
14.938310  39927
14.972371  39509
14.989170  39298
14.991263  38874
15.002225  38660
15.008123  38229
15.017732  38011
15.019705  37572
15.031127  37350
15.033020  36903
15.037012  36677
15.045802  36222
15.048234  35992
15.063601  35529
15.077888  35295
15.086198  34822
15.105790  34583
15.112028  34101
15.116632  33857
15.118625  33364
15.125542  33114
15.127475  32610
15.129947  32354
15.134232  31838
15.136864  31557
15.144495  30990
15.147107  30702
15.148680  30120
15.153864  29823
15.162334  29224
15.169553  28918
15.174301  28300
15.180958  27984
15.190268  27345
15.192620  65526
15.201690  65517
15.204222  65529
15.214185  65508
15.221282  65516
15.225707  27018
15.231086  65510
15.235031  26356
15.240529  26017
15.242242  25333
15.247465  65497
15.252249  65491
15.255775  24982
15.259141  65499
15.271122  24270
15.277160  23904
15.278793  65478
15.283457  65490
15.293460  23160
15.300017  65481
15.302329  22776
15.313600  65472
15.316826  21995
15.323243  65459
15.325935  21633
15.328387  65453
15.330520  65440
15.332712  20896
15.336977  65472
15.341442  20515
15.345707  19737
15.348399  65434
15.357269  19333
15.359242  65421
15.363567  18508
15.372136  65415
15.380167  65402
15.382459  65463
15.385665  65396
15.388237  65454
15.390709  65383
15.399418  65377
15.401211  18077
15.402984  65364
15.405256  17194
15.409441  65358
15.419330  65345
15.427540  65339
15.430986  65326
15.433538  16730
15.442008  65320
15.443601  15776
15.446133  65307
15.448245  15271
15.458489  65301
15.462614  14226
15.472243  13665
15.486312  12497
15.495016  11859
15.503845  10568
15.518118  9844
15.520311  8288
15.550261  7364
15.583778  65445
15.594281  65436
15.596553  65427
15.599065  65418
15.603809  5284
15.606441  3835
15.610167  65409
15.614272  2920
15.623321  65400
15.634223  65391
15.649750  65382
15.655428  65373
15.666849  65364
15.673366  65355
15.682235  65530
15.685901  65346
15.694678  65337
15.697652  65519
15.710906  65514
15.754076  65503
15.756368  65498
15.758381  65487
15.789927  65481
15.810253  65468
15.838414  65462
15.842400  65445
15.847204  65437
15.864224  65420
15.865997  65534
15.874527  65532
15.888302  65531
15.899025  65529
15.907755  65528
15.914193  65412
15.916066  65395
15.918478  65387
15.924916  65526
15.927348  65525
15.930994  65370
15.942135  65523
15.946647  65522
15.950313  65520
15.982679  65519
15.993102  65517
16.000438  65516
16.013768  65514
16.033638  65291
16.043424  65270
16.054945  65260
16.063295  65239
16.065667  65229
16.076010  65208
16.078722  65198
16.089425  65177
16.099073  65167
16.101086  65146
16.105733  65136
16.112373  65533
16.114565  65115
16.119709  65532
16.128260  65105
16.131986  65530
16.145600  65084
16.148252  65074
16.152717  65529
16.168020  65323
16.169613  65309
16.181313  65527
16.183785  65295
16.188389  65526
16.190641  65281
16.197438  65267
16.201263  65253
16.208100  65041
16.211151  65524
16.219701  65025
16.223607  65523
16.225260  64992
16.227752  65239
16.230324  65507
16.239514  64976
16.243480  65225
16.248245  64943
16.250837  64927
16.252910  65207
16.260406  64894
16.274445  65493
16.285527  65486
16.287220  65472
16.294025  65465
16.302095  65451
16.306220  65444
16.307853  65521
16.313930  65507
16.316565  65479
16.321509  65430
16.326173  65465
16.329879  65423
16.336098  65420
16.343314  65398
16.347140  65409
16.349472  65402
16.357782  65353
16.360154  64872
16.363920  64827
16.368085  64805
16.380899  65188
16.391312  32594
16.391312  32550
16.393464  65385
16.398049  64760
16.404746  65377
16.406499  64738
16.408372  64693
16.415049  64671
16.430397  64626
16.437374  65360
16.445604  65352
16.449510  65335
16.451842  64604
16.453455  65320
16.466071  65289
16.469784  64559
16.479014  64537
16.483160  64492
16.490136  64470
16.493762  64425
16.510862  64400
16.514877  65274
16.530606  64349
16.547050  64324
16.554086  64273
16.583870  64246
16.602031  64219
16.605761  32502
16.608433  64192
16.629301  32403
16.648845  65362
16.651257  65354
16.657775  65346
16.660427  32353
16.662839  65338
16.680385  32302
16.707640  65330
16.712444  32251
16.719920  65322
16.722412  65314
16.729268  32199
16.748419  65306
16.769423  65298
16.786526  65288
16.792744  65278
16.796758  65268
16.805112  65258
16.817112  65240
16.820822  65222
16.851967  65205
16.867680  65188
16.870032  65171
16.872404  65154
16.880399  65137
16.908704  65252
16.915780  65208
16.918172  65186
16.920045  65142
16.922417  65120
16.924709  65120
16.926862  65103
16.931686  65086
16.936490  65076
16.941394  65069
16.960810  65052
16.967567  65004
16.970139  64980
16.978449  65332
16.981061  64932
16.988037  65290
16.990209  64908
17.000102  65269
17.014161  64884
17.027300  65227
17.029792  65206
17.032184  65185
17.039121  65164
17.055686  64860
17.058258  65143
17.060630  64836
17.065434  65122
17.067946  65101
17.070498  64164
17.072690  64136
17.075242  64108
17.076855  64080
17.082773  65080
17.088970  64812
17.092525  64052
17.097964  65059
17.116401  65039
17.129404  65019
17.133729  64999
17.141305  64979
17.148841  64024
17.151153  63996
17.164726  63968
17.171043  64959
17.179138  32147
17.180831  63940
17.183183  63912
17.194177  64939
17.198881  32095
17.208329  32043
17.220694  63884
17.222607  63856
17.232035  31991
17.238612  63828
17.243257  31941
17.250144  63800
17.258833  31891
17.277480  63772
17.283622  63744
17.293545  63716
17.313398  64788
17.318801  64764
17.324069  64740
17.325642  64716
17.329028  64692
17.330621  63688
17.335585  63660
17.341683  64919
17.351870  64669
17.364624  64646
17.367076  64899
17.368709  64879
17.372654  64623
17.374607  63632
17.379431  63602
17.381104  64859
17.383396  64839
17.385948  64600
17.402561  64818
17.406750  64577
17.415320  64554
17.447262  64797
17.450213  64531
17.455157  64508
17.462932  64485
17.498488  64462
17.511227  63572
17.516350  63542
17.518682  64439
17.521274  64416
17.523506  63512
17.525718  63482
17.529783  64393
17.531616  64370
17.535681  64347
17.551311  63452
17.557373  63422
17.559785  63392
17.564769  63362
17.567201  63332
17.570567  63302
17.574712  63272
17.586832  63242
17.602042  32767
17.602042  32780
17.611091  63198
17.613723  32793
17.625828  63154
17.631171  63110
17.635376  63066
17.637568  31840
17.641178  63021
17.645263  62975
17.646896  62929
17.652399  62883
17.656624  62837
17.659336  65052
17.660909  62793
17.662502  31789
17.665673  62749
17.668205  62705
17.678987  31739
17.689174  62661
17.691806  62617
17.719999  15869
17.719999  15767
17.722691  62573
17.725642  62529
17.729867  62486
17.732399  32767
17.732399  32777
17.734971  65035
17.738082  65018
17.743572  15665
17.747817  32803
17.750469  65001
17.756806  32813
17.761550  64984
17.766394  32787
17.773291  32823
17.776462  32797
17.778674  32806
17.781246  32492
17.781246  32457
17.786050  32833
17.788003  32406
17.789656  32358
17.795346  32309
17.801843  32843
17.805593  32815
17.808085  32272
17.809918  32235
17.811571  32199
17.817900  32823
17.826809  32852
17.828562  32164
17.830894  32129
17.833945  32833
17.837136  32843
17.842519  32863
17.855804  32095
17.866166  32063
17.869836  32031
17.872448  31999
17.909752  64325
17.912284  64303
17.914496  64281
17.917008  64259
17.919460  31967
17.921213  64237
17.923605  31935
17.928249  64215
17.931460  31903
17.936364  64193
17.938796  31871
17.941468  64171
17.944120  64149
17.946592  64127
17.960345  64105
17.961978  64083
17.970400  64061
17.981661  64039
17.985726  64017
17.990071  64777
17.991644  64757
17.994655  64737
17.997087  63995
17.999699  64717
18.016294  63973
18.026161  64697
18.029212  64677
18.030845  64657
18.035110  64637
18.036683  32318
18.036683  32278
18.042881  32876
18.046052  32889
18.050677  32902
18.053508  31986
18.053508  31940
18.055900  32238
18.060472  32915
18.062105  31894
18.063918  32927
18.067009  32198
18.068842  32158
18.071194  31243
18.071194  31187
18.074285  31131
18.077855  31075
18.079868  32939
18.083099  31019
18.085271  32118
18.091728  31848
18.094100  30963
18.096572  32951
18.103948  32077
18.117765  32036
18.127014  31996
18.129845  31956
18.136222  31917
18.145395  30908
18.154864  30853
18.165230  30798
18.185840  31878
18.201139  31839
18.203032  32853
18.206083  15562
18.207776  32863
18.216270  15454
18.219665  32873
18.221538  32767
18.221538  32768
18.224110  32769
18.225723  30742
18.230827  30685
18.232760  32883
18.239197  15346
18.243222  32893
18.245634  30628
18.249304  32903
18.251337  15237
18.256800  30570
18.262124  32913
18.264536  32770
18.267687  15127
18.270878  32923
18.290729  30512
18.295673  30454
18.309873  30395
18.329888  32769
18.332500  31802
18.334752  32767
18.337324  31755
18.342208  31707
18.344780  31656
18.350288  31605
18.352560  30335
18.355806  30275
18.359092  32765
18.364263  31800
18.371774  31554
18.376498  32762
18.385467  31502
18.387040  31758
18.389512  31716
18.392483  32759
18.395514  31450
18.405953  30213
18.407566  31670
18.409399  31624
18.413029  31398
18.417274  32767
18.417274  32792
18.423057  32817
18.425489  32838
18.427861  31578
18.429434  31345
18.438627  31292
18.462719  31533
18.465870  31241
18.473933  32963
18.476245  31189
18.483541  31137
18.485314  32975
18.531358  31085
18.548986  30150
18.553311  30087
18.556342  31032
18.558015  30979
18.560547  30022
18.563099  29954
18.568822  30922
18.570415  30865
18.573067  32987
18.578758  30807
18.582903  32996
18.594888  29886
18.599253  29818
18.602903  29750
18.609529  29680
18.611961  29610
18.616026  29540
18.621289  29469
18.627906  29399
18.633229  32933
18.642058  16498
18.642058  16515
18.646842  32943
18.655571  16525
18.660854  29329
18.662986  32952
18.667391  29259
18.678058  29188
18.684360  29117
18.686053  15016
18.688405  29046
18.693209  28973
18.694962  28900
18.699906  28827
18.704450  31839
18.706982  14903
18.710113  28754
18.714637  32859
18.721713  32880
18.724904  28684
18.728594  28614
18.730886  32901
18.734097  32920
18.737228  32958
18.738821  32940
18.741493  32960
18.751692  28545
18.753924  28476
18.759008  28407
18.761620  32964
18.764052  31807
18.766404  14789
18.773420  31775
18.778319  31735
18.784077  16540
18.788781  31696
18.802155  16555
18.805206  32970
18.809191  32976
18.810844  15848
18.810844  15768
18.813196  16570
18.815049  15689
18.816782  15609
18.821686  16587
18.828075  32983
18.830986  15529
18.832559  15449
18.834312  15369
18.836604  15288
18.839316  32990
18.841808  32981
18.843581  16605
18.845314  15210
18.849768  32998
18.853873  16625
18.855446  33006
18.859851  15132
18.866867  15057
18.875636  14982
18.878008  14907
18.879721  14832
18.908646  30759
18.911118  30711
18.914209  30663
18.917220  30615
18.919712  14760
18.923347  30567
18.925140  14688
18.929425  30518
18.932556  14616
18.937420  30469
18.939872  14543
18.941705  30420
18.944636  30371
18.946828  30322
18.959013  30273
18.963298  30224
18.968641  30175
18.981939  30126
18.988903  30077
18.992329  31491
18.998858  31449
19.000471  31407
19.003941  30028
19.005594  31365
19.019027  29978
19.028735  31323
19.031526  31281
19.033299  31239
19.038902  31197
19.040475  15598
19.040475  15513
19.047910  16647
19.050242  16670
19.055266  16693
19.057758  14989
19.057758  14888
19.060250  15428
19.062183  16717
19.064515  14786
19.067566  16741
19.069459  15342
19.071791  15256
19.073484  28345
19.076056  16766
19.080165  15173
19.082837  28283
19.088380  28221
19.092805  28159
19.096475  14683
19.098108  16791
19.100161  28096
19.106718  15090
19.114673  15006
19.124648  14922
19.128298  14836
19.132143  14750
19.142909  32760
19.144502  28035
19.149553  32761
19.154018  27973
19.155631  32762
19.162392  27912
19.165024  32763
19.187630  14664
19.201028  14577
19.203580  33017
19.209910  33028
19.217186  14679
19.219898  33039
19.226994  27851
19.231858  27790
19.233711  33050
19.241286  14568
19.246110  33061
19.248382  27728
19.251094  33072
19.253286  14456
19.258470  27665
19.268386  14343
19.270638  33083
19.273210  32764
19.282858  27605
19.290422  27544
19.301463  27483
19.304574  32765
19.313843  32766
19.321238  32768
19.323850  14586
19.326502  32770
19.329214  14488
19.333778  14389
19.335711  14290
19.340582  14190
19.344747  27422
19.347239  27361
19.352323  32772
19.356537  14491
19.364332  14090
19.371588  32774
19.377206  33007
19.379179  13989
19.382749  14405
19.384702  14318
19.387853  32776
19.391825  13887
19.395271  27301
19.397823  14232
19.400535  14145
19.404225  13785
19.408969  33033
19.412734  33060
19.416484  33087
19.418936  14058
19.421488  13682
19.426667  13579
19.449527  13972
19.451260  13477
19.456643  16821
19.459814  13375
19.467729  13273
19.470241  16851
19.518684  13170
19.533197  27242
19.538061  27183
19.542805  13066
19.549822  12961
19.556479  27124
19.559151  27064
19.561583  12854
19.566227  12746
19.568839  16881
19.571231  12634
19.575236  16911
19.588215  27004
19.592959  26942
19.594612  26880
19.598757  26819
19.600770  26758
19.605973  26696
19.610457  26634
19.617254  26572
19.622078  33096
19.631686  8455
19.631686  8514
19.635272  33109
19.643901  8570
19.649966  26510
19.652857  33122
19.662637  26448
19.673563  26386
19.680887  26324
19.683219  14232
19.685471  26260
19.689536  26195
19.692208  26130
19.702023  14472
19.704375  14120
19.706747  26065
19.711471  33114
19.713823  33141
19.716175  26001
19.717768  25938
19.719341  33167
19.722312  33136
19.725403  33193
19.727935  33219
19.730427  33245
19.737884  25875
19.740536  25812
19.745520  16568
19.745520  16596
19.747952  25749
19.750604  14406
19.753156  14013
19.762305  14340
19.766170  14273
19.772347  8626
19.777311  14206
19.794158  8682
19.796750  16624
19.801634  16652
19.803786  7103
19.803786  6967
19.806478  8738
19.808291  6828
19.817819  6684
19.821924  8793
19.824456  16680
19.826089  6532
19.827682  6377
19.832734  6216
19.834427  16706
19.836899  6051
19.839311  33271
19.843061  8845
19.851943  8896
19.854455  16731
19.858819  5881
19.867988  5702
19.877676  5516
19.880787  5324
19.882560  5122
19.914213  12520
19.916845  12405
19.919217  12289
19.921789  4911
19.924281  12166
19.926533  4692
19.931297  12042
19.933709  4463
19.937195  11918
19.947637  4222
19.951203  11793
19.953515  11666
19.956506  11538
19.969884  11402
19.974069  11264
19.978334  11124
19.991675  10982
19.994981  10841
20.004729  13885
20.007800  10699
20.013509  13798
20.018653  13710
20.025969  13608
20.031907  10556
20.042194  13504
20.043887  13400
20.045460  13295
20.051442  13189
20.054493  6594
20.054493  6381
20.063289  8943
20.065182  8990
20.070985  5278
20.070985  4987
20.073417  9036
20.075649  6161
20.078281  9072
20.080673  4679
20.085025  5931
20.087137  5691
20.089389  12874
20.089389  12747
20.092101  9108
20.094773  5441
20.097325  9143
20.099577  12619
20.104241  12489
20.111225  12339
20.116109  12187
20.120773  5180
20.128110  4907
20.134771  4623
20.139256  4322
20.141868  4002
20.152714  32777
20.156444  12036
20.158057  32778
20.160669  11887
20.163341  32779
20.170138  11736
20.198676  3656
20.201268  32778
20.208044  32777
20.210676  3277
20.213328  16755
20.215720  16779
20.222616  13905
20.225088  16388
20.229652  11585
20.231525  11495
20.235850  13796
20.241921  13686
20.244533  16397
20.246665  13580
20.250400  16407
20.266305  16422
20.272562  16438
20.276907  16456
20.280322  16474
20.284567  16500
20.292569  3025
20.304210  16526
20.309593  33307
20.311166  16556
20.314876  2920
20.322447  16653
20.322447  16731
20.328369  16809
20.330202  16886
20.457652  9300
20.483405  13578
20.487450  4346
20.491315  13583
20.493907  17006
20.496519  17125
20.498851  17244
20.501602  17364
20.505157  17483
20.516263  16883
20.520947  4492
20.527775  17601
20.533298  13592
20.538322  4634
20.547311  4771
20.555361  4904
20.576865  5029
20.607407  17721
20.609919  16586
20.648756  3533
20.660976  5045
20.664202  11642
20.687822  13747
20.690354  16713
20.695318  13900
20.700328  14052
20.702341  14202
20.719589  17840
20.722480  17958
20.725092  18075
20.727584  18308
20.853866  4650
20.853866  5104
20.871032  14350
20.872685  3066
20.874338  2920
20.874338  3066
20.879322  14497
20.881115  18423
20.883687  18652
20.886698  18765
20.889070  18990
20.890823  19101
20.897880  8441
20.897880  8691
20.912956  19322
20.918120  14642
20.943549  2920
20.943549  3644
20.956943  4224
20.967206  19431
21.015117  2920
21.015117  3644
21.017589  4224
21.021334  4724
21.041744  2920
21.041744  3644
21.045849  7321
21.045849  7609
21.053305  5821
21.053305  6184
21.070604  8356
21.070604  8609
21.072996  8854
21.078300  9092
21.120414  65535
21.246596  5518
21.272544  2920
21.272544  3066
21.307741  19539
21.310872  19647
21.312565  4345
21.312565  4831
21.320535  19862
21.335446  19968
21.342364  20179
21.348561  20283
21.368573  2920
21.368573  3644
21.457376  2920
21.457376  3644
21.461371  4224
21.475607  20491
21.487230  4724
21.506602  2920
21.506602  3644
21.509274  3804
21.509274  4359
21.536062  3092
21.536062  3775
21.547663  4335
21.549835  4822
21.562277  4546
21.562277  5011
21.566302  5432
21.567915  5821
21.594275  20560
21.600313  20693
21.614227  20744
21.618353  20785
21.771083  2920
21.771083  3644
21.775568  4224
21.782725  4724
21.789502  5619
21.792034  5995
21.813500  2920
21.813500  3066
21.816766  3205
21.823982  3338
21.835343  3466
21.853269  20803
21.859267  20835
21.867277  20851
21.873455  20836
21.881645  2920
21.881645  3644
21.945990  2920
21.945990  3644
22.076807  2920
22.076807  3644
22.130533  2920
22.130533  3644
22.139721  2920
22.139721  3644
22.173307  2920
22.173307  3644
22.219865  2920
22.219865  3644
22.261257  20826
22.268434  20799
22.290178  20785
22.303488  20756
22.334662  65534
22.338807  65532
22.343532  65531
22.347877  65499
22.350289  65483
22.352102  65451
22.360092  65432
22.369041  65393
22.391639  65374
22.396731  65332
22.405521  65311
22.407294  65269
22.413851  65247
22.415584  65203
22.422361  65181
22.473312  6347
22.482002  7013
22.484634  7314
22.522832  3589
22.529809  3828
22.538718  3888
22.544836  7505
22.547468  4006
22.562336  3525
22.564189  2920
22.572139  7598
22.589839  2920
22.589839  3644
22.601520  20688
22.604052  4224
22.606424  4724
22.608217  5619
22.620119  20619
22.633493  20470
22.642443  20361
22.672538  65159
22.674271  65114
22.678696  65092
22.694284  2920
22.694284  3644
22.746808  7281
22.752966  7116
22.897315  3986
22.899468  4612
22.901640  4882
22.903453  5393
22.908177  5624
22.912043  6067
22.920513  6226
22.929143  5985
22.943004  5462
22.953107  4227
22.978143  4224
22.986353  5224
22.988725  4224
22.992391  5628
22.995043  5224
22.996716  6379
22.999927  6710
23.001500  5628
23.003613  6070
23.006005  7340
23.012482  5974
23.023504  2920
23.023504  3644
23.042641  4224
23.085257  3897
23.089023  4370
23.095680  4581
23.100125  4984
23.106423  5169
23.110328  5526
23.114493  5693
23.118598  6017
23.121190  5866
23.125635  5307
23.133765  3978
23.143414  3092
23.154237  20251
23.197748  65065
23.199701  65010
23.202073  64983
23.231254  64928
23.274483  64901
23.280481  64846
23.284926  64818
23.286699  64761
23.299163  64733
23.307353  64622
23.312177  64566
23.318015  64454
23.321501  64395
23.326829  64277
23.330199  64218
23.334524  64085
23.338909  64018
23.340642  63884
23.343194  63814
23.349591  63674
23.379973  63604
23.386889  63462
23.389021  63391
23.390654  63249
23.401556  63178
23.403309  63035
23.410545  62964
23.418715  62821
23.422860  62749
23.427824  62605
23.430316  6935
23.433922  6562
23.442692  6365
23.496757  5806
23.503155  5500
23.510033  4853
23.547925  5929
23.554383  6518
23.556695  6786
23.560561  7300
23.562853  7304
23.567298  6890
23.582592  62535
23.587037  62395
23.628454  62326
23.630167  62188
23.632579  62119
23.642438  2920
23.642438  3414
23.717952  4487
23.724430  3694
23.727062  3213
23.903058  62050
23.917885  61911
23.949138  20141
23.956255  20030
23.958448  2920
23.989652  7502
23.993717  7819
24.002486  7971
24.013787  5473
24.015480  4379
24.023283  3665
24.032632  2920
24.032632  3296
24.042780  2920
24.137419  2920
24.161263  19919
24.190729  19500
24.201416  61842
24.236557  61773
24.242340  61704
24.247144  61635
24.289392  61557
24.300613  61479
24.317964  61401
24.320656  61322
24.334729  61243
24.358078  61164
24.365489  61085
24.391394  61005
24.409136  60925
24.414934  60845
24.416647  60765
24.431353  60685
24.444247  60604
24.452477  60523
24.464881  60442
24.489011  60361
24.491463  60273
24.498100  60185
24.514785  60096
24.520353  60002
24.528383  59908
24.542491  59814
24.545921  59720
24.603980  59626
24.664752  59524
24.675319  59422
24.688971  59317
24.700180  59212
24.708770  59108
24.713518  59004
24.715271  2920
24.722072  58900
24.744131  58797
24.757050  58694
24.839457  58611
24.844201  58528
24.916678  3410
24.923139  2920
24.927763  58445
24.934939  58361
24.944627  58277
24.957193  19225
25.000564  7899
25.013883  7753
25.015656  7679
25.018148  7604
25.019721  7528
25.021414  7452
25.073144  2920
25.176755  18946
25.212451  7040
25.218014  6604
25.325209  58193
25.340036  29096
25.340036  28929
25.365914  28761
25.376396  28592
25.404628  28422
25.412878  28251
25.428791  28079
25.432022  27906
25.446102  27732
25.484578  27553
25.498751  27372
25.528673  27190
25.531165  27000
25.535949  26807
25.560640  26612
25.568844  26415
25.588484  26217
25.591695  26016
25.628010  6183
25.632215  4607
25.646635  25814
25.706141  25610
25.713117  25406
25.727314  25200
25.735924  24993
25.743934  24784
25.745627  24575
25.754261  24365
25.775095  24153
25.791384  23940
25.848632  23734
25.852757  23527
25.892308  23339
25.894780  23152
25.901676  22965
25.939408  6008
25.941021  5353
25.945206  4618
25.947898  3766
25.950130  2920
26.030893  18740
26.036316  18534
26.045085  18327
26.126435  22859
26.258922  4443
26.263507  4103
26.267193  3933
26.307997  3644
26.310389  4804
26.312861  5244
26.314474  6050
26.316447  3644
26.318799  4804
26.321251  3644
26.330050  5244
26.334155  6050
26.349713  6399
26.356769  7059
26.361294  9163
26.361294  9393
26.363506  9618
26.371062  10057
26.405549  11429
26.405549  11613
26.456533  3644
26.458705  4224
26.463030  5224
26.508517  3644
26.513660  4804
26.515253  5244
26.521331  6050
26.524502  6399
26.528193  6773
26.530825  6399
26.532638  4470
26.534591  3644
26.536464  5415
26.539096  5805
26.550199  7358
26.551972  7932
26.574536  7059
26.581913  7358
26.583906  8198
26.585579  7932
26.587991  8198
26.589604  4224
26.591417  5224
26.593909  8713
26.596381  5628
26.598154  6379
26.602946  8955
26.604759  6710
26.606832  9427
26.609544  7340
26.611736  7628
26.613309  8182
26.616001  8440
26.617914  9651
26.619887  8940
26.624431  10267
26.626324  10089
26.631088  9176
26.635433  9636
26.637825  10678
26.642490  9855
26.648927  10069
26.657417  10357
26.664613  10492
26.668039  10759
26.672724  10882
26.674377  11122
26.678881  11239
26.682846  3644
26.684939  11795
26.714019  5628
26.716591  6379
26.724586  6710
26.728671  7340
26.731123  7628
26.735248  8182
26.739513  6169
26.791045  7082
26.797762  7665
26.800414  7934
26.802107  3644
26.803700  8454
26.806312  6854
26.812949  7162
26.817254  10298
26.819087  10708
26.838200  8455
26.844938  8955
26.848723  9191
26.851075  9651
26.854940  10905
26.857372  11292
26.862476  11479
26.864209  11847
26.872798  10875
26.874671  12025
26.877183  12376
26.886871  11263
26.889463  11450
26.896759  11427
26.903517  11797
26.912985  11976
26.921595  12152
26.925520  12325
26.930065  5897
26.930065  6255
26.963165  8440
26.964958  8940
26.969842  9176
26.973408  9636
26.978352  4224
26.980445  5224
26.983077  9855
26.984670  10284
26.987242  7752
27.030510  9870
27.040019  8704
27.041852  9189
27.044004  9419
27.047749  9867
27.051095  8024
27.052808  10298
27.055939  10081
27.064969  12546
27.066582  12883
27.071106  13047
27.075651  8550
27.090519  10503
27.092292  10905
27.094844  11098
27.101321  11478
27.104272  13371
27.108917  12496
27.113502  12834
27.116154  13529
27.120100  13841
27.122812  13993
27.124385  12998
27.128350  13159
27.130263  14295
27.132595  4224
27.134528  14442
27.138753  13477
27.141185  5224
27.143557  11634
27.147622  13630
27.149435  11997
27.162416  13782
27.178962  3127
27.178962  3803
27.181634  4358
27.183986  4843
27.188970  5279
27.191322  5679
27.209342  10489
27.214960  10892
27.219145  11086
27.221777  5628
27.223690  6379
27.226102  11467
27.230327  11651
27.234492  8797
27.238857  12004
27.240610  9277
27.242203  12175
27.274942  4224
27.276755  9504
27.281260  5224
27.315172  10290
27.316925  10700
27.319237  11662
27.321629  10897
27.323202  12024
27.325914  11285
27.334343  14732
27.336935  14874
27.343433  9948
27.346848  10160
27.355952  12173
27.367693  12199
27.369326  12545
27.378275  12713
27.380168  15141
27.382420  15272
27.384153  13045
27.391204  15532
27.392817  15660
27.397261  15883
27.399633  13932
27.401246  15993
27.413426  14081
27.415858  5628
27.417991  12520
27.420683  6379
27.423215  12688
27.427140  14228
27.428993  13021
27.431285  14520
27.449123  14641
27.450996  14881
27.454127  2920
27.454127  3644
27.456679  4224
27.468300  4724
27.470512  5171
27.492348  12344
27.493981  12677
27.500898  6710
27.507116  7340
27.509448  12838
27.511081  13156
27.526747  13299
27.530653  13582
27.533345  10576
27.535577  10775
27.546060  11470
27.561207  5628
27.567285  6379
27.574781  6710
27.600891  11744
27.605515  11877
27.607108  12141
27.609400  13176
27.611373  12270
27.614679  12526
27.617211  13435
27.620996  16102
27.623408  16319
27.627733  11160
27.632857  11346
27.652418  13550
27.659055  13779
27.661387  13891
27.663220  14999
27.667525  16426
27.671371  14112
27.673543  16639
27.675835  14220
27.684405  16744
27.686438  16953
27.688910  17056
27.690963  15108
27.695048  17220
27.702911  17301
27.713823  13174
27.722824  13476
27.726410  6710
27.729521  7340
27.739629  13611
27.741822  13879
27.755715  13690
27.770921  2920
27.770921  3632
27.773333  4204
27.804609  13893
27.808754  13993
27.810387  4584
27.814971  4932
27.826612  7628
27.828565  14179
27.831057  8182
27.836021  8440
27.840865  14270
27.843038  14452
27.855418  14514
27.859943  11497
27.861936  14637
27.864588  11795
27.901639  7025
27.908576  7626
27.915173  7903
27.932653  12637
27.934746  17382
27.940684  12858
27.943116  12966
27.945049  13181
27.947361  13284
27.949154  13489
27.950727  14320
27.952360  14520
27.962209  17531
27.964541  11916
27.966214  17605
27.968067  12157
27.970319  12275
27.991105  14618
27.998461  14814
28.006899  14905
28.011324  15087
28.013736  17742
28.017142  15216
28.019394  17810
28.021487  17878
28.023739  15323
28.025452  17911
28.027305  17980
28.030496  18014
28.032089  15515
28.039525  14007
28.041118  14262
28.043510  7628
28.050187  8182
28.054891  15603
28.061648  8440
28.068545  14355
28.070318  14540
28.072850  15724
28.103907  8438
28.108511  2920
28.108511  3414
28.111203  3836
28.141069  14698
28.145434  14820
28.160541  14873
28.166299  14979
28.170544  8690
28.172896  9176
28.175488  12392
28.192939  15022
28.196565  15108
28.216201  15142
28.217814  15211
28.220206  12506
28.221859  12562
28.229789  15125
28.252352  18048
28.263034  8675
28.267059  9137
28.291789  13530
28.293622  13612
28.300079  13651
28.301892  13730
28.304284  13769
28.305957  15201
28.307530  15238
28.311775  12644
28.313890  12685
28.316602  18117
28.318794  18151
28.322060  13847
28.326332  13886
28.354000  15304
28.356572  15337
28.358165  15403
28.364402  15416
28.366595  15443
28.371999  18219
28.376331  18253
28.378064  18287
28.380616  18304
28.384921  9337
28.391079  14613
28.393491  18338
28.402700  14760
28.404972  14832
28.406645  18351
28.408638  18377
28.413922  8642
28.418187  9037
28.425623  14963
28.430307  15784
28.432060  15904
28.434592  15027
28.458515  15963
28.472220  9273
28.474193  4082
28.475766  4545
28.478318  4752
28.481030  9541
28.483742  5149
28.486154  5332
28.487867  5686
28.492132  5852
28.494704  6175
28.497356  6328
28.503554  6626
28.505886  6768
28.507679  7047
28.515055  7181
28.516788  15245
28.519360  15314
28.523825  7444
28.531744  7522
28.539101  7677
28.545338  7690
28.546931  15327
28.551742  7480
28.553455  15354
28.556666  7361
28.558559  7184
28.560871  12717
28.562644  9499
28.564217  7096
28.565839  6998
28.568511  9578
28.571817  9736
28.586034  15362
28.588749  15378
28.602797  15368
28.604570  12782
28.610213  15348
28.620752  12814
28.622945  15338
28.625098  18387
28.668555  9168
28.670867  9671
28.674832  9928
28.676565  10053
28.688885  13902
28.690878  13934
28.696496  13945
28.707058  15456
28.709011  13967
28.713403  15483
28.715775  12878
28.717887  18407
28.724564  13978
28.726337  14000
28.729029  12910
28.732415  12974
28.752906  18417
28.765182  15496
28.772019  15523
28.774731  15536
28.776664  15562
28.780549  18397
28.783201  15521
28.787386  15438
28.792610  16013
28.803472  18387
28.810169  15080
28.811962  15186
28.822619  9396
28.825830  18337
28.827583  9507
28.829316  9727
28.832367  18312
28.834240  18250
28.836912  18219
28.838505  18142
28.843016  18103
28.847261  15212
28.848934  15265
28.851626  16033
28.896615  10136
28.898328  10301
28.923662  12952
28.927508  15317
28.934385  15274
28.941089  13962
28.951872  6915
28.962915  15248
28.964608  6746
28.966980  9777
28.969113  6660
28.970686  6485
28.972918  9859
28.975550  9882
28.977243  6395
28.981348  9928
28.985773  6213
28.988285  15195
28.996694  15169
28.998587  15116
29.007876  12907
29.011961  12885
29.013914  15068
29.025616  14970
29.032133  6119
29.040303  15286
29.047440  5999
29.055830  5790
29.059935  5357
29.079766  16043
29.082438  16064
29.101116  10361
29.109506  10481
29.111618  13885
29.117756  13846
29.128639  13751
29.130911  15386
29.135176  13703
29.137249  12789
29.139661  15282
29.144126  18047
29.145959  12741
29.149825  17934
29.155129  13573
29.157361  12644
29.160827  12595
29.165875  13508
29.172951  13377
29.200232  15223
29.202005  17882
29.204058  15104
29.206610  17778
29.209222  15044
29.216120  14924
29.218832  14862
29.220885  14738
29.226129  14676
29.237971  15215
29.249272  15180
29.251185  15109
29.257882  9747
29.260534  14921
29.264959  17726
29.273768  17621
29.280425  17568
29.282937  17462
29.285389  17409
29.287002  15073
29.289055  9788
29.291667  17302
29.294279  9738
29.296312  15001
29.298644  17248
29.300737  9638
29.308533  16029
29.331515  10489
29.350727  10472
29.356310  5078
29.360215  10464
29.365358  4490
29.369463  4157
29.374527  3438
29.379451  2984
29.388760  2920
29.391212  14822
29.395317  14773
29.415628  9879
29.417461  9780
29.424737  9705
29.430695  9553
29.432628  14673
29.436600  14623
29.446628  14440
29.451033  14348
29.452626  12546
29.454499  12447
29.473830  14147
29.476022  14045
29.479988  13840
29.494061  17106
29.506955  15984
29.519849  15889
29.536989  15813
29.541774  15659
29.564238  10438
29.566191  13306
29.570836  13162
29.573268  10385
29.577213  13089
29.583531  12371
29.585564  12943
29.588096  14601
29.592561  14451
29.594733  17028
29.596466  12217
29.601710  10359
29.605556  16872
29.610740  12856
29.612313  12135
29.614406  12680
29.618311  11970
29.625408  12563
29.629413  12327
29.649858  14370
29.652031  14208
29.656796  16793
29.663613  16635
29.665925  14126
29.667538  13961
29.670010  13860
29.671863  13656
29.683384  14965
29.685317  14893
29.706386  14833
29.708259  14712
29.718075  16555
29.719948  16394
29.725032  16315
29.727125  9588
29.728918  16156
29.736414  9486
29.738107  16076
29.748003  14637
29.752788  9380
29.754701  14486
29.756893  15915
29.761837  9164
29.776170  15582
29.819809  10295
29.825667  10166
29.830771  11858
29.837129  11631
29.881081  13736
29.885506  13526
29.913015  9476
29.914868  9320
29.926170  9241
29.929996  13553
29.934461  8933
29.936873  8774
29.938446  13414
29.940519  13189
29.949109  13075
29.950682  12844
29.953134  11514
29.959112  11277
29.973000  12669
29.975472  12314
29.981534  12117
29.983427  11716
29.998815  15834
30.008124  15670
30.020899  15504
30.036905  15419
30.045515  15209
30.056857  15058
30.075470  10101
30.081188  12207
30.083101  11964
30.085433  9960
30.087905  9889
30.091911  11835
30.093984  11573
30.101101  13334
30.105605  11142
30.107478  13223
30.110984  10869
30.113096  15588
30.119114  15422
30.123818  11439
30.125451  10705
30.127584  11168
30.129796  10372
30.143449  10946
30.149874  10493
30.160277  12999
30.166874  12885
30.173352  15334
30.177637  12509
30.183935  12315
30.186128  15156
30.188640  11910
30.191312  11701
30.193325  11274
30.195897  14402
30.204687  14232
30.210245  14139
30.211858  13951
30.214190  13856
30.221766  15003
30.226231  14694
30.230436  14536
30.238791  14217
30.242966  9050
30.247211  8819
30.250577  8701
30.252929  13665
30.255541  13568
30.259906  14054
30.268001  13724
30.274418  13555
30.277090  8460
30.282888  8337
30.303238  9795
30.319882  9526
30.337432  9388
30.342990  10152
30.348154  9702
30.388529  11509
30.390442  11087
30.411676  8612
30.416580  8281
30.431175  7996
30.433008  10879
30.435280  7406
30.437273  10455
30.444629  10235
30.446542  9785
30.451746  9479
30.458484  9022
30.467573  9551
30.471818  9072
30.476862  14919
30.479454  8820
30.491749  13408
30.494995  13111
30.502031  8301
30.515505  14647
30.533864  14509
30.535737  14230
30.552050  14088
30.564465  13800
30.579972  10274
30.581965  9248
30.586410  8963
30.588842  9826
30.591314  9592
30.595180  9112
30.602417  11064
30.605129  10635
30.607461  8859
30.613739  8782
30.617884  8289
30.621769  12960
30.625875  8339
30.630699  8063
30.632792  12653
30.637504  8028
30.639157  7489
30.647567  7085
30.658849  7491
30.665786  7184
30.669512  10412
30.673738  9956
30.682647  9718
30.688885  9229
30.690458  12496
30.693150  8972
30.697196  8443
30.699348  8154
30.701401  12178
30.704113  7555
30.715195  13411
30.716968  13094
30.723365  12932
30.724998  12603
30.738332  12015
30.741698  11684
30.748874  11486
30.754612  11082
30.762327  8181
30.764719  7863
30.766352  12434
30.771096  13650
30.772789  12092
30.783391  10870
30.790687  10437
30.798098  7582
30.808173  6998
30.813177  8816
30.819842  8517
30.866085  8362
30.867698  8046
30.895309  7200
30.898500  6599
30.901431  6271
30.934776  8026
30.944639  7456
30.951196  7149
30.955221  6750
30.957254  6046
30.959726  5653
30.967996  4812
30.970308  6509
30.972081  6158
30.975012  4318
30.980511  5392
30.986868  11899
30.989560  4955
30.991213  5520
30.995698  5094
31.004928  3740
31.007140  13489
31.009313  10202
31.014891  2935
31.019416  6663
31.040861  9720
31.042454  2920
31.045545  9467
31.064958  13319
31.073368  12969
31.078372  7876
31.080505  12766
31.088896  12329
31.111080  12103
31.112893  11642
31.123956  7415
31.129040  6859
31.133425  7170
31.135078  6177
31.141775  5798
31.145681  7232
31.147554  6556
31.150006  4991
31.160908  4135
31.163240  3545
31.165073  4484
31.172210  8929
31.174362  3355
31.175955  8644
31.182966  2920
31.205391  2920
31.218426  6183
31.223350  5392
31.229647  4936
31.233133  3938
31.237977  7975
31.239590  3158
31.243895  7613
31.248120  2920
31.260500  11702
31.262253  11300
31.269410  11089
31.271443  10659
31.291399  6844
31.303287  6417
31.305120  5505
31.307692  4974
31.322162  6311
31.324594  5566
31.327166  11403
31.329119  10408
31.331232  5144
31.336416  9894
31.339128  9624
31.348918  3797
31.350611  3026
31.361053  4191
31.362686  3606
31.371440  6891
31.375844  6310
31.426397  3711
31.444200  5993
31.445793  5324
31.576590  2920
31.587172  11159
31.660242  2920
31.692926  10902
31.705601  10619
31.707434  9858
31.733258  9423
31.737803  8508
31.747471  4948
31.753469  4138
31.761679  8002
31.819111  9323
31.851288  2920
31.898597  8698
31.900809  8363
31.904954  7617
31.911811  7208
31.965053  3601
31.967166  2920
31.974302  5983
31.981798  5245
32.195982  7464
32.198175  4400
32.200308  6309
32.252178  5626
32.372153  4806
32.388678  3782
32.394816  2920
32.569805  3393
32.577796  2920
42.507424  2956
42.512688  2973
42.519205  3008
42.521098  3179
42.525802  3260
42.529728  3059
42.532220  3418
42.534372  3493
42.536365  3640
42.542602  2997
42.544195  3040
42.546288  3271
42.548440  3252
42.550972  3401
42.553005  3151
42.555177  3258
42.557130  3161
42.559762  3519
42.562294  3640
42.564487  3098
42.566599  3874
42.569311  3984
42.571144  3265
42.573317  3583
42.583987  3099
42.597801  3437
42.600373  3852
42.602186  4253
42.604538  3206
42.606391  3727
42.609063  3662
42.613369  3195
42.615122  3698
42.617654  3915
42.619347  4325
42.626404  3232
42.628756  3494
42.630429  3535
42.633600  3812
42.635792  3715
42.639698  4073
42.651379  4178
42.656064  4483
42.657637  4920
42.661072  3529
42.663085  4008
42.668089  4218
42.672374  3556
42.678891  3981
42.681103  4229
42.691825  4429
42.694477  4629
42.696230  5012
42.698702  5189
42.716163  4019
42.717896  4561
42.720488  2920
42.720488  3290
42.723140  4800
42.749189  4510
42.761704  5129
42.763837  5531
42.774479  5717
42.776472  6077
42.785241  3855
42.789446  4407
42.806966  3484
42.808639  4070
42.811291  3494
42.813843  2920
42.813843  3494
42.818308  6280
42.820580  6674
42.824805  3506
42.826858  4287
42.829150  4606
42.831103  6859
42.832896  7219
42.835388  5200
42.838499  5463
42.840212  7390
42.846750  5964
42.848962  7724
42.851434  4694
42.854126  4728
42.856338  7884
42.858331  4907
42.860244  5545
42.862536  4321
42.864269  5711
42.866002  4951
42.867755  5378
42.869887  4793
42.872519  5006
42.874572  6034
42.877224  6187
42.878837  3844
42.880750  6485
42.883002  4330
42.887307  4546
42.889280  4957
42.891592  6627
42.895957  3392
42.901695  5145
42.907673  4420
42.912018  8197
42.914170  8347
42.915843  5261
42.918275  4982
42.920707  5195
42.922780  5471
42.924833  5605
42.927065  5795
42.933243  3644
42.935156  3975
42.936949  4284
42.939321  4462
42.941034  4556
42.942607  5090
42.958341  4902
42.963185  5119
42.965098  8635
42.967270  5323
42.969782  8774
42.971515  5514
42.975261  4652
42.977114  5117
42.982018  5584
42.990229  5981
42.999358  6905
43.003583  7038
43.009601  7295
43.012173  7419
43.022256  5901
43.024468  6100
43.067756  9028
43.075512  9151
43.081690  9395
43.084342  9513
43.090440  5335
43.094525  5754
43.111011  5213
43.115256  5611
43.124870  3557
43.126943  4091
43.133467  6193
43.135620  6635
43.137972  4501
43.139565  5246
43.142017  9747
43.143890  9861
43.146482  10087
43.148634  6841
43.150627  10197
43.152380  7241
43.154652  4679
43.156285  5093
43.158038  7430
43.163042  7798
43.165873  7973
43.167786  10412
43.170298  5884
43.172490  6166
43.174623  7663
43.176935  7781
43.178688  5796
43.180501  10517
43.182234  6057
43.183847  8013
43.186399  8126
43.188112  6154
43.190764  6525
43.195209  8348
43.198964  6694
43.201576  5326
43.203629  8454
43.205282  8664
43.211699  2920
43.211699  3231
43.216244  5677
43.220449  10716
43.226846  10813
43.229138  5978
43.231370  5841
43.238208  6334
43.240780  6292
43.242493  6161
43.247617  6502
43.249410  7025
43.251842  6829
43.254274  6665
43.256866  6985
43.260752  6312
43.262905  5329
43.264678  5283
43.266471  5786
43.269043  5649
43.279765  5327
43.284010  5996
43.285623  5727
43.288215  6402
43.289808  6592
43.294033  5913
43.296166  11006
43.298718  6394
43.301330  5948
43.302903  11101
43.304776  6323
43.307188  6553
43.313645  7182
43.317970  7490
43.339295  6841
43.345493  7184
43.348085  8766
43.358508  8968
43.362473  9067
43.364246  9262
43.400582  11289
43.402714  11381
43.411344  6322
43.421607  11565
43.424279  11655
43.429778  6499
43.434003  6843
43.435796  7006
43.439142  6597
43.451002  6650
43.453434  6806
43.459851  5566
43.462004  7132
43.464037  8121
43.465670  6169
43.467782  8412
43.470314  11775
43.472846  11834
43.474759  6441
43.476432  11953
43.478564  8538
43.480637  5820
43.482330  6152
43.487414  8787
43.490106  12011
43.495178  8902
43.498424  9129
43.500876  6093
43.503388  12128
43.505820  6864
43.508392  9331
43.510565  12186
43.512738  9468
43.515410  7080
43.517742  7211
43.519495  9514
43.521328  7603
43.523441  7826
43.525933  7469
43.528605  9607
43.531297  7012
43.533130  9653
43.534963  7303
43.539447  9745
43.544132  3512
43.545985  9790
43.548118  6728
43.550151  6985
43.552323  9880
43.554735  12301
43.557107  4029
43.559739  12358
43.561632  4254
43.569692  7347
43.571685  7667
43.578242  7391
43.580474  7074
43.582607  7250
43.585139  7516
43.587052  7923
43.589165  8115
43.591657  7688
43.598114  7793
43.600047  8208
43.601820  7772
43.603433  8042
43.605825  6776
43.607778  6275
43.609931  6516
43.612543  7135
43.623505  6442
43.628649  7251
43.630562  6607
43.634108  7479
43.636540  12466
43.639152  12519
43.641824  7406
43.646209  7165
43.648122  12626
43.649695  7610
43.651328  7477
43.660756  8393
43.668172  8483
43.681906  8162
43.683779  8400
43.698346  9921
43.706616  10003
43.709922  9221
43.713153  10040
43.725089  10114
43.754349  12673
43.761921  12767
43.777588  12814
43.784864  7572
43.788710  12907
43.791422  7761
43.796086  7336
43.803997  7506
43.806689  7551
43.813806  7714
43.816378  7839
43.818511  6677
43.820104  7133
43.822696  7346
43.824749  9404
43.827261  12945
43.829354  13022
43.831906  9493
43.834478  13041
43.836371  6618
43.838544  6820
43.841176  13080
43.843828  6918
43.848613  9653
43.852878  9731
43.854691  7560
43.856524  6731
43.858437  9842
43.861149  9896
43.863342  13097
43.865175  10005
43.867527  7681
43.869180  10147
43.871872  7793
43.873545  7951
43.875937  13131
43.878289  7823
43.880002  8556
43.882334  8701
43.884167  8028
43.886639  8181
43.889994  7881
43.892546  10213
43.896831  7997
43.899503  10246
43.903828  7589
43.905721  10311
43.908433  10328
43.910386  10362
43.912658  10379
43.914231  13146
43.916004  10385
43.918156  10388
43.920229  13177
43.922921  4451
43.928979  8475
43.930752  7753
43.933224  8623
43.937708  7945
43.942173  7997
43.944246  8101
43.946758  7820
43.948551  8760
43.950704  7952
43.953096  8017
43.955149  8878
43.957421  8152
43.963806  8254
43.966118  8696
43.969764  8841
43.976608  7111
43.979260  7721
43.981472  7205
43.984858  7799
43.988983  6894
43.995661  7826
44.000146  6973
44.002219  7130
44.009562  7950
44.016918  13191
44.022916  8024
44.025348  13219
44.030000  8171
44.032112  13230
44.033805  8036
44.035838  13253
44.038070  8114
44.040542  7928
44.051024  7978
44.052697  8924
44.056543  9017
44.064239  7521
44.070138  8912
44.074423  9053
44.093216  10371
44.098320  10363
44.113495  10346
44.117500  10338
44.145862  4572
44.150746  4808
44.154971  13264
44.161556  13287
44.188823  13273
44.190836  8039
44.193128  13245
44.197233  8069
44.201498  8129
44.208715  8264
44.210808  8049
44.215633  8113
44.218185  8196
44.219998  8226
44.222450  7864
44.224702  10037
44.226595  10101
44.229247  8028
44.230840  13226
44.232473  7204
44.234486  7263
44.236599  13188
44.238771  7379
44.241023  13157
44.246941  13095
44.249653  10129
44.251426  10185
44.254038  10213
44.255731  10269
44.260563  9038
44.262216  10238
44.263849  8238
44.265582  8263
44.267934  10176
44.271409  8127
44.273122  8269
44.274755  8281
44.277447  10321
44.282391  8153
44.284204  10313
44.286776  10238
44.291120  8165
44.292893  8190
44.295325  10200
44.297238  10124
44.299550  10086
44.301163  10009
44.303375  9970
44.305288  8145
44.306881  8208
44.312205  9083
44.313878  8285
44.316290  13056
44.318343  8216
44.320196  8295
44.322209  8232
44.324661  9143
44.327193  8287
44.331665  8283
44.339256  8233
44.347239  9163
44.349232  9203
44.351604  12978
44.358842  7398
44.360795  7436
44.363387  8208
44.365340  12939
44.369885  9223
44.371898  12860
44.376270  8191
44.379976  8232
44.385060  7237
44.386713  7253
44.389405  9068
44.396442  7271
44.401414  7280
44.403886  9083
44.405819  8988
44.414688  8940
44.417934  8250
44.427084  8286
44.433940  8136
44.435953  12820
44.437846  8288
44.439919  12740
44.442271  8292
44.444723  12687
44.446556  12579
44.448668  8141
44.450261  8042
44.451894  7992
44.455549  12525
44.457662  8137
44.462746  8154
44.467131  8844
44.469323  8796
44.473628  8698
44.483311  9209
44.485783  9202
44.500970  9892
44.504955  9853
44.522415  9760
44.533845  4884
44.540162  9713
44.561527  4877
44.564219  4874
44.576974  12416
44.581938  12361
44.598005  7425
44.600158  8101
44.601771  7994
44.604243  12250
44.605976  12194
44.610261  7918
44.616958  7764
44.632424  8228
44.634177  8121
44.636110  8172
44.638462  8244
44.640175  10145
44.641928  8067
44.644140  8279
44.646692  12082
44.649084  7326
44.651556  12026
44.653993  10082
44.656205  7276
44.665003  11909
44.667475  11850
44.669208  10051
44.671061  9988
44.673673  9955
44.675346  7958
44.677498  9888
44.680050  9827
44.681803  9704
44.684355  7903
44.686408  7792
44.688580  9618
44.691272  7736
44.693964  9570
44.695797  7924
44.697790  7787
44.700242  9642
44.702075  9389
44.704287  9297
44.712538  7713
44.714691  9106
44.717163  9009
44.718896  8804
44.721168  7563
44.725613  8700
44.736403  8183
44.738376  8047
44.741088  7953
44.743221  9195
44.745354  9181
44.748066  8132
44.754583  7762
44.757075  8107
44.765405  8056
44.768077  9174
44.770629  9160
44.773081  8030
44.775134  11732
44.777786  11672
44.779959  7978
44.782611  7175
44.785183  7952
44.787296  7124
44.789389  7021
44.797999  11552
44.800591  8250
44.802364  11491
44.806809  8164
44.810494  7221
44.812167  8611
44.814340  8434
44.816592  7102
44.823269  7042
44.825282  6920
44.829127  8344
44.832773  8162
44.847527  8098
44.851852  7965
44.854124  8292
44.858210  11345
44.860802  7898
44.862695  11271
44.864548  11122
44.867080  7452
44.869053  7226
44.871385  7761
44.877252  7665
44.879045  7465
44.885353  8069
44.887026  7881
44.890632  11047
44.893803  7769
44.899621  7542
44.906218  9095
44.911421  8964
44.922742  8468
44.937055  8349
44.946265  8107
44.948777  7980
44.950450  7722
44.988422  4803
44.990475  7823
44.994681  4658
44.999765  4583
45.004110  10895
45.008195  10818
45.025818  7363
45.027851  7155
45.032655  6858
45.037280  10663
45.041285  10585
45.042878  6733
45.047682  7048
45.051828  6830
45.067864  7664
45.069957  7466
45.072389  8289
45.076215  7627
45.080200  8271
45.082512  7406
45.084465  8262
45.087017  10426
45.089629  10346
45.091342  6899
45.092995  7100
45.094648  9579
45.096521  6649
45.099213  9452
45.104257  10150
45.108222  9388
45.109995  10051
45.111648  9259
45.114280  7292
45.115973  7061
45.118105  9194
45.120078  9062
45.122470  8951
45.124563  8879
45.126736  6937
45.128429  8725
45.130821  7587
45.132454  7311
45.134966  6684
45.137218  6828
45.139610  7158
45.141303  6846
45.144649  6687
45.146242  6673
45.148814  6317
45.153718  6112
45.155571  6398
45.158103  5688
45.160615  7355
45.162428  6247
45.171585  7129
45.174257  7013
45.176270  6776
45.178862  8707
45.183746  8619
45.187592  7542
45.190184  6603
45.192237  6247
45.194629  7397
45.200547  4404
45.204952  7100
45.208387  6945
45.210280  8426
45.211893  9833
45.214804  9722
45.217316  6629
45.219608  6520
45.221681  6463
45.223494  8327
45.225127  8127
45.232044  6256
45.234416  6088
45.236009  5741
45.238581  9486
45.241093  9365
45.245118  7668
45.246831  7479
45.249423  7425
45.251436  7187
45.253588  7382
45.255721  6591
45.257794  6299
45.262059  6144
45.266244  7065
45.270429  5826
45.272641  6815
45.279858  8202
45.290540  7185
45.293212  7084
45.294825  9120
45.296478  8994
45.298790  8746
45.300982  5853
45.302995  5643
45.305467  6879
45.307679  5206
45.310271  6774
45.311884  8619
45.317962  6703
45.319975  6443
45.322327  6681
45.324460  6308
45.329045  6407
45.331377  6232
45.333490  5871
45.339995  6482
45.341868  5680
45.353690  8609
45.359449  8004
45.363395  7753
45.374716  5460
45.376529  4985
45.399707  4725
45.404352  4177
45.411269  3854
45.415454  3154
45.436278  6263
45.442496  4218
45.444329  3829
45.450346  8360
45.459395  8227
45.463201  5976
45.465793  5801
45.476036  7956
45.478408  7816
45.482714  7531
45.486206  5398
45.488339  5182
45.500540  5644
45.502493  8153
45.508192  5267
45.519813  6059
45.527230  5671
45.531435  8054
45.533787  8004
45.537652  6064
45.542724  5841
45.544996  7904
45.546709  7383
45.549381  5377
45.553173  7081
45.556384  5511
45.558237  8484
45.560290  5032
45.565014  6914
45.567207  6571
45.569679  8229
45.574144  8098
45.575837  7831
45.578249  5122
45.579962  7665
45.582055  2920
45.584208  4586
45.586380  4252
45.589946  7326
45.591539  7137
45.594530  3532
45.596323  4970
45.598835  6749
45.600488  4474
45.614441  4199
45.618567  3612
45.638733  5464
45.642898  5033
45.650422  4799
45.652075  7624
45.656307  7361
45.658719  6057
45.660492  4308
45.663184  5631
45.665756  3979
45.667609  3265
45.672354  5402
45.676259  4924
45.677952  7209
45.682936  6391
45.684749  6897
45.687401  6020
45.692285  4616
45.694178  3542
45.696091  6715
45.698084  3958
45.700196  6340
45.707872  3574
45.709805  4770
45.711398  4216
45.714010  3870
45.715843  5764
45.717516  3115
45.722520  2920
45.724353  6630
45.728119  5228
45.730831  5482
45.732624  6335
45.734796  5072
45.736409  5049
45.739001  4593
45.746621  4850
45.750646  4386
45.752479  7853
45.754651  7751
45.773942  6181
45.775835  5864
45.778407  4929
45.780160  4343
45.782233  4295
45.784445  3887
45.786158  3271
45.787731  5697
45.789784  5353
45.791976  2985
45.794568  2920
45.798483  3813
45.803667  4946
45.808052  4452
45.817541  4130
45.819154  3585
45.821286  3068
45.823179  2920
45.837892  6088
45.839585  5562
45.877530  2920
45.897361  2920
45.932640  2920
45.943822  4178
45.953486  3593
45.964048  3253
45.968093  2920
45.986293  5038
45.991038  3412
45.994544  2920
46.003394  2920
46.011352  7673
46.024607  3084
46.026340  2920
46.028772  7515
46.038675  7429
46.040768  7254
46.051630  6542
46.081515  6113
46.085280  5884
46.095383  5407
46.112902  5135
46.119080  4562
46.120873  4110
46.125397  3106
46.141304  2920
46.152706  5274
46.157091  4667
46.188432  4313
46.190285  3547
46.203740  3062
46.209505  2920
46.230889  4703
46.234135  3984
46.236467  3560
46.258329  7117
46.260062  6838
46.279634  2920
46.529040  6677
46.533425  6347
46.537410  6139
46.543029  5709
46.545261  5478
46.765498  5229
46.769683  4706
47.052202  4416
47.058340  3797
47.062225  3437
47.063978  2920
48.666486  2937
48.670831  2954
48.681552  2949
48.684204  2978
48.686796  3159
48.688369  3601
48.691061  3795
48.709020  2926
48.711152  2938
48.713684  2972
48.718329  3045
48.720501  3076
48.722254  3126
48.730504  2943
48.733615  3224
48.736826  2949
48.739378  2990
48.741490  3271
48.744876  3365
48.748826  2950
48.750779  3013
48.753930  3059
48.760587  2990
48.788054  3024
48.797283  2949
48.798896  2991
48.802087  3026
48.808005  2956
48.811990  2973
48.813763  2984
48.820979  3141
48.822792  3196
48.841537  4245
48.843130  4446
48.867645  3194
48.872988  3336
48.891055  3037
48.892768  3263
48.902676  4893
48.905308  5096
48.907261  3198
48.909653  3302
48.911706  5486
48.913818  3022
48.915691  3220
48.918343  5667
48.919956  3313
48.925000  2928
48.929625  3381
48.931897  3541
48.938534  3087
48.940746  3480
48.943338  3610
48.947403  3861
48.949835  3218
48.968213  3884
48.970705  4040
48.972658  3103
48.974551  3241
48.976863  3449
48.979175  3604
48.981048  3902
48.983520  4039
48.985573  3200
48.988185  3397
48.989858  3768
48.992150  3536
48.994862  3645
48.996815  3857
48.999147  3957
49.000840  2920
49.000840  3157
49.003092  4152
49.005424  3376
49.007517  3442
49.009250  3781
49.020312  2920
49.020312  3086
49.025017  3243
49.027150  6051
49.029562  6230
49.043870  3370
49.047511  3379
49.053589  3786
49.056081  3533
49.057954  3854
49.070169  4001
49.071711  3396
49.074163  4284
49.076295  3218
49.078388  3522
49.083512  4416
49.085545  4672
49.088257  3660
49.092042  4793
49.094215  3927
49.096527  4051
49.100972  3935
49.139539  3359
49.141192  3978
49.143185  3587
49.145377  4206
49.151225  4245
49.153617  4427
49.165237  4314
49.167330  4524
49.184094  6579
49.186446  6744
49.188738  4171
49.208578  3969
49.212903  4318
49.224944  3949
49.227116  4271
49.232075  7108
49.233828  7280
49.242329  4534
49.244022  4743
49.246134  7617
49.248426  7778
49.250299  3456
49.251872  3731
49.260342  4232
49.262515  4599
49.269532  3556
49.271105  3863
49.273757  4004
49.275930  4635
49.279895  4853
49.282087  4957
49.283760  5161
49.296063  4779
49.304897  5125
49.306810  3742
49.309402  4040
49.311574  5286
49.313327  4428
49.315839  4549
49.317832  4792
49.320344  4907
49.322317  4095
49.324390  4854
49.326263  4403
49.328695  4546
49.330728  5071
49.333140  4823
49.335412  5175
49.336985  4440
49.338738  5379
49.340910  5477
49.342723  4765
49.345035  5669
49.353365  3424
49.357410  8093
49.360062  3768
49.362554  3924
49.364227  4224
49.366379  8244
49.378675  4276
49.391873  4478
49.395499  4911
49.409792  4787
49.414116  4176
49.418401  4418
49.423125  5141
49.424698  5247
49.426391  4548
49.428743  4801
49.431055  5456
49.433627  5553
49.437512  5744
49.455670  3858
49.459915  4104
49.468005  3025
49.470597  3212
49.483551  3300
49.489729  3472
49.492261  3553
49.494434  3713
49.496966  4178
49.498579  5259
49.500252  4445
49.502384  4570
49.504177  5451
49.507912  5762
49.514729  5945
49.523778  5543
49.526210  5725
49.531513  5442
49.544547  5020
49.547079  8541
49.549571  8684
49.551544  8966
49.566811  4917
49.568904  5171
49.578193  4363
49.584870  4916
49.586643  5209
49.589215  5347
49.591368  9102
49.593481  6016
49.597866  6156
49.600118  4219
49.604443  9371
49.608268  5746
49.610121  4444
49.611774  5890
49.626554  9502
49.628507  9760
49.630699  4403
49.635044  5813
49.638870  4651
49.644034  5987
49.646626  4768
49.651071  6019
49.652704  5836
49.654897  4921
49.656550  4953
49.658123  6082
49.662268  6113
49.668506  6171
49.670978  4814
49.672591  4930
49.677635  6305
49.679608  5240
49.686393  5345
49.688366  5207
49.691577  5552
49.694189  5651
49.696042  5328
49.697955  6224
49.700148  6359
49.702540  5564
49.704952  6395
49.706625  5677
49.708538  5617
49.710670  5745
49.712243  6466
49.714635  6501
49.718660  6571
49.722186  6605
49.728983  9839
49.731076  9996
49.733668  4633
49.736320  4760
49.738313  5007
49.740805  5124
49.755753  4997
49.758285  5106
49.779750  5292
49.788280  5528
49.792965  5155
49.795097  5266
49.797210  5484
49.802594  5959
49.804906  6019
49.807019  5589
49.808952  6138
49.811324  5795
49.820613  6196
49.822306  6245
49.836294  6269
49.842851  6318
49.846421  4551
49.848174  4760
49.853757  3789
49.864387  3939
49.879074  4011
49.880647  4152
49.884636  5043
49.886489  4220
49.888082  4354
49.890314  5264
49.892986  6138
49.894579  4419
49.897291  6189
49.898944  6388
49.903588  6579
49.905740  6566
49.915648  5672
49.917561  5714
49.922365  6214
49.924358  6264
49.941443  10073
49.944055  10227
49.946287  10283
49.950592  10394
49.961873  5641
49.964305  5862
49.968889  5968
49.980531  5870
49.982584  6115
49.984896  6540
49.990080  6527
49.994165  10449
49.996138  10559
49.998830  6552
50.001122  6632
50.003175  4856
50.005128  5044
50.012164  10595
50.013937  10668
50.020614  5199
50.026412  5381
50.037414  6256
50.039167  6698
50.041439  6240
50.043871  6730
50.045664  6176
50.047777  6795
50.050109  6046
50.054454  5300
50.061011  5372
50.067648  5720
50.069701  5732
50.076079  5731
50.077812  5714
50.079885  5838
50.082157  6490
50.083870  5873
50.086122  6471
50.087815  6148
50.089988  6215
50.092340  5942
50.097211  6363
50.098784  5976
50.102969  5678
50.105421  6308
50.107194  6197
50.109486  6141
50.113811  10707
50.117857  10785
50.123061  5171
50.126727  5264
50.128859  5245
50.130832  5206
50.137689  5187
50.146279  5390
50.148112  5409
50.175953  6027
50.178146  6144
50.180798  5813
50.185523  5849
50.190467  5820
50.192240  6297
50.194173  5760
50.196385  6254
50.200937  6233
50.202670  5718
50.204423  6189
50.209195  5633
50.211567  6145
50.217585  6056
50.233112  6000
50.235245  5886
50.237437  5089
50.241583  5179
50.254445  5980
50.256098  4323
50.257711  4126
50.264408  5381
50.272039  6809
50.274012  3993
50.278237  3718
50.280509  5252
50.282761  3561
50.284814  5624
50.286787  5186
50.288560  5846
50.290672  5052
50.292785  3232
50.296100  5778
50.299306  6027
50.301119  5969
50.302792  5990
50.309189  6223
50.310762  5514
50.312894  5458
50.322290  5639
50.323983  5568
50.343088  5164
50.345340  10823
50.349266  10900
50.351838  10938
50.355583  11014
50.362300  5361
50.372123  6157
50.376588  6184
50.390443  6168
50.392875  6141
50.394548  6086
50.396161  5834
50.398453  5765
50.405590  11052
50.407203  11127
50.409575  6838
50.412087  11164
50.413980  6852
50.416133  5094
50.423130  11186
50.425502  11197
50.429907  4922
50.432559  5230
50.436504  4833
50.438517  5163
50.448420  5027
50.454857  6881
50.457489  6895
50.459582  5399
50.462154  5312
50.463747  6807
50.468239  5135
50.472963  6763
50.475036  5044
50.482847  4983
50.487532  4843
50.489804  5344
50.492056  5951
50.494448  5931
50.496101  5600
50.497714  5286
50.500366  5891
50.502758  5516
50.504671  6058
50.506244  3051
50.508377  5871
50.510190  6002
50.512382  5299
50.515014  5186
50.516647  5142
50.519199  4847
50.524183  4666
50.528329  5068
50.530102  11219
50.532614  11230
50.539112  5017
50.541324  4942
50.545190  4781
50.550094  4698
50.563690  4926
50.565263  4719
50.582071  6152
50.589802  6087
50.596399  6054
50.597992  5559
50.599825  5409
50.602257  5322
50.604290  5828
50.605963  5711
50.608655  5651
50.610848  5530
50.617825  5145
50.620537  5054
50.622610  5462
50.624563  4868
50.626875  4772
50.629068  5324
50.639297  5212
50.643202  4735
50.645215  4535
50.647487  4982
50.651532  4862
50.656277  2920
50.683286  4750
50.685478  4559
50.698832  5744
50.703157  4349
50.707122  4460
50.709015  4257
50.713107  4179
50.715020  4927
50.721145  4686
50.723277  3825
50.724930  4898
50.730074  4560
50.732147  4810
50.734533  4630
50.741110  4147
50.742983  3920
50.755084  4569
50.777762  5909
50.784026  11229
50.787992  11227
50.799493  5835
50.805091  5685
50.807463  5919
50.809096  5751
50.814180  5635
50.816333  5398
50.818565  3632
50.820138  3225
50.825816  11222
50.831120  11211
50.833792  6676
50.843535  6499
50.845947  11199
50.848020  4431
50.849653  11175
50.854457  4217
50.857568  4563
50.859281  4239
50.872755  4057
50.876960  3675
50.881904  6398
50.885290  3439
50.887822  6192
50.889555  3165
50.892187  2920
50.893920  6083
50.903169  5861
50.912118  4097
50.914271  4458
50.916464  3765
50.918756  4101
50.921328  2996
50.923381  2920
50.925513  5252
50.929519  5667
50.931532  5511
50.933824  4951
50.936176  3907
50.944627  5431
50.946700  11166
50.948353  11147
50.954091  3499
50.957277  5268
50.962560  4395
50.964373  4033
50.967963  3827
50.969636  3393
50.977452  3148
50.988454  3421
50.990187  2920
51.019250  5608
51.021922  4615
51.024075  4290
51.026667  5452
51.029279  4739
51.031132  4486
51.033624  4352
51.037689  4076
51.040221  4115
51.041834  3750
51.044066  3532
51.046219  3068
51.048411  3929
51.051997  3623
51.060866  4050
51.062519  3703
51.064731  3396
51.066664  2920
51.069216  3513
51.089043  5746
51.090696  5511
51.110987  3585
51.112640  3205
51.127947  5184
51.131273  5013
51.133545  4925
51.137431  2920
51.154510  3272
51.156163  11138
51.158016  2920
51.184044  2920
51.194047  11119
51.196199  11110
51.203710  5372
51.210108  5209
51.215032  11091
51.221330  11082
51.236058  5125
51.240363  4954
51.243075  4792
51.251766  4463
51.256910  4286
51.258523  2920
51.260696  3918
51.263288  11040
51.270044  11019
51.278082  10977
51.282686  5389
51.284699  10956
51.288585  5138
51.293629  10914
51.298481  3238
51.304340  2920
51.342529  5007
51.344262  4737
51.355683  4595
51.358235  4301
51.388657  4732
51.390630  4329
51.393022  3717
51.397107  3292
51.398720  3052
51.407350  10887
51.411596  10833
51.426743  4109
51.428916  3645
51.491314  4780
51.496981  4420
51.564399  4054
51.566352  3529
51.613339  3384
51.615412  2920
51.679889  10800
51.686266  10734
51.696434  4225
51.700559  10697
51.702552  3817
51.707157  10622
51.724457  3574
51.728343  2920
51.735280  3054
51.751680  10549
51.754052  10402
51.769879  10289
51.772032  3165
51.773785  10060
51.776017  2920
51.782974  9943
51.789492  9706
51.884037  9604
51.915726  9397
51.989167  2920
52.206561  9292
52.210906  9078
52.221928  8969
52.232178  8748
52.270686  8635
52.272699  8405
52.283521  8219
52.285214  7837
52.301701  7637
52.303834  7226
52.314436  7009
52.433785  6562
52.438130  6323
52.726578  6075
52.730304  5559
52.749943  5271
52.754468  4664
52.799351  4308
52.801484  3536
52.808261  3066
52.812526  2920
54.357213  2927
54.374497  2958
54.412012  3003
54.414404  3077
54.421261  2973
54.423014  3077
54.430310  3127
54.432423  3226
54.445896  3266
54.447929  3296
54.450421  3376
54.454766  3433
54.462776  3590
54.472684  3698
54.600049  3127
54.614562  3300
54.616834  3137
54.618727  3542
54.621039  3721
54.623192  3472
54.625604  4062
54.628296  2920
54.628296  3115
54.633180  4218
54.639278  4519
54.641530  3532
54.648267  3732
54.655204  3827
54.657157  4019
54.659829  4110
54.770884  3387
54.812513  4510
54.814725  4692
54.818331  5060
54.820643  5231
54.827021  3031
54.829014  3148
54.831466  3961
54.833659  5599
54.836291  5771
54.838404  6105
54.842649  4494
54.846694  4729
54.890851  2959
54.893103  2955
54.894956  3024
54.897468  3058
54.908471  3159
54.910943  3207
54.912596  2944
54.914908  2955
54.918873  3335
54.920626  3396
54.923058  3002
54.925290  3025
54.927283  3227
54.929475  3366
54.931248  3568
54.933840  3649
54.935413  2950
54.937426  3010
54.944083  3039
54.945796  3097
54.950640  2985
54.952273  3818
54.954905  3137
54.961203  3160
54.965188  4207
54.967400  3242
54.969173  4852
54.971066  5472
54.973538  4560
54.975670  5749
54.977643  4889
54.979755  6277
54.982447  2991
54.986573  3131
54.989085  6521
54.991158  3197
54.992771  3328
54.995163  6991
54.996776  7210
55.004272  6316
55.005945  6724
55.008177  3390
55.011983  3513
55.014255  6916
55.016088  7289
55.030049  5305
55.056637  3141
55.059249  3197
55.065487  3470
55.067380  4341
55.069892  3731
55.072364  3896
55.086092  4263
55.088604  4430
55.107042  3500
55.109514  3922
55.111846  4049
55.113919  5213
55.122768  4760
55.125080  4913
55.127113  3472
55.129545  3598
55.131118  5211
55.133830  5351
55.135583  5624
55.140527  3149
55.142340  7516
55.144053  3574
55.145806  7957
55.149621  3761
55.151294  8165
55.153067  8571
55.161182  3518
55.165116  4180
55.166889  4458
55.168542  4981
55.170195  8764
55.171828  5215
55.173441  9142
55.175993  5627
55.177826  9323
55.180218  6235
55.182131  6509
55.186915  9679
55.192678  3070
55.195390  3356
55.211616  3487
55.215822  3739
55.218134  3099
55.220327  3437
55.223019  4320
55.225451  3589
55.227504  4447
55.231729  4705
55.233642  4694
55.236014  4811
55.238007  5377
55.248689  5039
55.251261  3842
55.252874  5148
55.255086  3956
55.261404  5361
55.263956  5463
55.265889  4178
55.268481  4283
55.270194  5754
55.272227  5651
55.274659  5742
55.276772  6008
55.279404  3233
55.281257  3419
55.286895  3507
55.289167  3679
55.293092  5525
55.300848  3624
55.302541  5827
55.305253  3865
55.307525  3978
55.309418  7443
55.311311  6113
55.313423  7895
55.315476  3056
55.315476  3602
55.317808  8108
55.319861  8523
55.323092  3647
55.324785  3905
55.327077  4034
55.329050  4285
55.331322  8724
55.332895  9116
55.344177  9846
55.346250  10174
55.348362  4403
55.350055  4633
55.352587  10328
55.355239  3939
55.356872  10632
55.369976  5662
55.371549  7034
55.377072  7277
55.394792  4488
55.398944  4586
55.406875  4778
55.411559  5671
55.413732  6129
55.417398  6368
55.422542  6228
55.439562  6477
55.444286  3735
55.446139  6692
55.463359  4197
55.468063  4301
55.469816  5915
55.472248  4065
55.474401  5999
55.482471  6789
55.484544  4866
55.486317  5039
55.488549  6980
55.492035  7068
55.496100  7242
55.501004  7306
55.502837  7433
55.507601  4279
55.510093  4435
55.511726  10780
55.513879  11072
55.516511  11214
55.518444  11494
55.521036  3761
55.522769  3921
55.529087  5867
55.531000  6264
55.536264  6450
55.537937  6811
55.540509  6982
55.542482  11631
55.544315  11901
55.546547  7747
55.548859  12002
55.550652  3856
55.552545  4084
55.557329  9303
55.558902  12202
55.565499  7967
55.571657  4191
55.573850  4015
55.582380  4145
55.583953  6159
55.592603  4397
55.595055  4401
55.596748  6482
55.600194  4501
55.608923  6970
55.613168  6237
55.618272  6391
55.620604  6466
55.622717  6513
55.625069  5122
55.628535  6536
55.630168  5287
55.632620  6583
55.634772  5366
55.636565  6606
55.638578  6652
55.641150  5523
55.643402  7480
55.645095  7573
55.646848  6647
55.649280  3998
55.655758  4149
55.658090  4221
55.660043  4364
55.666560  6637
55.668852  4402
55.675669  4600
55.677881  9671
55.679594  9848
55.681367  4472
55.683659  10195
55.686670  10363
55.688463  4842
55.690396  4742
55.692549  4955
55.695061  5057
55.696874  5257
55.699086  10627
55.701798  10755
55.703431  11009
55.710747  12300
55.713119  5353
55.717265  4586
55.719258  12496
55.721430  5529
55.723882  12592
55.725855  5614
55.727968  12783
55.730380  7284
55.739009  12877
55.741202  8396
55.747979  7429
55.751765  8599
55.765100  5538
55.769105  5569
55.782246  5547
55.784818  5503
55.789543  7619
55.791636  7710
55.796300  7196
55.799866  4516
55.802558  7635
55.820377  7744
55.824682  7812
55.833279  4694
55.835392  4880
55.847914  6632
55.849747  6622
55.851919  5494
55.862622  5475
55.865334  7843
55.869199  7906
55.871831  7924
55.875757  7961
55.879602  4818
55.881854  4928
55.889445  7979
55.892496  5144
55.894329  13064
55.897360  13156
55.899533  8012
55.902105  4332
55.904078  8028
55.905991  7629
55.911918  4267
55.917421  7726
55.919194  7919
55.921486  13335
55.924138  8013
55.926211  8971
55.929322  9149
55.931135  4598
55.933228  13423
55.935161  13583
55.937533  13662
55.939466  4789
55.942118  5183
55.943971  13799
55.946623  13866
55.957266  4601
55.962174  4642
55.968691  6617
55.975009  4724
55.977541  4814
55.981747  6607
55.984259  4865
55.991176  4764
56.000126  7838
56.002299  8234
56.004491  8422
56.007897  6594
56.012002  6568
56.013615  6545
56.016107  6498
56.018599  5466
56.020392  6456
56.022405  5447
56.024797  5438
56.026390  6371
56.028882  8052
56.031314  8064
56.033067  6320
56.035140  5419
56.039485  4230
56.041458  4155
56.043950  6217
56.048394  4113
56.050387  4027
56.054492  6165
56.056744  6060
56.060230  4908
56.066767  11129
56.068780  4915
56.071232  5714
56.072805  11367
56.075177  4918
56.077609  4925
56.079182  11483
56.080975  5611
56.082708  5605
56.085380  11714
56.086993  11824
56.089165  5602
56.091697  5596
56.096828  12043
56.105498  12126
56.109983  12292
56.112255  5164
56.114048  13992
56.116440  5575
56.118133  5532
56.120405  14054
56.122278  14179
56.124610  14241
56.127182  8106
56.128975  8290
56.138803  9285
56.143148  9554
56.145800  9685
56.162800  5410
56.165412  5391
56.172209  5323
56.174022  5184
56.178174  8088
56.180366  8100
56.184371  8741
56.192441  8894
56.199985  4886
56.212681  8092
56.220337  8088
56.230841  4904
56.235166  4862
56.243196  6007
56.247841  5899
56.258643  5113
56.261235  4969
56.269985  8080
56.271758  8076
56.274350  4895
56.277936  8056
56.280308  5661
56.284393  5887
56.289138  8046
56.297488  6300
56.300060  14364
56.301733  8018
56.306425  8004
56.308657  6493
56.310750  14425
56.312643  8353
56.317088  8479
56.319480  5935
56.321653  3935
56.323646  3746
56.328251  6361
56.332456  3647
56.334069  8528
56.335802  14527
56.338014  8626
56.340546  5457
56.342699  9932
56.345151  10052
56.346944  14577
56.348517  4764
56.350649  14678
56.352262  4702
56.354854  14728
56.360592  14806
56.363663  14845
56.367269  4728
56.370835  4655
56.379984  4588
56.383949  4451
56.385642  5844
56.387275  4381
56.389667  4553
56.391580  4476
56.394551  5733
56.398696  4319
56.415056  9021
56.416869  9272
56.421813  5677
56.423386  5562
56.425918  4708
56.428450  4611
56.430283  5485
56.432256  5329
56.434408  7925
56.436081  5217
56.439716  7886
56.441389  4987
56.443442  4413
56.447092  4310
56.449065  3404
56.451237  3274
56.453170  4850
56.455183  4567
56.464073  2960
56.466225  4417
56.469491  2920
56.471943  4098
56.474415  3927
56.479854  4762
56.483839  6514
56.486012  12374
56.487705  4557
56.491111  4446
56.493303  4219
56.496514  5272
56.498706  5176
56.500619  12537
56.502851  12617
56.504524  12776
56.508469  4967
56.512854  12838
56.515346  4858
56.517119  4636
56.519451  12962
56.530732  13012
56.532625  13111
56.534997  14908
56.537709  14939
56.539822  4448
56.541935  8647
56.544128  4056
56.546500  8690
56.549431  8693
56.551604  10157
56.553377  8700
56.558321  14999
56.561567  15029
56.565592  15089
56.570715  10318
56.576633  10397
56.592606  4686
56.599363  7798
56.602554  4859
56.606140  7754
56.610305  5152
56.615329  9382
56.617442  9599
56.623209  5290
56.627354  4310
56.639316  7664
56.649039  7619
56.655736  4091
56.659822  3827
56.668951  3569
56.674649  3372
56.684297  5533
56.685930  5649
56.696644  7515
56.699156  7462
56.705254  7288
56.712310  7199
56.714483  6620
56.718169  6870
56.724726  6659
56.729052  6990
56.733897  15117
56.735830  7227
56.738542  6991
56.741134  15173
56.743306  6884
56.751637  8690
56.755842  7341
56.757475  8669
56.759867  6846
56.761560  15198
56.763792  15248
56.766484  10504
56.769156  8655
56.770769  8627
56.773321  4164
56.775414  10556
56.777567  15267
56.781673  3843
56.786265  15306
56.793901  15325
56.798526  3986
56.800139  15363
56.804983  3811
56.817159  3445
56.822223  3243
56.824016  3646
56.826049  9705
56.827862  3231
56.830314  2955
56.831887  2920
56.834319  2997
56.836052  2920
56.841990  9826
56.851858  9885
56.858076  10003
56.864933  5802
56.869098  5876
56.873203  6662
56.877548  6548
56.879241  6023
56.884385  6095
56.888031  6315
56.924350  3984
56.926483  4286
56.928835  4419
56.930648  4239
56.932581  13157
56.934654  4678
56.936906  13249
56.939598  4590
56.942190  13294
56.944003  13385
56.946455  4743
56.950740  5040
56.952393  13430
56.954545  7548
56.956258  5169
56.958970  5420
56.961602  13510
56.966726  13549
56.972245  15382
56.976510  15420
56.979581  5507
56.981674  5679
56.983926  10600
56.985899  13606
56.988351  13634
56.990304  8606
56.992077  8563
56.994589  8524
56.996422  15438
56.998155  15474
57.000627  8444
57.008717  15486
57.017866  15511
57.020578  10683
57.025782  10724
57.032319  2920
57.040210  6237
57.042862  6306
57.051932  6194
57.058390  5947
57.060902  6385
57.064767  6424
57.066360  10043
57.068373  10123
57.083779  5791
57.085932  5470
57.098412  4779
57.105924  4978
57.110529  5073
57.122051  2959
57.124164  3036
57.126496  3095
57.134447  6937
57.138852  6502
57.145489  6540
57.148955  5297
57.155200  4939
57.166569  4727
57.168502  4284
57.177851  7601
57.181996  7706
57.188893  7757
57.194578  4040
57.196331  7860
57.198503  3521
57.201175  15519
57.203368  15535
57.207953  3309
57.210665  8404
57.212858  3409
57.217483  7041
57.220155  7092
57.222188  8323
57.224880  7193
57.230511  15543
57.232224  15559
57.235255  10765
57.237288  10847
57.239980  8264
57.242073  10888
57.245819  8144
57.249904  15562
57.253969  15569
57.264651  15558
57.270809  15535
57.294327  3073
57.300705  10163
57.306048  10242
57.317749  3147
57.328431  10281
57.330364  10359
57.334589  3174
57.336422  6565
57.339114  3228
57.341626  6577
57.343199  6602
57.345371  3186
57.347344  3193
57.349217  2920
57.351729  3122
57.354161  6610
57.356174  3036
57.359720  6626
57.364264  2920
57.366936  3603
57.371281  3695
57.373454  3874
57.389040  3895
57.400321  5125
57.401914  5228
57.406099  3937
57.410804  5278
57.415049  5378
57.417401  13655
57.419134  5760
57.421027  5919
57.423239  13697
57.428163  13715
57.430216  5996
57.431889  6149
57.436214  7884
57.437867  6223
57.439980  6371
57.444671  13751
57.447043  7933
57.451198  13758
57.456042  13772
57.462429  10910
57.467294  15521
57.468867  15492
57.471559  13751
57.473412  8083
57.476024  7960
57.478356  13709
57.480928  15478
57.482841  7875
57.484654  15449
57.489378  7702
57.492030  6350
57.494003  6308
57.499501  7614
57.501254  6287
57.512176  15434
57.514169  10925
57.516561  15403
57.532847  10932
57.536673  6588
57.538726  6512
57.545183  10367
57.552500  10383
57.596277  5417
57.609913  5494
57.625514  6467
57.628745  6377
57.664463  7945
57.668588  7969
57.677537  13685
57.685068  15371
57.687081  15307
57.689233  7981
57.690986  8005
57.693618  3958
57.695711  15275
57.699697  3999
57.701470  7243
57.703862  7490
57.708147  7342
57.715930  7237
57.718302  10899
57.720734  7353
57.722367  7375
57.724040  15210
57.726432  15178
57.729798  10860
57.732190  7083
57.735356  10781
57.740340  6767
57.744785  15113
57.749230  15081
57.761765  15016
57.768072  14983
57.802522  10377
57.808800  5444
57.827733  6329
57.833731  10364
57.836283  6232
57.838795  10344
57.844754  10304
57.846946  6183
57.851191  6084
57.856235  6009
57.858148  5856
57.864545  3965
57.870783  3896
57.874528  3804
57.879927  3616
57.914219  5331
57.915912  3517
57.919123  5274
57.922809  5078
57.925001  3313
57.926594  6266
57.931538  4976
57.933111  13659
57.934944  13607
57.937296  13581
57.938869  6223
57.945846  6202
57.947639  6159
57.950171  6080
57.951844  10735
57.953517  13529
57.955829  13503
57.957742  5920
57.960014  7969
57.962027  7897
57.964439  7861
57.966172  13444
57.975361  14942
57.979546  13415
57.981459  14859
57.989654  6602
57.991367  6263
57.993479  13315
57.996011  14817
57.998263  13265
57.999856  14733
58.004560  6085
58.006373  5718
58.008665  5838
58.010258  5671
58.023612  10642
58.026843  10595
58.030289  14691
58.032322  14607
58.045337  5768
58.055660  5589
58.060964  10275
58.062877  10216
58.065149  10186
58.067222  5482
58.068995  5263
58.124464  4729
58.126696  4599
58.135027  4332
58.148861  5149
58.150694  4916
58.205138  14549
58.207071  7821
58.211257  7740
58.215869  14432
58.218121  7683
58.219874  5506
58.221947  3155
58.223760  5571
58.226655  2920
58.231539  7568
58.233911  7374
58.237716  4919
58.240428  4591
58.242121  10548
58.244194  10454
58.246346  7371
58.248918  10407
58.250871  14370
58.252524  7321
58.254357  10266
58.258382  7219
58.260974  7167
58.265139  10195
58.266872  3874
58.268485  3449
58.280346  14244
58.284551  14178
58.289610  14044
58.294714  13973
58.305683  13829
58.354366  10130
58.356479  4743
58.358232  10017
58.362937  4383
58.370148  9942
58.373039  9790
58.375611  4173
58.377404  3731
58.384361  3484
58.386014  2954
58.390199  2920
58.400722  13214
58.439787  4161
58.444292  3805
58.446644  3610
58.453302  3199
58.461872  13110
58.470384  13058
58.472137  5469
58.476442  5261
58.480387  5146
58.483059  4909
58.485451  12942
58.487943  4763
58.489656  7474
58.491529  12884
58.493382  4462
58.495794  7282
58.498086  12749
58.500238  13776
58.502411  12681
58.510342  13665
58.518092  13609
58.529254  3168
58.531287  2920
58.533459  12535
58.538064  12462
58.539797  13497
58.546134  13441
58.550860  4277
58.552993  3891
58.558811  3679
58.574478  10123
58.576211  9978
58.578843  13327
58.581335  13270
58.611349  9713
58.613242  9558
58.672810  2933
58.676996  2920
58.709162  7155
58.747375  12384
58.754759  6897
58.758065  6763
58.760457  13155
58.762150  13097
58.770325  9891
58.772278  12980
58.774450  6490
58.778875  6348
58.787185  9714
58.789837  9624
58.794462  7092
58.796215  9376
58.798507  6940
58.800160  6804
58.802772  9249
58.806878  6526
58.809250  9462
58.828391  12910
58.837375  12769
58.841500  12693
58.846624  12539
58.853700  12461
58.855293  12304
58.902075  9252
58.909236  9145
58.921036  8873
58.926954  8733
58.970844  3455
59.000179  6371
59.010047  12305
59.013872  12146
59.016484  9120
59.023816  2977
59.031012  2920
59.038643  12055
59.040776  11872
59.044801  11779
59.047153  6168
59.048786  5797
59.051098  5600
59.054944  11573
59.057356  11468
59.059369  12221
59.061422  12054
59.092976  11256
59.096127  11148
59.098040  11970
59.099753  11800
59.123590  8858
59.127735  8723
59.141436  11714
59.145182  11540
59.166212  8591
59.172150  8301
59.176575  8151
59.325381  11451
59.329934  11270
59.333999  11167
59.335692  10958
59.340976  5396
59.343668  5184
59.346320  8586
59.355489  8308
59.360673  8156
59.362646  6192
59.364779  5824
59.367471  7846
59.369703  5629
59.371616  7685
59.381189  5224
59.398428  10849
59.403152  10629
59.409035  10517
59.411247  10410
59.419836  10302
59.457140  7999
59.473900  7674
59.480477  7505
59.497002  11038
59.530965  4963
59.552978  7356
59.572234  10927
59.579610  10815
59.593883  10702
59.600060  4710
59.602532  10589
59.604165  10210
59.606697  4444
59.611042  10475
59.616285  10117
59.641715  10359
59.647498  10023
59.649850  10242
59.654235  9928
59.668787  7188
59.670800  6844
59.673232  7334
59.698986  9832
59.710108  9735
59.722236  7159
59.726940  6980
59.750226  5006
59.796976  4180
59.834076  10139
59.866047  6676
59.867720  9644
59.872485  9552
59.877309  9459
59.879501  3919
59.881933  3644
59.886777  9366
59.889728  6351
59.897044  4798
59.899736  6185
59.902128  4581
59.904320  6015
59.912350  6818
59.914822  4354
59.924360  4115
59.936954  9277
59.944809  9188
59.950252  9098
59.952964  9007
59.960240  4503
59.960240  4318
