# t(s) QueuingDelay(ms)
10.180004  0
10.182319  1
10.188563  5
10.195242  1
10.238202  12
10.245039  13
10.260347  10
10.262719  16
10.272942  15
10.281743  18
10.288760  17
10.290753  33
10.299997  19
10.307373  32
10.316996  31
10.319388  20
10.320981  37
10.331863  41
10.354288  39
10.356441  38
10.376293  45
10.389048  51
10.395066  61
10.425532  46
10.431770  73
10.444785  74
10.449809  77
10.460372  67
10.482356  77
10.499816  83
10.508006  96
10.523813  104
10.562548  83
10.568585  105
10.575362  115
10.615152  133
10.636797  108
10.647919  115
10.659994  164
10.664819  159
10.675162  189
10.677794  194
10.681999  174
10.691189  181
10.710369  202
10.739964  1
10.765594  8
10.774164  228
10.784258  87
10.788743  199
10.794861  236
10.803031  215
10.805483  94
10.817059  100
10.825988  224
10.831593  110
10.840203  252
10.842216  242
10.851285  245
10.874444  258
10.895076  258
10.912995  263
10.924097  116
10.928342  282
10.944702  287
10.978470  265
10.996889  290
11.013750  379
11.016342  293
11.027213  141
11.032357  303
11.049397  323
11.051470  391
11.066098  338
11.075667  400
11.077260  155
11.083897  347
11.088562  167
11.096593  415
11.104734  179
11.109499  357
11.115896  194
11.120221  367
11.131124  377
11.137861  377
11.144359  368
11.162359  359
11.171668  356
11.175753  175
11.213758  174
11.220315  4
11.222008  170
11.236202  169
11.243219  165
11.249797  229
11.298234  233
11.302420  164
11.311309  227
11.312922  159
11.353898  164
11.359676  161
11.366393  196
11.370938  196
11.372931  0
11.388118  137
11.411236  198
11.417334  206
11.454259  7
11.474312  8
11.511803  149
11.527104  230
11.531329  231
11.532942  161
11.545003  232
11.551100  181
11.574797  218
11.585759  233
11.606865  239
11.609037  236
11.617567  252
11.624532  264
11.647890  21
11.649683  254
11.665350  215
11.667423  29
11.671208  261
11.686215  263
11.690580  241
11.702110  58
11.708867  250
11.710520  69
11.714265  256
11.718870  267
11.726066  269
11.732764  271
11.734577  276
11.745159  70
11.747851  281
11.755362  309
11.763292  80
11.772221  320
11.785237  327
11.805408  328
11.815751  106
11.828187  107
11.843481  341
11.849885  114
11.864913  350
11.884107  1
11.888532  364
11.952399  371
11.957878  341
11.977654  373
12.008847  370
12.026920  345
12.033577  354
12.039715  385
12.048965  409
12.074355  137
12.081772  374
12.094927  138
12.096660  399
12.116560  199
12.136212  14
12.137865  401
12.155724  201
12.159949  408
12.162122  415
12.171534  419
12.173307  215
12.184172  433
12.193860  448
12.207953  452
12.212278  232
12.215664  453
12.233723  57
12.244234  424
12.248459  449
12.259385  449
12.269787  234
12.301424  238
12.325430  76
12.338564  282
12.340617  119
12.351040  458
12.370733  469
12.382015  153
12.394630  483
12.403380  221
12.424206  514
12.431203  301
12.451554  230
12.453147  518
12.485275  497
12.556207  497
12.562565  509
12.566790  507
12.596785  306
12.616698  478
12.625088  307
12.629233  480
12.635950  302
12.642188  480
12.644101  299
12.651518  196
12.657276  481
12.668198  296
12.706976  293
12.713554  460
12.722324  457
12.724157  161
12.749334  263
12.781036  262
12.790679  253
12.794404  157
12.801421  396
12.871314  465
12.875519  255
12.885522  166
12.892279  397
12.897183  169
12.907626  398
12.953029  174
12.959826  407
13.024501  176
13.097646  480
13.136378  489
13.145128  526
13.157963  262
13.170319  276
13.199040  469
13.211996  342
13.226943  525
13.235453  407
13.242130  350
13.244243  192
13.259210  363
13.261462  526
13.274337  527
13.280754  243
13.282547  382
13.284560  531
13.297584  528
13.300770  404
13.314265  417
13.332484  432
13.346298  445
13.361146  453
13.376913  243
13.380818  460
13.395066  465
13.414718  247
13.419023  475
13.427234  412
13.429486  484
13.438475  485
13.442880  424
13.446805  267
13.464145  502
13.468250  492
13.487826  273
13.490398  545
13.492171  508
13.507897  513
13.515927  531
13.525376  278
13.533447  541
13.538191  519
13.544249  284
13.550427  549
13.561089  519
13.580362  311
13.590731  328
13.594936  539
13.599541  560
13.612377  338
13.624912  356
13.626985  569
13.631210  570
13.637807  579
13.657220  606
13.670074  624
13.750243  643
13.768396  644
13.778998  632
13.819910  603
13.854388  639
13.878254  578
13.888137  500
14.005410  380
14.064062  511
14.102486  404
14.112109  520
14.148489  689
14.155106  591
14.157758  406
14.181336  407
14.191979  428
14.203921  539
14.225206  461
14.233057  556
14.244458  562
14.280499  643
14.293254  653
14.297519  432
14.309240  596
14.328646  648
14.393081  661
14.441057  690
14.495409  503
14.512289  523
14.515974  711
14.533394  723
14.566368  765
14.582390  760
14.602461  633
14.635069  700
14.662791  733
14.699577  771
14.704441  693
14.724886  786
14.738182  488
14.740195  791
14.762399  778
14.777167  825
14.803916  835
14.983388  652
15.007599  768
15.110439  513
15.172742  617
15.183544  672
15.185117  612
15.193267  610
15.203629  721
15.239395  780
15.313861  614
15.327155  627
15.342022  629
15.374197  635
15.435312  726
15.439498  643
15.461909  653
15.473706  727
15.515982  656
15.624448  790
15.664324  664
15.713973  669
15.724815  659
15.739223  621
15.755970  607
15.768586  603
15.773290  638
15.815201  801
15.830928  808
15.880054  639
15.888404  845
15.910682  730
15.961831  643
16.020848  559
16.064915  740
16.092487  756
16.105822  813
16.109907  785
16.138297  829
16.153784  868
16.235496  638
16.293434  666
16.319643  802
16.350546  803
16.363502  668
16.392264  870
16.409644  730
16.414469  806
16.431769  708
16.505406  874
16.588401  876
16.609334  628
16.719850  668
16.807992  633
16.812317  874
16.839021  685
16.843246  727
16.879447  702
16.884391  823
16.903204  738
16.905017  827
17.007065  755
17.078004  836
17.116429  894
17.129564  877
17.160119  802
17.300480  771
17.340824  895
17.399966  892
17.461700  851
17.469950  883
17.542356  899
17.544009  863
17.614493  932
17.802295  739
17.850769  760
17.862749  924
17.900842  908
17.940470  908
18.084478  928
18.097297  921
18.154492  975
18.222357  990
18.238483  996
18.406284  991
18.437159  697
18.529361  972
18.736073  781
18.743942  789
18.780685  783
18.845897  958
18.853772  953
18.871285  892
19.066800  896
19.191121  982
19.413306  664
19.608991  611
19.663138  784
19.676057  719
19.682334  717
19.693795  716
19.702924  714
19.712252  713
19.815987  671
19.908320  703
20.009095  589
20.047240  322
20.141031  315
20.172766  484
20.173525  421
20.175238  417
20.285194  363
20.380066  21
20.468596  110
20.481210  283
20.488286  237
20.614310  315
20.695870  6
20.707099  199
20.722207  152
20.728185  0
20.835494  202
20.934861  10
20.948795  13
20.955732  202
20.976957  205
20.981182  152
21.040644  190
21.083035  0
21.099160  134
21.118040  90
21.130776  82
21.158185  104
21.221607  97
21.238306  93
21.244205  38
21.386469  99
21.397625  46
21.402409  24
21.408347  112
21.412792  47
21.433737  51
21.442434  64
21.457960  105
21.569965  27
21.584412  55
21.592083  149
21.596388  73
21.600952  122
21.621598  92
21.741813  56
21.782379  73
21.790789  155
21.794674  94
21.803404  140
21.816399  119
21.832808  157
21.926767  172
21.941159  78
21.954667  78
21.965073  173
21.981897  21
21.991405  54
21.993238  174
22.010883  159
22.031895  128
22.036140  181
22.197812  176
22.214537  84
22.218862  89
22.220535  177
22.227132  133
22.231577  133
22.247204  76
22.254815  211
22.257487  82
22.266397  137
22.275167  225
22.281645  139
22.295679  177
22.299944  190
22.319275  188
22.432323  230
22.475397  233
22.486300  144
22.509318  189
22.516474  84
22.520460  232
22.522113  134
22.532955  138
22.545210  250
22.600322  190
22.611152  252
22.813893  235
22.822443  206
22.842475  202
22.851444  141
22.857222  291
22.861907  142
22.865892  194
22.882353  297
22.888950  242
22.907189  258
23.040821  192
23.046879  152
23.059814  284
23.101818  182
23.112217  283
23.122624  241
23.139704  290
23.154893  234
23.161650  195
23.165875  186
23.245890  239
23.254440  298
23.351632  267
23.401159  182
23.421236  179
23.461783  231
23.472466  186
23.476751  183
23.509498  271
23.527658  302
23.540341  232
23.550444  299
23.571121  236
23.676317  273
23.747467  188
23.761980  283
23.770370  189
23.774935  299
23.787235  190
23.798557  224
23.808620  241
23.812525  224
23.831618  317
23.835484  241
23.844653  186
23.855596  193
23.866799  246
23.886119  263
23.908032  301
23.918875  329
23.923719  268
24.017739  306
24.088335  221
24.112631  325
24.118329  218
24.136756  216
24.145446  259
24.156009  216
24.160674  215
24.168864  253
24.170977  304
24.173509  206
24.212441  317
24.234987  313
24.248901  249
24.350476  298
24.354961  207
24.371741  192
24.410629  198
24.431084  297
24.502476  210
24.515331  231
24.543121  314
24.555323  264
24.575015  268
24.583845  314
24.586137  271
24.596420  317
24.652175  276
24.730585  202
24.750517  293
24.768097  199
24.813612  242
24.831272  197
24.842214  200
24.864034  282
24.909103  288
24.950843  281
24.976258  288
25.069984  305
25.079493  315
25.090954  291
25.095339  206
25.113711  191
25.125867  228
25.141313  184
25.178585  203
25.245830  292
25.276318  245
25.291785  242
25.321291  316
25.352984  292
25.406164  294
25.410729  313
25.422331  299
25.439831  304
25.445949  197
25.470865  197
25.500186  288
25.508796  199
25.530928  187
25.535532  231
25.541190  222
25.543123  270
25.564887  289
25.573897  178
25.593809  287
25.601839  284
25.603832  218
25.621830  278
25.641862  262
25.679987  168
25.702479  276
25.704591  262
25.712801  168
25.716786  260
25.755490  217
25.758122  166
25.790218  173
25.798668  172
25.817401  166
25.824478  213
25.829063  260
25.857025  274
25.859677  165
25.866254  212
25.882934  272
25.907791  269
25.924739  258
25.955972  158
25.971438  255
25.973690  244
25.979928  149
25.982520  241
26.002091  239
26.007035  148
26.019850  188
26.022202  142
26.028200  144
26.035591  142
26.057962  238
26.080766  142
26.085131  185
26.162567  191
26.166732  199
26.177755  257
26.249233  239
26.255991  145
26.257764  241
26.272152  146
26.287738  158
26.305559  157
26.326310  243
26.328063  155
26.352505  146
26.355436  194
26.363192  150
26.377900  150
26.430897  195
26.445365  259
26.449770  259
26.475280  197
26.479425  244
26.502509  151
26.515684  255
26.520569  244
26.528639  242
26.562019  147
26.568816  145
26.574694  191
26.595819  238
26.614258  148
26.634924  189
26.637636  145
26.723849  194
26.725422  259
26.729687  264
26.752974  200
26.757498  243
26.787114  150
26.815435  250
26.824165  151
26.837340  156
26.848202  196
26.865962  154
26.872939  247
26.877284  150
26.883741  149
26.892331  242
26.896476  145
26.901081  192
26.905086  144
26.909611  191
26.913716  186
26.918361  143
26.922526  241
26.946164  249
26.953441  247
26.995218  186
27.055476  149
27.076099  256
27.090180  242
27.107760  242
27.143687  154
27.148452  155
27.157402  157
27.161987  158
27.170417  247
27.178608  148
27.188077  191
27.192782  198
27.197387  152
27.201752  250
27.223997  256
27.232707  258
27.264903  200
27.273033  262
27.285708  261
27.289813  248
27.302508  244
27.306693  195
27.332750  145
27.336775  239
27.340061  250
27.351822  138
27.356127  230
27.382557  138
27.391707  180
27.408588  139
27.417817  139
27.422422  140
27.431272  137
27.435317  135
27.463706  230
27.494220  248
27.526775  183
27.534052  184
27.551052  184
27.571485  235
27.582367  188
27.610950  250
27.621792  140
27.626097  241
27.630562  141
27.634387  240
27.643737  148
27.652047  138
27.660817  189
27.673132  148
27.677197  238
27.700635  143
27.726665  144
27.756940  253
27.776701  254
27.803131  190
27.805144  256
27.811562  193
27.829229  260
27.830882  194
27.850134  240
27.859284  195
27.875358  148
27.881596  244
27.883789  258
27.905893  148
27.910338  245
27.925626  154
27.954528  158
27.960846  248
27.973721  161
27.982031  151
27.986116  153
27.994686  254
28.005628  199
28.009593  156
28.065906  155
28.084093  199
28.098808  261
28.124579  254
28.135368  253
28.166392  161
28.179267  261
28.230034  203
28.239364  162
28.243709  254
28.259476  163
28.271992  157
28.274164  203
28.282735  203
28.362044  161
28.372107  268
28.375373  203
28.379458  265
28.387908  265
28.392093  264
28.399344  197
28.405848  252
28.413718  250
28.439907  153
28.446365  246
28.450710  258
28.465917  152
28.496452  154
28.504602  196
28.516937  246
28.520962  152
28.524588  152
28.534317  151
28.544300  151
28.548505  192
28.553868  244
28.566363  150
28.573954  242
28.602776  257
28.642213  256
28.646658  192
28.672368  192
28.676673  242
28.692160  191
28.708441  149
28.722095  258
28.768545  243
28.790010  156
28.794395  245
28.805517  156
28.807270  150
28.824670  151
28.838065  248
28.846715  199
28.852214  249
28.880756  258
28.904833  154
28.920020  158
28.926238  206
28.944025  265
28.951765  271
28.958742  272
28.967332  207
28.971197  250
28.987817  210
29.013387  277
29.042882  265
29.046668  160
29.057270  173
29.070865  159
29.077083  216
29.083520  173
29.089498  171
29.100920  161
29.113895  163
29.115488  171
29.124018  166
29.126410  215
29.138706  260
29.198636  169
29.218768  167
29.221100  273
29.229330  270
29.247693  270
29.254270  216
29.258315  257
29.292641  166
29.296407  224
29.361436  265
29.372158  215
29.378715  175
29.389817  173
29.401279  172
29.416287  169
29.425537  266
29.432194  263
29.489119  277
29.517902  170
29.523720  278
29.534502  279
29.538787  217
29.556367  285
29.578819  220
29.589202  222
29.610847  277
29.646200  266
29.663459  172
29.667624  178
29.673562  173
29.680586  228
29.682719  183
29.706057  183
29.714894  178
29.723324  220
29.727589  182
29.731674  268
29.749293  182
29.795868  182
29.819649  181
29.824873  284
29.866019  275
29.894640  221
29.928620  292
29.930213  229
29.968878  280
29.974976  185
29.991170  185
29.999460  191
30.008530  191
30.022898  192
30.031448  188
30.035853  183
30.048748  282
30.059091  187
30.119447  295
30.139179  295
30.141012  188
30.153694  230
30.158413  293
30.172860  280
30.184022  233
30.216190  236
30.258447  296
30.292157  283
30.309357  192
30.310990  236
30.318027  195
30.323585  193
30.352870  193
30.370269  284
30.391874  238
30.414821  193
30.433934  194
30.459784  301
30.466621  195
30.476864  303
30.514321  238
30.530661  289
30.549701  243
30.570446  290
30.574711  303
30.582961  249
30.591491  314
30.596076  298
30.611604  195
30.616149  297
30.636821  248
30.641506  207
30.645691  208
30.667496  208
30.673933  200
30.675946  296
30.680111  206
30.684816  204
30.688881  246
30.736296  202
30.758781  313
30.767711  312
30.789196  311
30.801691  309
30.803284  246
30.828734  296
30.833019  308
30.837164  246
30.863774  244
30.872704  244
30.881014  201
30.939931  296
30.952846  203
30.970106  204
30.990118  203
30.992131  199
30.998668  296
31.003013  199
31.012956  198
31.017681  295
31.047076  245
31.081496  307
31.116336  199
31.124486  305
31.126499  243
31.227533  295
31.247285  246
31.249278  308
31.272335  297
31.293521  253
31.297945  209
31.315004  210
31.323814  212
31.332164  303
31.334117  199
31.353429  208
31.371069  303
31.380298  254
31.421963  209
31.427981  314
31.447393  315
31.464893  318
31.493715  318
31.504298  319
31.531487  255
31.544682  212
31.574197  316
31.578482  252
31.584200  313
31.585813  301
31.606238  210
31.622285  209
31.652600  210
31.658438  214
31.660191  209
31.673266  213
31.712171  303
31.745558  211
31.759313  212
31.789588  212
31.798618  256
31.803422  319
31.825187  306
31.832105  320
31.840255  320
31.880419  260
31.893274  307
31.907642  308
31.923509  260
31.946007  312
31.968240  262
31.981894  216
31.989045  222
31.998434  224
32.002479  223
32.015594  215
32.033494  218
32.071679  218
32.105040  326
32.168522  313
32.172287  325
32.180737  325
32.185082  263
32.216370  262
32.223307  221
32.272475  313
32.304402  218
32.308807  220
32.347992  222
32.365012  264
32.366825  222
32.373742  315
32.418372  220
32.437485  222
32.450060  224
32.457165  327
32.495710  333
32.517534  316
32.534234  265
32.568814  267
32.587767  272
32.592112  317
32.598110  319
32.612957  334
32.617502  271
32.622227  333
32.624420  320
32.658100  226
32.679545  230
32.686282  232
32.707487  226
32.714164  228
32.751176  322
32.791693  227
32.827161  333
32.841089  272
32.925415  231
32.965612  334
32.970157  273
32.974682  335
32.979427  324
33.021258  325
33.044436  231
33.057171  322
33.061376  227
33.074678  274
33.086354  229
33.115076  275
33.147883  232
33.188640  232
33.198543  277
33.202568  339
33.230751  339
33.250623  278
33.280638  279
33.284683  234
33.308330  328
33.316760  330
33.329595  341
33.334080  281
33.337985  343
33.342790  333
33.369633  234
33.378483  234
33.382908  334
33.395923  239
33.409898  241
33.427558  334
33.436448  240
33.440353  284
33.453668  235
33.471367  333
33.475752  282
33.518942  344
33.521055  237
33.527452  347
33.602509  347
33.608786  348
33.665072  284
33.693394  348
33.707562  336
33.765259  243
33.790189  237
33.794474  335
33.842376  285
33.888586  241
33.916669  349
33.929784  242
33.941460  352
33.971655  352
34.014432  289
34.034977  290
34.044860  336
34.051837  339
34.071170  352
34.078247  341
34.145123  251
34.151180  252
34.154506  256
34.158671  245
34.162876  341
34.170173  246
34.172306  254
34.193970  249
34.218067  290
34.232355  250
34.257685  252
34.261191  245
34.314353  292
34.325795  356
34.343555  354
34.356790  292
34.422485  346
34.443310  292
34.450901  345
34.490878  345
34.493011  291
34.509121  253
34.518050  251
34.547425  343
34.552753  251
34.554326  247
34.574168  247
34.646218  257
34.647871  357
34.671668  358
34.711785  365
34.725120  366
34.738775  292
34.773755  300
34.792637  302
34.806835  350
34.814486  351
34.829179  304
34.833044  366
34.834837  354
34.868837  258
34.877827  356
34.895107  255
34.903897  262
34.908082  265
34.927395  305
34.951953  355
34.958930  259
34.989285  306
35.025145  260
35.028891  363
35.074639  260
35.118229  366
35.122034  306
35.146231  373
35.164644  265
35.176026  306
35.206741  355
35.221229  371
35.223282  358
35.251344  259
35.253117  260
35.259195  352
35.300985  262
35.309754  301
35.311447  349
35.327154  252
35.407644  364
35.435407  258
35.464702  260
35.505400  371
35.539427  372
35.550250  309
35.568190  310
35.586489  356
35.593580  360
35.602210  371
35.606375  367
35.608368  305
35.612073  356
35.639195  256
35.658535  264
35.686087  272
35.715529  275
35.765016  356
35.784829  262
35.856181  266
35.875154  310
35.888648  373
35.899251  374
35.909754  315
35.953024  277
35.991996  366
36.003059  378
36.009237  365
36.032894  268
36.034867  317
36.068927  315
36.076024  276
36.080329  274
36.088719  271
36.123679  270
36.140379  315
36.159850  366
36.204200  380
36.234835  271
36.246851  375
36.253947  270
36.342188  318
36.351158  272
36.362041  320
36.379620  367
36.388490  367
36.394468  380
36.409895  369
36.435465  319
36.475130  274
36.479495  279
36.488105  278
36.523045  273
36.524798  370
36.584575  274
36.649483  382
36.674100  280
36.684063  320
36.700010  386
36.729453  323
36.766825  278
36.784305  327
36.795168  375
36.800786  390
36.849320  328
36.865760  379
36.869845  279
36.874250  329
36.882760  280
36.886845  287
36.894815  286
36.925590  280
36.929815  282
36.934280  379
36.939758  285
36.958391  329
36.983501  326
36.988265  278
37.016595  390
37.041505  390
37.121227  379
37.167537  391
37.193707  326
37.211340  391
37.215445  392
37.250545  282
37.276235  381
37.286238  331
37.299333  290
37.314280  382
37.326975  289
37.340690  287
37.344495  382
37.397508  332
37.429465  392
37.451710  287
37.460280  288
37.525535  397
37.544328  399
37.565053  333
37.579500  336
37.583945  401
37.607702  336
37.622290  382
37.626495  399
37.652565  387
37.665120  291
37.673210  336
37.697556  290
37.710311  291
37.718701  292
37.723426  297
37.735342  291
37.748036  297
37.758459  386
37.814710  292
37.865071  290
37.869875  399
37.887236  394
37.902363  284
37.925260  335
37.952763  386
37.978053  335
38.009615  295
38.044895  394
38.114955  392
38.128310  338
38.150455  299
38.169356  302
38.180878  392
38.195546  305
38.199631  296
38.216851  340
38.243161  298
38.247666  345
38.271523  403
38.294121  305
38.302871  303
38.316565  405
38.327801  301
38.359115  406
38.382033  408
38.415313  345
38.436478  305
38.458263  347
38.480348  394
38.482301  409
38.508984  398
38.528745  348
38.550610  401
38.573055  307
38.578973  399
38.585750  307
38.594480  305
38.605203  397
38.629500  301
38.651845  346
38.653998  396
38.700773  408
38.728815  303
38.812068  412
38.859163  347
38.867573  414
38.893603  355
38.917128  415
38.952661  404
38.991233  411
38.995458  305
39.000283  357
39.020316  314
39.026494  319
39.040168  303
39.053403  307
39.066838  320
39.071023  316
39.120399  360
39.144476  419
39.175171  318
39.185614  425
39.194064  425
39.204834  320
39.222987  358
39.230338  423
39.264497  412
39.355062  413
39.366908  424
39.409744  322
39.427104  366
39.439519  415
39.457879  321
39.466909  416
39.471234  325
39.474820  327
39.497544  419
39.519768  325
39.545598  417
39.558613  323
39.567343  367
39.591528  425
39.621403  322
39.631153  426
39.647354  320
39.665113  363
39.675456  427
39.756118  424
39.764548  323
39.798417  415
39.845233  415
39.851630  319
39.875431  364
39.927897  324
39.932302  327
39.944798  328
39.998100  420
40.011455  325
40.018093  370
40.071452  325
40.087287  426
40.104367  330
40.119614  371
40.135302  438
40.165977  440
40.205942  373
40.216684  440
40.244834  377
40.263414  422
40.275829  425
40.284439  443
40.308537  431
40.320272  332
40.338919  380
40.354187  434
40.358332  328
40.382297  343
40.395052  343
40.399257  332
40.401250  343
40.407967  341
40.416517  334
40.431252  339
40.456242  383
40.460627  435
40.473302  338
40.481560  383
40.510222  339
40.587311  383
40.598481  341
40.689046  340
40.722446  430
40.730896  339
40.743351  339
40.786511  338
40.802618  383
40.847228  432
40.855898  341
40.860083  339
40.864168  337
40.870466  430
40.890462  337
40.898352  338
40.923155  337
40.945852  381
40.967478  338
41.035166  340
41.091111  339
41.135894  343
41.142371  342
41.177694  347
41.207096  341
41.243646  342
41.284084  345
41.292334  347
41.308794  343
41.318837  346
41.323801  345
41.332091  341
41.335777  344
41.340941  346
41.358560  343
41.366291  345
41.382477  348
41.384070  340
41.401290  342
41.465985  335
41.474855  342
41.513848  345
41.605905  342
41.619200  345
41.639052  340
41.647822  333
41.653680  335
41.714971  331
41.735976  328
41.753643  339
41.796861  344
41.811669  344
41.836946  347
41.872428  344
41.891841  340
41.932345  342
41.957385  338
41.985442  347
41.998217  350
42.019696  345
42.021349  337
42.056868  343
42.089796  349
42.114766  339
42.125609  336
42.161449  334
42.165394  328
42.207573  328
42.227547  328
42.239363  329
42.295762  332
42.343144  331
42.347269  344
42.422540  345
42.438920  347
42.477265  370
42.489900  351
42.511353  361
42.541927  363
42.557115  359
42.572783  338
42.584285  331
42.586358  360
42.595128  358
42.610856  343
42.648567  354
42.680305  354
42.704342  339
42.709660  358
42.728159  356
42.753250  358
42.790298  358
42.833088  358
42.877892  366
42.944567  359
42.967665  367
42.974322  364
42.999440  359
43.044222  365
43.069872  365
43.081215  364
43.092037  360
43.101207  360
43.136007  360
43.164629  363
43.188326  359
43.199928  364
43.234368  365
43.242998  367
43.247023  362
43.263543  367
43.280823  362
43.296364  364
43.321281  363
43.360486  367
43.392863  362
43.409843  359
43.443543  359
43.452273  367
43.456398  361
43.478643  359
43.482928  360
43.508838  361
43.527078  358
43.530824  361
43.543103  363
43.560422  359
43.581926  357
43.613933  354
43.660369  361
43.667745  359
43.690683  355
43.703658  355
43.729908  362
43.754466  362
43.808448  355
43.834218  362
43.849965  369
43.884625  361
43.888730  359
43.921432  361
43.933767  364
43.947655  365
43.965114  366
44.002927  372
44.020867  373
44.043466  365
44.048150  374
44.051736  366
44.081427  365
44.158639  367
44.184869  373
44.193239  374
44.210166  374
44.216044  378
44.225253  382
44.233183  382
44.244585  370
44.246498  365
44.257141  364
44.344487  376
44.355050  385
44.413868  378
44.429416  368
44.444503  382
44.453593  385
44.456879  386
44.480995  387
44.489405  380
44.514545  389
44.556955  385
44.561480  390
44.580133  382
44.620511  379
44.647563  381
44.651428  381
44.687130  379
44.735003  381
44.749551  381
44.767984  377
44.783771  375
44.804604  379
44.815546  370
44.839024  378
44.844962  374
44.874403  378
44.896248  375
44.987334  378
45.042035  376
45.057322  379
45.063540  380
45.068105  379
45.123710  374
45.157150  378
45.158863  379
45.167213  379
45.186765  377
45.193043  375
45.207671  371
45.219053  376
45.272928  376
45.290368  380
45.323015  385
45.329043  380
45.347685  386
45.352609  391
45.379652  381
45.396912  377
45.445154  382
45.477616  383
45.559817  389
45.574085  382
45.579973  395
45.599051  390
45.607921  379
45.659780  385
45.672315  391
45.673968  382
45.684650  384
45.701910  391
45.718430  390
45.734890  391
45.742980  390
45.765705  388
45.769890  385
45.782505  382
45.809173  381
45.818423  388
45.833310  394
45.835143  381
45.845965  392
45.889307  381
45.895025  374
45.901882  378
45.980111  384
46.005501  385
46.073125  379
46.084267  384
46.105817  384
46.185147  388
46.225458  389
46.250648  392
46.282105  393
46.290939  378
46.323690  387
46.332315  390
46.345210  386
46.351013  390
46.396577  389
46.401656  387
46.406569  393
46.469401  387
46.504651  393
46.518305  391
46.540057  392
46.617072  390
46.668503  391
46.715273  394
46.723603  389
46.741681  392
46.752822  393
46.801044  397
46.810093  392
46.833794  384
46.840551  388
46.850599  389
46.856222  382
46.865231  389
46.886001  373
46.898628  372
46.909697  367
46.955486  366
46.971517  366
46.978873  365
47.006699  363
47.090995  368
47.092908  366
47.108335  365
47.150304  354
47.172971  354
47.182084  357
47.243098  356
47.247123  353
47.305070  343
47.309200  344
47.321820  342
47.338073  319
47.349154  307
47.409595  299
47.433689  298
47.443497  296
47.473656  273
47.481786  268
47.487944  268
47.493462  269
47.546430  275
47.627571  272
47.638772  280
47.647431  281
47.654687  283
47.670553  285
47.687657  285
47.725650  290
47.790226  270
47.807025  277
47.831387  276
47.868687  275
47.877757  273
47.881602  272
47.910958  273
47.943014  271
47.949651  267
47.974650  271
47.980073  272
48.056698  282
48.089049  282
48.118133  277
48.199959  275
48.207295  274
48.212678  258
48.219135  254
48.234281  246
48.242851  245
48.244564  243
48.257119  243
48.300162  234
48.305301  232
48.318021  221
48.322766  210
48.326971  213
48.331216  206
48.335461  201
48.343831  185
48.347756  183
48.356546  184
48.360511  181
48.364736  171
48.378889  170
48.389951  151
48.394136  144
48.402906  138
48.407431  144
48.413309  132
48.415042  139
48.419667  125
48.434341  114
48.447236  111
48.451701  113
48.457419  104
48.467761  103
48.485801  106
48.505014  100
48.509459  85
48.514264  82
48.527746  88
48.531491  88
48.533324  87
48.572216  89
48.576501  89
48.611700  101
48.617818  94
48.624495  101
48.628700  99
48.633265  94
48.664006  89
48.672696  95
48.685411  92
48.694061  94
48.701891  89
48.718631  93
48.731846  84
48.736131  89
48.740036  91
48.744201  91
48.782966  90
48.818545  90
48.822650  97
48.833872  93
48.883480  94
48.887305  93
48.956172  95
48.958345  94
48.967175  92
48.979431  96
48.987361  96
48.991706  97
49.001394  103
49.049889  98
49.068622  100
49.070395  94
49.080842  101
49.095690  97
49.107092  103
49.126685  103
49.141532  109
49.156600  109
49.165650  104
49.167583  96
49.173441  97
49.194286  97
49.198411  106
49.206701  102
49.229025  106
49.237775  110
49.260459  113
49.272015  115
49.275781  106
49.294010  107
49.296302  115
49.303119  116
49.320239  118
49.356279  123
49.362737  115
49.380017  125
49.412584  103
49.416030  119
49.420375  119
49.431871  122
49.436535  123
49.441300  123
49.445445  122
49.455448  118
49.478151  124
49.514563  125
49.526898  124
49.534015  130
49.547230  129
49.551855  128
49.558433  127
49.572291  130
49.611788  128
49.624903  124
49.631101  130
49.655878  131
49.660323  124
49.669836  123
49.680379  125
49.701323  134
49.707281  129
49.711826  135
49.724422  132
49.744254  136
49.755296  145
49.761414  142
49.800925  132
49.831189  146
49.835354  134
49.839759  134
49.852434  134
49.860904  158
49.877804  136
49.886554  152
49.901801  146
49.908559  151
49.934868  155
49.936621  147
49.943258  138
49.945251  156
49.949296  143
49.964063  155
49.970580  149
49.976738  148
49.981483  148
49.985948  147
49.990493  145
50.013150  145
50.021600  144
50.047330  142
50.049223  146
50.087089  139
50.101736  140
50.114631  140
50.133163  146
50.191408  142
50.198759  142
50.234232  140
50.242902  141
50.247187  139
50.256217  145
50.262962  148
50.322612  151
50.376584  146
50.395957  149
50.409291  159
50.417461  163
50.427984  151
50.446397  159
50.455726  153
50.464396  155
50.466009  159
50.470374  151
50.481317  148
50.485402  162
50.489587  150
50.494451  163
50.500449  159
50.523537  155
50.542036  154
50.550266  155
50.572151  151
50.625327  163
50.647780  155
50.656870  157
50.665560  66
50.706778  164
50.738106  67
50.751041  157
50.776217  155
50.782695  70
50.804800  164
50.816317  165
50.828497  164
50.834115  162
50.850515  166
50.855354  164
50.868775  168
50.944683  166
50.953752  170
50.958137  75
50.982275  173
51.002168  176
51.034675  75
51.047450  167
51.066643  81
51.086474  81
51.111564  81
51.133433  174
51.135286  95
51.158229  88
51.162634  102
51.170932  167
51.199733  102
51.205711  186
51.235886  178
51.237859  188
51.239732  177
51.248642  190
51.252927  183
51.268013  189
51.280469  203
51.303367  118
51.311817  209
51.316362  115
51.325352  208
51.344684  114
51.350682  114
51.354947  110
51.361924  187
51.374459  204
51.398356  120
51.404853  200
51.410831  108
51.436761  115
51.448343  120
51.463834  207
51.471430  119
51.511908  122
51.531661  130
51.533234  127
51.544296  133
51.563049  219
51.569686  141
51.595326  205
51.621316  215
51.634451  132
51.638896  145
51.656956  131
51.659668  111
51.674696  137
51.679221  137
51.687191  146
51.700186  152
51.709769  152
51.718019  219
51.731273  149
51.735418  149
51.768798  234
51.773143  149
51.781913  145
51.784425  148
51.801386  139
51.805491  228
51.809896  138
51.813362  137
51.824872  145
51.844665  138
51.883069  136
51.886255  134
51.939694  140
51.942206  137
51.944399  129
51.959561  134
51.976849  135
51.981154  124
51.997122  129
52.044996  130
52.070726  133
52.079356  131
52.101995  134
52.116602  134
52.121187  132
52.134142  124
52.138427  117
52.142252  120
52.151642  123
52.169675  116
52.186275  109
52.191060  114
52.204775  109
52.232605  114
52.255882  112
52.261960  102
52.266365  111
52.274495  111
52.297912  109
52.299825  102
52.319546  100
52.328356  105
52.371786  105
52.418571  105
52.442688  108
52.455084  107
52.470411  114
52.487271  110
52.502439  106
52.508816  108
52.546861  107
52.555791  106
52.578036  105
52.602093  115
52.629222  106
52.683515  106
52.694437  106
52.704460  105
52.712710  112
52.716855  104
52.721300  106
52.725465  110
52.731443  102
52.749242  111
52.771467  106
52.867037  111
52.875267  109
52.920436  112
52.929046  112
52.947086  109
52.979753  113
52.994341  109
53.017298  120
53.021463  118
53.024015  118
53.042728  117
53.053811  118
53.073131  116
53.084013  119
53.099161  110
53.110043  122
53.114568  120
53.122858  124
53.128716  124
53.162242  126
53.174004  127
53.205772  130
53.242785  128
53.257572  129
53.277192  118
53.287534  125
53.289687  120
53.305094  130
53.318109  117
53.373274  122
53.379512  130
53.382164  124
53.386429  119
53.396612  123
53.418557  130
53.443747  125
53.458635  129
53.505910  126
53.516593  127
53.527255  129
53.586245  130
53.600393  129
53.624637  126
53.642770  120
53.647095  128
53.696452  125
53.722942  126
53.760595  130
53.810201  133
53.837703  131
53.848805  133
53.854963  135
53.922264  138
53.926569  120
53.939704  140
53.951345  140
53.964300  126
53.970318  133
53.978788  128
53.987338  130
53.999973  126
54.004338  129
54.012968  137
54.033160  125
54.047748  128
54.060723  140
54.079325  127
54.096905  133
54.098798  134
54.124508  133
54.215296  136
54.230303  136
54.254621  140
54.258986  145
54.293841  134
54.295754  131
54.300339  147
54.323924  148
54.328169  145
54.338931  132
54.355119  140
54.374091  144
54.379650  134
54.385433  148
54.403816  145
54.410813  150
54.419423  149
54.424427  154
54.432145  156
54.438003  159
54.444440  156
54.468258  158
54.469891  151
54.481193  163
54.517173  146
54.524190  154
54.535092  148
54.571014  161
54.581936  161
54.585981  163
54.605053  165
54.627971  166
54.647864  157
54.665883  164
54.670668  164
54.705887  164
54.709633  154
54.724840  161
54.731837  160
54.741540  154
54.745505  155
54.754055  157
54.768703  154
54.772908  151
54.777353  146
54.794113  154
54.795846  146
54.828632  153
54.837462  154
54.859187  151
54.878220  149
54.882365  151
54.990266  152
55.005353  154
55.037081  153
55.046531  159
55.074061  152
55.078166  158
55.084224  159
55.113486  157
55.125082  148
55.129966  159
55.135984  160
55.145074  160
55.169471  162
55.175649  164
55.187011  164
55.191136  160
55.205983  166
55.216766  163
55.263038  159
55.277091  162
55.292391  171
55.322615  167
55.328693  172
55.337463  168
55.350338  170
55.372243  171
55.388724  171
55.414221  161
55.446308  174
55.455138  165
55.459383  174
55.463428  163
55.467853  168
55.505039  162
55.517081  169
55.525850  164
55.547869  166
55.563576  165
55.568201  159
55.576171  168
55.669726  171
55.694442  163
55.708830  162
55.792661  165
55.798479  170
55.842789  163
55.853591  163
55.862481  165
55.883966  165
55.901106  166
55.931261  167
55.965069  167
55.971127  172
55.980296  170
56.022433  165
56.031583  166
56.040233  173
56.044458  171
56.057033  175
56.079898  175
56.083983  175
56.107580  173
56.129106  173
56.177234  168
56.182198  166
56.201650  176
56.225708  169
56.230493  176
56.246693  176
56.274856  169
56.288138  177
56.311775  170
56.324271  170
56.329035  173
56.337405  172
56.344776  173
56.353725  173
56.380255  180
56.390205  180
56.420420  174
56.433435  176
56.468615  179
56.475453  180
56.488862  179
56.520255  179
56.532810  181
56.539388  177
56.566158  173
56.578573  173
56.580146  180
56.593540  182
56.608028  181
56.615878  177
56.619284  182
56.654003  176
56.678774  181
56.687863  173
56.706316  182
56.726761  175
56.743601  174
56.745234  181
56.769151  181
56.816707  180
56.820992  178
56.839092  181
56.855472  180
56.863942  179
56.886187  176
56.953927  172
56.955940  172
56.962338  169
56.972960  180
56.983003  178
56.993332  180
57.052867  171
57.112251  172
57.120002  176
57.134060  182
57.141256  182
57.165813  180
57.174443  188
57.199981  177
57.212477  181
57.216982  179
57.259039  182
57.267109  188
57.278671  186
57.323194  189
57.330412  192
57.359114  177
57.363559  183
57.367864  178
57.381426  191
57.389976  194
57.412181  193
57.427821  189
57.436091  192
57.459676  190
57.464161  195
57.495176  188
57.504006  194
57.508311  199
57.523798  193
57.527803  194
57.536993  194
57.553373  193
57.557818  197
57.575038  199
57.614643  192
57.618828  191
57.631403  198
57.665463  196
57.735036  192
57.760066  188
57.764271  187
57.768516  187
57.781191  193
57.794546  193
57.839056  192
57.865706  187
57.929398  188
57.931570  188
57.959332  191
57.965570  193
57.972227  197
57.984822  197
57.995785  198
58.051413  196
58.063968  200
58.081868  198
58.093544  199
58.098228  202
58.106798  203
58.128203  202
58.145423  208
58.178644  196
58.183248  189
58.209179  207
58.220101  202
58.232577  209
58.242426  190
58.246511  199
58.263191  197
58.276366  201
58.280631  201
58.289061  199
58.319876  200
58.328186  200
58.334224  208
58.348326  199
58.367859  199
58.376789  204
58.447661  203
58.451686  206
58.479711  210
58.516543  207
58.564118  210
58.666885  206
58.671410  211
58.675915  208
58.684445  202
58.744583  207
58.755413  208
58.759698  212
58.774646  209
58.791526  210
58.804785  211
58.846370  219
58.873533  209
58.877918  212
58.894026  214
58.911326  220
58.926413  215
58.942813  214
58.956088  216
58.995253  217
59.021756  210
59.027901  211
59.040583  211
59.048693  221
59.091451  212
59.109430  216
59.115368  211
59.128423  215
59.132908  215
59.155455  219
59.171775  214
59.184950  219
59.199348  211
59.208857  213
59.226377  213
59.239572  208
59.243697  217
59.293563  215
59.323979  216
59.392945  218
59.409345  218
59.482838  218
59.495893  222
59.529933  216
59.534058  222
59.543468  220
59.587778  224
59.613848  219
59.618513  224
59.630948  218
59.639118  217
59.710065  228
59.741086  223
59.745251  223
59.770902  229
59.790114  225
59.805481  226
59.810106  221
59.893753  219
59.921856  228
59.941348  227
59.962134  219
59.967098  225
59.976188  223
59.984458  220
59.992808  218
