# t(s) QueuingDelay(ms)
10.138026  0
10.155518  0
10.181861  3
10.202521  4
10.224371  1
10.228136  5
10.230009  13
10.234134  25
10.245292  7
10.269079  10
10.286059  17
10.297002  28
10.299594  33
10.305811  56
10.310516  55
10.335586  30
10.368053  33
10.428070  45
10.440405  67
10.446354  2
10.460742  12
10.465267  62
10.469752  119
10.474417  17
10.483866  80
10.485439  139
10.491137  25
10.505765  109
10.514894  157
10.527450  116
10.548535  150
10.559197  30
10.561030  162
10.567487  161
10.586919  55
10.602586  171
10.614133  183
10.624536  68
10.632786  183
10.636691  189
10.651388  208
10.655940  213
10.670468  215
10.678458  84
10.684816  230
10.687248  226
10.701441  204
10.712284  240
10.721967  111
10.730317  246
10.747006  116
10.749019  250
10.758009  144
10.770364  269
10.784603  281
10.797798  175
10.799431  287
10.817537  301
10.824748  217
10.842268  304
10.846393  263
10.850678  201
10.865656  278
10.867529  205
10.871974  307
10.882957  283
10.884610  203
10.895954  298
10.905266  316
10.914136  306
10.925678  311
10.934588  318
10.947923  344
10.966976  320
10.971521  355
10.979721  206
11.000047  371
11.015234  373
11.027889  380
11.040684  402
11.056111  410
11.068986  3
11.080088  331
11.089691  362
11.099260  391
11.101732  220
11.118206  242
11.130981  254
11.135665  398
11.159663  256
11.180309  264
11.200305  427
11.206403  265
11.213220  420
11.217026  273
11.224103  417
11.238836  288
11.244854  301
11.275097  308
11.287378  307
11.293676  304
11.295828  11
11.303610  20
11.313932  48
11.316105  302
11.326148  65
11.352858  64
11.369112  303
11.377302  308
11.395861  304
11.397754  300
11.405510  321
11.409396  296
11.422410  294
11.435970  282
11.476574  305
11.482072  284
11.527173  286
11.548058  288
11.576015  307
11.580959  338
11.584884  344
11.589169  315
11.632905  319
11.641235  25
11.668065  325
11.674602  336
11.686758  340
11.693575  80
11.701126  346
11.702779  84
11.718985  138
11.720718  324
11.735276  326
11.748330  143
11.762719  151
11.775893  387
11.780098  157
11.795326  155
11.807348  34
11.815938  142
11.823055  395
11.827840  405
11.833429  41
11.835222  406
11.916382  54
11.945586  354
11.952324  11
11.974948  72
11.976781  359
11.988188  362
11.993013  389
11.996958  385
12.001023  378
12.005368  372
12.020275  139
12.044192  77
12.054715  346
12.067890  355
12.076600  355
12.091168  8
12.118662  357
12.124600  358
12.142199  156
12.146304  26
12.153861  409
12.176925  164
12.196677  171
12.219721  173
12.246524  195
12.261338  208
12.265423  410
12.272765  218
12.286139  234
12.290444  425
12.296522  243
12.299174  434
12.308997  245
12.313502  448
12.336601  20
12.341685  34
12.371886  49
12.374478  253
12.419327  364
12.421500  98
12.442576  78
12.455830  117
12.474083  35
12.494015  137
12.503678  142
12.517387  133
12.531182  141
12.554280  200
12.558066  468
12.569921  228
12.572573  545
12.574766  22
12.596611  228
12.603189  256
12.608807  546
12.617117  557
12.622815  37
12.636976  263
12.650335  81
12.658845  14
12.667103  173
12.677411  365
12.681256  191
12.710047  458
12.717498  267
12.730612  258
12.733024  201
12.743317  298
12.747582  557
12.767313  324
12.784498  154
12.793268  452
12.799625  367
12.807956  454
12.857069  370
12.869492  459
12.891176  30
12.896874  619
12.904645  383
12.984396  623
13.002495  385
13.032110  193
13.043253  570
13.047519  37
13.076625  198
13.108333  256
13.114990  324
13.117402  41
13.126212  44
13.138627  289
13.149969  84
13.185097  326
13.199730  318
13.203496  585
13.223041  330
13.234222  334
13.237588  347
13.254258  589
13.263367  211
13.272356  42
13.287304  653
13.293761  656
13.299739  406
13.304025  666
13.308110  42
13.310822  356
13.327782  217
13.338904  72
13.344290  229
13.351309  563
13.362685  292
13.367050  120
13.379985  570
13.391207  364
13.432559  305
13.450836  426
13.460689  648
13.490255  649
13.496033  1
13.511560  656
13.568539  642
13.582867  439
13.641495  1
13.658696  452
13.669485  391
13.690171  531
13.729634  554
13.773304  191
13.827038  209
13.831782  334
13.851022  72
13.865016  12
13.916504  251
13.940860  337
13.952262  670
13.958200  565
13.968963  261
14.008079  350
14.010052  268
14.043150  614
14.045742  126
14.049568  357
14.080350  372
14.103154  405
14.111045  663
14.128864  616
14.137614  468
14.139627  480
14.141460  128
14.147737  664
14.155408  141
14.187841  473
14.211239  479
14.222261  717
14.243308  170
14.250765  353
14.255350  471
14.262546  672
14.276754  665
14.312628  15
14.322072  369
14.327655  84
14.339671  705
14.359263  528
14.402682  34
14.447998  95
14.475940  40
14.492167  154
14.536239  89
14.555273  162
14.585666  57
14.645859  311
14.667510  455
14.747757  597
14.750269  316
14.793260  682
14.858323  707
14.865280  343
14.878215  677
14.880008  408
14.914838  228
14.925940  758
14.959572  703
14.980103  730
14.996865  758
14.998818  707
15.019011  281
15.036711  438
15.047373  865
15.063544  865
15.075680  462
15.112514  294
15.136291  76
15.148887  497
15.162121  309
15.178622  728
15.184900  484
15.199847  310
15.225208  388
15.262534  574
15.279598  389
15.294210  773
15.332316  103
15.352742  177
15.363444  164
15.403408  151
15.429143  501
15.442143  189
15.484934  168
15.489139  226
15.533746  220
15.542356  564
15.552264  753
15.574562  352
15.621242  786
15.648255  865
15.654125  367
15.672365  873
15.694030  475
15.702040  582
15.734421  388
15.767027  622
15.771572  512
15.783622  563
15.803698  854
15.822311  885
15.842797  772
15.851107  898
15.875205  610
15.898562  477
15.915162  769
16.005676  896
16.127953  586
16.154292  949
16.160474  609
16.163186  206
16.206908  632
16.209340  401
16.226588  820
16.246259  682
16.252716  621
16.275488  614
16.291747  206
16.317875  629
16.346340  242
16.369660  284
16.374005  235
16.385226  680
16.432034  709
16.450436  294
16.466222  375
16.497797  260
16.572678  678
16.618146  399
16.620498  443
16.630780  497
16.638191  637
16.680638  492
16.690281  635
16.724288  314
16.752093  526
16.780917  680
16.796862  639
16.830750  692
16.842286  702
16.854350  601
16.870195  505
16.900332  709
16.946109  711
16.984102  765
17.000370  629
17.024530  796
17.028100  964
17.047617  803
17.054274  973
17.066434  631
17.074409  618
17.106393  805
17.120246  507
17.135372  819
17.142049  539
17.170929  1029
17.178085  827
17.180996  636
17.211937  618
17.215048  627
17.222404  633
17.238554  620
17.255278  681
17.262274  296
17.293831  752
17.303121  442
17.315146  633
17.317518  441
17.319790  635
17.322222  633
17.324594  438
17.337828  296
17.352280  835
17.356605  316
17.379088  441
17.400201  313
17.413575  640
17.415827  396
17.425324  309
17.436506  684
17.440631  620
17.463441  689
17.467286  393
17.469538  622
17.472824  310
17.474397  632
17.477528  307
17.480479  630
17.493717  393
17.513618  394
17.523062  330
17.541199  329
17.548635  328
17.557269  697
17.563107  696
17.580966  309
17.584097  310
17.589745  395
17.592437  395
17.607827  334
17.614364  338
17.619308  338
17.621880  699
17.628002  337
17.638814  703
17.648275  400
17.650507  446
17.653179  400
17.655891  457
17.659541  463
17.664325  705
17.668619  640
17.672684  400
17.675775  575
17.678227  652
17.686796  574
17.689508  653
17.695496  573
17.705363  571
17.712994  571
17.724794  570
17.730761  659
17.740936  705
17.743348  659
17.754689  407
17.757341  664
17.760292  410
17.763818  668
17.776184  715
17.777777  715
17.788723  670
17.801302  573
17.804333  715
17.806086  718
17.808678  577
17.820299  575
17.823390  717
17.840218  672
17.843868  671
17.848832  668
17.852877  717
17.854470  717
17.874460  718
17.888097  718
17.892122  1027
17.901131  714
17.910939  574
17.937479  577
17.939971  581
17.944995  716
17.953924  715
17.958808  1023
17.961979  632
17.973460  635
17.980464  631
17.985468  1006
17.991071  681
17.999360  623
18.010541  620
18.012973  442
18.043561  637
18.046033  995
18.062363  995
18.064056  635
18.073005  635
18.077190  612
18.078983  677
18.091202  543
18.114776  538
18.116389  641
18.128589  636
18.130821  615
18.142901  678
18.150197  540
18.157712  540
18.171764  616
18.173597  617
18.175789  680
18.178241  0
18.180793  989
18.181452  988
18.183784  632
18.187549  682
18.189921  680
18.195564  984
18.198216  614
18.200768  606
18.203939  627
18.211794  280
18.216798  623
18.221902  622
18.231291  602
18.245004  281
18.249888  430
18.252899  672
18.266513  430
18.280765  429
18.290201  740
18.301242  431
18.320533  626
18.328947  283
18.334046  286
18.335639  674
18.338550  288
18.341641  433
18.344632  674
18.349531  432
18.355234  306
18.357886  889
18.359479  625
18.363089  306
18.372058  425
18.382500  270
18.394491  615
18.397203  419
18.402287  357
18.407890  293
18.412434  293
18.416124  659
18.422501  592
18.439006  353
18.440939  353
18.447660  273
18.462352  274
18.468410  596
18.474867  357
18.476480  356
18.478233  595
18.482158  356
18.484031  593
18.535998  297
18.543956  299
18.546308  275
18.553824  276
18.559347  660
18.569435  272
18.571048  293
18.573720  355
18.576272  354
18.578664  291
18.586479  658
18.593016  658
18.594769  354
18.604461  291
18.608786  417
18.616661  354
18.618494  352
18.621705  658
18.625255  347
18.629979  412
18.637915  411
18.640167  650
18.642819  404
18.647154  607
18.652877  511
18.655029  605
18.670321  510
18.674186  508
18.678411  507
18.707180  348
18.715450  510
18.736649  350
18.741003  351
18.743355  289
18.748846  607
18.760040  654
18.761653  288
18.766145  654
18.767858  608
18.772930  653
18.775442  512
18.795498  608
18.798724  512
18.804107  506
18.815795  653
18.818866  607
18.821498  649
18.824070  604
18.837191  651
18.847466  651
18.849199  653
18.856615  654
18.861559  656
18.874984  969
18.880842  654
18.883474  653
18.910420  650
18.913491  507
18.916003  648
18.924672  645
18.926425  644
18.928258  576
18.933901  574
18.937806  574
18.943808  573
18.949072  632
18.950965  561
18.965158  386
18.970807  629
18.981948  385
18.998852  584
19.007821  584
19.010353  580
19.028291  583
19.033415  562
19.037600  480
19.040232  555
19.043762  553
19.046374  571
19.053570  570
19.056002  568
19.057595  548
19.064272  564
19.066804  474
19.071988  472
19.075219  470
19.078445  543
19.080058  561
19.083129  466
19.087334  0
19.099373  465
19.104357  542
19.112771  558
19.117715  901
19.120147  531
19.124731  550
19.127243  530
19.129955  529
19.132387  208
19.137471  550
19.139643  208
19.142175  549
19.144567  208
19.154410  205
19.174266  358
19.175859  353
19.178174  205
19.182299  349
19.196092  348
19.199003  345
19.203448  657
19.205700  345
19.208392  524
19.213296  523
19.218500  198
19.221711  336
19.224103  331
19.225756  185
19.227449  328
19.229182  182
19.231454  181
19.233067  324
19.238510  322
19.241796  194
19.245466  835
19.258345  319
19.275415  180
19.280878  176
19.282471  318
19.285682  254
19.292106  192
19.295177  172
19.296910  192
19.301219  189
19.303631  254
19.308999  496
19.319306  568
19.347752  269
19.356961  271
19.364477  273
19.367089  190
19.371369  192
19.375454  271
19.388061  267
19.392845  259
19.415281  188
19.423117  187
19.425769  167
19.432146  166
19.445240  163
19.448910  185
19.450503  247
19.453055  247
19.461317  185
19.463889  181
19.469033  245
19.470606  181
19.472199  175
19.475370  300
19.478561  174
19.485637  240
19.490401  235
19.493093  296
19.494706  233
19.496339  294
19.507273  227
19.509825  391
19.512537  389
19.514989  388
19.519661  388
19.522133  385
19.539485  386
19.544469  385
19.546941  221
19.552599  216
19.555211  380
19.570602  205
19.572814  202
19.575106  139
19.579311  133
19.582422  129
19.584754  343
19.587426  343
19.588999  342
19.592170  338
19.631825  744
19.640184  281
19.646816  277
19.651340  276
19.653013  273
19.655605  271
19.676558  144
19.688446  140
19.754773  251
19.759952  232
19.761525  465
19.763737  231
19.765330  227
19.767083  225
19.769595  220
19.798571  660
19.801782  282
19.804948  291
19.841995  382
19.846939  58
19.853356  0
19.868821  568
19.894651  0
19.898436  0
19.911390  266
20.008766  0
20.026571  382
20.116349  297
20.118801  0
20.125897  0
20.165565  65
20.173895  0
20.189207  266
20.196044  263
20.228135  0
20.327349  285
20.383314  245
20.421686  284
20.742417  288
20.753998  300
20.824395  13
20.922897  89
20.928936  20
20.941051  374
20.971966  50
21.232495  92
21.286900  292
21.326897  337
21.359185  85
21.372459  86
21.397722  92
21.520837  119
21.547945  134
21.593109  75
21.699316  51
21.707925  99
21.718088  360
21.871542  499
21.919990  79
21.947022  74
22.012159  508
22.030252  519
22.038981  717
22.060446  481
22.096666  258
22.111373  354
22.160608  260
22.164933  534
22.174143  65
22.176775  269
22.220493  241
22.224937  59
22.295458  730
22.310385  110
22.316124  359
22.334133  303
22.338758  492
22.355826  181
22.379177  183
22.386134  361
22.397176  573
22.417641  433
22.445325  31
22.456886  87
22.560208  374
22.670933  532
22.677271  195
22.698216  681
22.712324  29
22.735796  194
22.742673  391
22.749030  598
22.750763  619
22.755367  58
22.778031  113
22.779824  408
22.792538  618
22.805414  638
22.881108  376
22.950481  166
23.031646  781
23.078208  757
23.094554  477
23.104517  717
23.121735  729
23.169101  773
23.174819  480
23.210938  512
23.214783  258
23.227193  262
23.241440  462
23.261600  975
23.295147  198
23.308640  532
23.314522  211
23.327716  424
23.338283  297
23.346059  471
23.350244  376
23.362284  974
23.371772  379
23.377415  573
23.391608  771
23.451445  323
23.486891  508
23.499186  376
23.511541  542
23.573049  649
23.601429  865
23.625848  692
23.661363  227
23.906249  941
23.946526  175
24.024482  464
24.043879  688
24.053527  976
24.112549  706
24.233444  709
24.252125  690
24.259621  468
24.269829  710
24.276725  695
24.281509  707
24.288645  719
24.334808  728
24.364047  384
24.388348  406
24.440915  413
24.530344  515
24.583440  481
24.652341  949
24.703874  413
24.707799  413
24.709612  1001
24.738496  620
24.745353  690
24.754381  686
24.759420  680
24.765063  639
24.777043  658
24.868387  608
24.886782  607
24.890068  601
24.892500  598
24.897444  596
24.898962  590
24.920769  854
24.922602  853
24.925174  851
24.933369  841
24.950073  791
24.952265  540
24.972023  825
25.028996  496
25.032921  491
25.043168  474
25.048172  755
25.050464  458
25.068303  134
25.070775  125
25.076373  477
25.090246  119
25.092838  115
25.094471  112
25.096863  110
25.102306  465
25.103979  105
25.115248  104
25.116841  660
25.128626  91
25.132256  650
25.140691  87
25.148187  647
25.150779  352
25.164652  317
25.207863  369
25.215434  573
25.219838  567
25.239035  0
25.242960  520
25.247025  0
25.250331  219
25.262930  199
25.264703  195
25.270186  192
25.271879  183
25.276364  193
25.278137  179
25.280409  172
25.295356  390
25.299541  123
25.306917  113
25.308810  109
25.311262  108
25.313035  108
25.317260  383
25.319892  684
25.327034  380
25.328647  325
25.330879  40
25.332472  332
25.335658  331
25.338230  30
25.353286  25
25.367738  25
25.371923  310
25.374095  13
25.392482  58
25.401411  57
25.411514  0
25.417097  54
25.418770  2
25.424433  2
25.426945  2
25.428658  0
25.431170  262
25.442591  257
25.452779  291
25.458548  0
25.468755  0
25.496600  258
25.501284  258
25.526486  271
25.547196  0
25.554559  0
25.559004  0
25.563189  0
25.570860  223
25.582882  0
25.606920  0
25.637713  0
25.652241  267
25.677160  28
25.699030  7
25.700643  8
25.703015  10
25.704768  27
25.707400  10
25.709972  7
25.785904  259
25.865790  226
25.869476  5
25.891659  5
25.912570  12
25.974673  10
26.005255  19
26.013845  41
26.023055  235
26.081796  261
26.084068  28
26.085741  50
26.090146  269
26.101169  51
26.108165  43
26.116815  13
26.120881  19
26.152889  17
26.157294  21
26.159786  21
26.173200  235
26.175113  15
26.197117  21
26.215969  282
26.230181  25
26.253725  274
26.262155  9
26.268632  16
26.276403  37
26.304165  34
26.308450  12
26.312695  235
26.330893  18
26.350490  22
26.377252  275
26.381177  32
26.382970  271
26.410601  36
26.421942  15
26.426328  37
26.433065  19
26.437370  16
26.454410  24
26.457022  20
26.463380  13
26.469998  18
26.476136  13
26.491163  17
26.523536  15
26.542309  21
26.604714  13
26.610592  54
26.622253  33
26.624046  57
26.630563  33
26.646909  37
26.704317  43
26.707663  47
26.716505  52
26.718817  289
26.737733  290
26.742278  61
26.753799  63
26.760416  44
26.776103  25
26.800061  30
26.805619  21
26.823367  33
26.828506  47
26.839608  46
26.845686  8
26.865696  291
26.867669  23
26.893997  315
26.900854  285
26.922939  42
26.935733  48
26.945382  28
26.957498  54
26.966667  62
26.975356  88
26.989974  95
26.995577  243
26.997550  59
27.015247  64
27.019492  21
27.026189  54
27.037950  69
27.039643  48
27.045421  55
27.053876  65
27.055949  73
27.097841  84
27.104678  316
27.122457  99
27.135231  72
27.136984  21
27.146160  51
27.150405  301
27.152058  320
27.154630  79
27.156703  60
27.164174  68
27.175736  59
27.177729  270
27.180381  22
27.186119  28
27.190304  86
27.198654  51
27.204552  59
27.227836  14
27.248009  87
27.260284  340
27.263870  42
27.278146  81
27.284943  64
27.291141  66
27.295226  341
27.297858  62
27.308521  80
27.321376  84
27.327214  86
27.333739  106
27.340036  154
27.342428  98
27.357455  105
27.370509  72
27.382210  105
27.385576  277
27.402090  83
27.406095  80
27.409163  92
27.417513  90
27.422018  87
27.430688  96
27.445331  109
27.494945  130
27.517688  348
27.529803  132
27.541605  97
27.545970  132
27.552807  97
27.559784  89
27.570907  93
27.575412  99
27.577485  116
27.582689  302
27.589754  60
27.601036  52
27.607753  87
27.616283  84
27.629197  122
27.643745  128
27.665277  377
27.677018  107
27.692086  375
27.694218  143
27.698543  138
27.711838  116
27.724772  120
27.735868  81
27.741211  120
27.750674  120
27.757431  133
27.773657  137
27.783166  117
27.787930  318
27.793074  140
27.800945  337
27.810401  124
27.821682  129
27.830951  128
27.843935  116
27.848280  109
27.856350  110
27.901843  139
27.907651  390
27.921468  140
27.930138  155
27.935302  164
27.947255  162
27.993924  108
28.006464  129
28.010949  170
28.012782  130
28.014695  149
28.016927  392
28.028488  131
28.036028  134
28.040952  159
28.042585  352
28.051555  148
28.058252  163
28.060724  128
28.073000  128
28.075093  130
28.090639  173
28.100842  176
28.122307  124
28.123900  166
28.126212  415
28.132629  130
28.135161  148
28.144824  127
28.153514  418
28.160251  128
28.166149  143
28.170873  124
28.172526  149
28.181085  126
28.185390  152
28.191068  142
28.197505  169
28.199618  153
28.204982  187
28.207314  163
28.213771  182
28.227644  157
28.231789  353
28.246470  357
28.277659  164
28.304008  155
28.306260  179
28.312178  151
28.313751  181
28.318715  151
28.324992  423
28.327564  168
28.331749  168
28.359716  437
28.363921  179
28.369519  437
28.400877  189
28.412117  177
28.416642  190
28.424792  189
28.434081  185
28.450941  182
28.453333  179
28.462602  392
28.485385  180
28.491738  137
28.497856  182
28.501502  180
28.508119  176
28.516769  187
28.526912  176
28.540727  181
28.543439  180
28.546051  179
28.590040  441
28.599270  167
28.601303  173
28.612468  184
28.621197  189
28.625282  442
28.638577  179
28.664407  188
28.677461  188
28.687090  186
28.695360  214
28.705463  186
28.721133  184
28.730342  218
28.737962  393
28.762522  194
28.766527  188
28.773504  203
28.775756  197
28.791743  196
28.794435  187
28.799219  202
28.802825  182
28.810695  196
28.874164  443
28.883133  196
28.890070  190
28.891963  211
28.908388  224
28.912913  200
28.919617  227
28.923392  451
28.925005  186
28.939358  233
28.950366  226
28.967606  406
28.979502  235
28.988239  210
28.996002  201
29.005011  411
29.011369  183
29.015814  191
29.020319  454
29.024584  219
29.027735  205
29.033913  195
29.037758  185
29.041623  439
29.043256  221
29.061270  186
29.066094  231
29.068566  188
29.074644  229
29.103245  476
29.112834  192
29.114567  481
29.121345  215
29.138245  200
29.142510  484
29.149467  459
29.152518  193
29.157737  234
29.176969  234
29.181614  232
29.189085  241
29.190658  235
29.200146  206
29.202099  240
29.212502  250
29.214675  247
29.236378  262
29.239609  221
29.252196  235
29.259807  265
29.262099  458
29.271607  209
29.275912  245
29.294277  241
29.316969  250
29.318662  239
29.332910  211
29.349654  253
29.369971  214
29.371544  247
29.410117  496
29.414882  491
29.416875  251
29.432865  267
29.446598  509
29.465761  261
29.484019  312
29.498911  265
29.512524  313
29.516030  269
29.521174  559
29.541431  313
29.557557  253
29.560843  240
29.593794  467
29.606648  250
29.608841  254
29.624349  272
29.628694  269
29.647639  242
29.659914  244
29.662466  297
29.672469  276
29.681553  303
29.684205  278
29.692795  307
29.708702  559
29.715159  236
29.717112  565
29.721996  253
29.729946  263
29.734231  568
29.738723  253
29.749047  273
29.755764  272
29.757657  311
29.761442  557
29.766266  306
29.772983  242
29.781314  246
29.783906  326
29.792596  294
29.798274  296
29.814260  327
29.819244  316
29.823209  311
29.829028  286
29.830681  341
29.835784  335
29.842341  323
29.846386  303
29.848019  522
29.853083  248
29.877146  306
29.885081  307
29.901926  305
29.905691  302
29.919425  299
29.921538  307
29.926143  297
29.975863  309
29.994076  320
30.008823  324
30.062739  315
30.071189  579
30.080958  315
30.101209  569
30.145261  356
30.163179  362
30.190888  367
30.205021  318
30.214250  370
30.224512  367
30.235574  364
30.246017  585
30.256259  320
30.272424  355
30.278801  315
30.284540  301
30.288625  323
30.317227  352
30.323205  326
30.336399  360
30.342777  313
30.353500  613
30.365616  620
30.379711  353
30.383996  624
30.422988  357
30.442459  387
30.446684  366
30.455933  366
30.459339  360
30.463724  357
30.472394  361
30.474087  370
30.485168  366
30.490172  395
30.494397  355
30.502747  575
30.547144  370
30.551109  381
30.561952  362
30.564664  367
30.575367  369
30.577739  320
30.584676  325
30.591033  380
30.603348  611
30.620340  369
30.626977  374
30.639813  366
30.666720  355
30.724226  367
30.736800  620
30.741305  375
30.746589  368
30.758350  367
30.762934  627
30.799944  381
30.809293  628
30.817189  382
30.832707  377
30.835119  632
30.879060  386
30.885298  388
30.887850  373
30.896880  590
30.901305  635
30.928733  369
30.944538  381
30.951055  377
30.958127  380
30.972188  363
30.976054  599
30.992854  369
30.998772  371
31.013119  392
31.025695  368
31.053985  633
31.058270  376
31.066580  379
31.068293  645
31.083780  378
31.088125  383
31.092330  636
31.096954  380
31.103811  406
31.112542  396
31.135660  410
31.139725  404
31.141518  389
31.150647  407
31.152580  404
31.183503  384
31.189126  424
31.195783  600
31.197576  430
31.200248  402
31.204733  437
31.228324  603
31.236934  415
31.246043  421
31.250368  407
31.251961  387
31.261270  402
31.265955  413
31.270819  390
31.283354  664
31.304158  640
31.318886  402
31.325363  412
31.339891  407
31.352494  423
31.357578  408
31.366647  399
31.390444  413
31.399733  397
31.414080  400
31.416073  389
31.423669  381
31.426261  643
31.435331  395
31.497427  398
31.499000  642
31.513295  397
31.516781  391
31.536006  397
31.540251  399
31.543242  389
31.558414  390
31.560307  395
31.562879  648
31.575474  616
31.593314  392
31.595566  392
31.604795  393
31.616922  399
31.626591  392
31.637813  391
31.641678  612
31.646782  389
31.655232  386
31.663642  386
31.671638  381
31.686446  375
31.698606  374
31.716184  377
31.745065  645
31.822032  382
31.835390  385
31.838002  398
31.860705  415
31.862837  391
31.877031  415
31.914886  394
31.924934  388
31.933204  387
31.937309  392
31.944365  394
31.953673  392
31.960050  389
32.007547  389
32.019028  374
32.057691  411
32.062475  388
32.069951  645
32.073776  373
32.078700  631
32.080313  373
32.110303  610
32.119033  598
32.128381  333
32.140961  315
32.142914  325
32.155442  574
32.165351  535
32.170115  309
32.182830  312
32.187994  316
32.206177  330
32.224604  329
32.230921  339
32.290086  358
32.335691  368
32.375821  347
32.383317  620
32.399882  391
32.403288  368
32.417940  366
32.420412  354
32.437118  343
32.442062  348
32.451251  341
32.464420  324
32.466033  319
32.468345  339
32.473389  322
32.482368  339
32.487072  345
32.505239  316
32.512715  310
32.515961  304
32.520565  310
32.522358  310
32.523931  310
32.537389  569
32.555787  295
32.558219  295
32.566015  292
32.570759  284
32.574524  270
32.583353  284
32.587598  281
32.608768  295
32.621782  539
32.623435  274
32.638486  534
32.640259  281
32.679858  532
32.684742  277
32.696886  283
32.724800  507
32.726573  277
32.738662  279
32.778598  275
32.800267  270
32.805191  266
32.809935  486
32.816272  485
32.825241  255
32.835923  259
32.845516  252
32.855512  251
32.865975  261
32.869146  241
32.878075  505
32.882959  245
32.887524  497
32.895400  232
32.897572  241
32.899705  495
32.915745  242
32.921548  503
32.924020  237
32.935327  235
32.939632  235
32.941325  235
32.948062  228
32.955418  214
32.958090  208
32.962195  434
32.963968  433
32.972083  421
32.978081  187
32.984639  191
32.992235  199
32.993968  198
33.007801  457
33.009374  457
33.039766  184
33.043931  188
33.047677  187
33.052561  187
33.069786  202
33.081927  447
33.083960  199
33.094088  434
33.095981  182
33.117844  426
33.129169  160
33.135926  161
33.142423  163
33.151592  161
33.156536  149
33.169390  148
33.179278  146
33.195983  144
33.217682  144
33.229403  360
33.239591  137
33.259093  140
33.262184  134
33.280423  145
33.291805  128
33.296769  113
33.304200  119
33.314414  129
33.321491  111
33.326755  385
33.328408  119
33.339609  119
33.345327  120
33.354017  127
33.367211  351
33.369024  131
33.407095  384
33.422163  124
33.423916  128
33.442406  122
33.444658  119
33.463295  135
33.469612  133
33.473038  131
33.482826  115
33.504909  366
33.521753  113
33.535467  118
33.553845  117
33.555738  116
33.577026  122
33.632579  348
33.638776  114
33.696136  110
33.751681  120
33.767248  120
33.798757  122
33.818209  123
33.842305  124
33.867871  135
33.881206  93
33.883199  355
33.887824  348
33.893782  86
33.897887  345
33.905092  89
33.914082  79
33.918567  79
33.923272  81
33.930010  302
33.947017  322
33.948630  61
33.959997  262
33.963223  35
33.967348  30
33.981038  44
33.989328  30
34.002263  25
34.006608  18
34.028213  41
34.037701  32
34.041666  294
34.052889  32
34.061319  28
34.068901  33
34.073366  27
34.084296  27
34.099283  259
34.117561  44
34.124419  31
34.138174  43
34.149356  52
34.165936  48
34.183814  71
34.188218  67
34.206882  300
34.263797  40
34.285142  31
34.294212  40
34.303002  34
34.315409  33
34.353244  30
34.388336  33
34.391542  36
34.401090  38
34.417730  33
34.419583  295
34.440088  37
34.450291  39
34.454616  37
34.459141  42
34.473649  35
34.476221  300
34.500557  59
34.513692  37
34.518257  289
34.531132  36
34.535737  33
34.544567  30
34.557762  27
34.600093  260
34.660721  28
34.665860  43
34.712248  40
34.713901  44
34.729255  38
34.737725  46
34.745855  261
34.768833  265
34.809071  300
34.819494  301
34.833889  60
34.848797  69
34.864264  294
34.866437  73
34.871401  52
34.882263  49
34.884036  304
34.900456  315
34.927529  51
34.941283  53
34.947401  42
34.955591  55
34.962982  273
34.964755  44
35.004222  53
35.016877  35
35.027911  54
35.037015  312
35.040960  64
35.058088  70
35.062893  46
35.065365  56
35.073696  48
35.082804  49
35.094107  47
35.106402  51
35.108115  278
35.119990  82
35.121863  52
35.130452  279
35.145045  58
35.149230  52
35.164098  62
35.176894  59
35.181379  324
35.193854  326
35.200711  77
35.213026  59
35.226341  102
35.230846  79
35.237411  38
35.243309  59
35.245941  316
35.252079  58
35.260509  317
35.269299  70
35.274757  79
35.276630  348
35.290183  66
35.307222  79
35.313860  63
35.322570  54
35.326795  85
35.333912  82
35.340586  286
35.368249  84
35.370921  58
35.382786  66
35.406895  82
35.411280  37
35.413433  335
35.417998  89
35.433744  90
35.438349  78
35.457031  104
35.458804  89
35.467734  84
35.472658  92
35.477263  58
35.487146  301
35.496628  94
35.505118  94
35.509263  95
35.532921  88
35.534634  103
35.539478  86
35.547309  94
35.552353  94
35.558531  351
35.601420  88
35.607618  125
35.614035  103
35.616287  128
35.624558  86
35.631315  71
35.635720  87
35.669047  361
35.685587  86
35.696070  99
35.718674  88
35.729376  315
35.731149  326
35.733541  98
35.748429  105
35.752754  103
35.754906  97
35.756559  75
35.787574  76
35.803301  362
35.805054  112
35.807366  81
35.817389  364
35.819941  104
35.841035  121
35.845320  97
35.854709  97
35.863379  102
35.865032  116
35.870970  104
35.873063  122
35.882876  103
35.887301  106
35.897248  362
35.899840  330
35.935753  336
35.943843  113
35.950487  104
35.956465  112
35.966529  367
35.990278  381
36.019006  131
36.027876  151
36.031741  129
36.036026  154
36.037619  128
36.047489  92
36.070993  364
36.075398  116
36.082615  389
36.091245  129
36.093357  396
36.102267  115
36.119287  124
36.123772  114
36.127897  136
36.137126  127
36.147289  106
36.165349  135
36.172620  356
36.175332  137
36.203374  139
36.210671  98
36.224565  127
36.235355  117
36.242187  98
36.248544  144
36.257673  385
36.273039  130
36.289001  130
36.293386  142
36.302715  130
36.304907  132
36.306560  112
36.317402  135
36.328153  127
36.347885  149
36.357728  366
36.369669  369
36.383244  132
36.385816  135
36.387549  136
36.396359  149
36.403396  150
36.416251  396
36.425061  416
36.426934  125
36.435704  157
36.442389  160
36.458276  140
36.471131  175
36.473763  155
36.488791  399
36.496909  144
36.505779  108
36.518434  402
36.522339  144
36.532622  156
36.551011  422
36.552624  156
36.570323  153
36.571916  144
36.578793  168
36.587124  147
36.605143  157
36.627607  376
36.632252  144
36.639483  170
36.655169  163
36.664159  147
36.693528  153
36.699586  130
36.716419  417
36.725463  165
36.744315  173
36.761574  182
36.774488  152
36.776641  425
36.784692  177
36.792902  159
36.798026  156
36.802151  187
36.813987  170
36.821498  187
36.829073  379
36.839084  162
36.852539  382
36.854671  165
36.871532  162
36.879802  186
36.885500  174
36.896402  420
36.908778  450
36.911170  144
36.923726  185
36.936201  188
36.941245  167
36.945310  211
36.955873  215
36.964542  189
36.973566  166
36.988499  436
36.998422  446
37.019127  187
37.024151  196
37.040512  184
37.055739  159
37.060484  187
37.072166  395
37.080657  177
37.087434  187
37.098656  171
37.100509  189
37.104814  193
37.113884  414
37.163710  196
37.167755  178
37.174373  173
37.181071  182
37.214206  458
37.218511  189
37.234340  194
37.236173  449
37.243884  198
37.253373  190
37.257878  187
37.266548  192
37.270973  187
37.281375  196
37.294030  197
37.307199  417
37.415562  215
37.427378  196
37.440607  217
37.443698  188
37.456633  177
37.485635  456
37.493226  192
37.513756  199
37.521327  204
37.528863  196
37.541898  187
37.545464  423
37.551509  205
37.566823  194
37.590388  200
37.603463  459
37.605196  425
37.660766  203
37.671209  188
37.675134  187
37.679199  206
37.699524  210
37.709313  196
37.721689  206
37.723562  460
37.743672  204
37.748416  194
37.752242  200
37.761751  207
37.763903  212
37.768128  209
37.771574  201
37.779784  208
37.789513  214
37.804641  433
37.808726  211
37.825041  217
37.827273  433
37.857960  216
37.860073  218
37.863978  213
37.870056  215
37.877727  476
37.891640  206
37.908714  222
37.916030  212
37.920874  241
37.925738  244
37.934428  466
37.939173  467
37.958606  199
37.960339  246
37.974234  472
37.981251  211
37.991714  207
37.993847  479
37.999645  212
38.008255  218
38.018218  226
38.024216  218
38.041265  218
38.049615  214
38.056332  220
38.073179  215
38.077164  437
38.085514  221
38.092431  223
38.094104  218
38.102853  442
38.109970  220
38.124745  218
38.171939  230
38.198228  216
38.202973  477
38.219418  489
38.222884  218
38.231414  227
38.242117  232
38.245783  227
38.257324  215
38.263562  217
38.265695  219
38.271473  233
38.289992  230
38.296210  218
38.302634  225
38.311904  232
38.318102  443
38.325439  445
38.346345  243
38.357107  227
38.361332  228
38.366077  239
38.381164  232
38.398713  241
38.401405  217
38.405930  492
38.420588  500
38.446999  227
38.449651  257
38.462106  272
38.472493  481
38.493966  275
38.505427  213
38.514516  511
38.518561  218
38.523166  505
38.540295  504
38.543526  247
38.565548  238
38.585200  227
38.602281  456
38.604394  246
38.625388  220
38.626961  244
38.639800  253
38.647695  240
38.686433  235
38.717415  251
38.721607  224
38.725732  253
38.735200  236
38.742156  515
38.750606  239
38.752958  246
38.769563  520
38.777993  256
38.787821  260
38.792625  257
38.804705  237
38.811022  243
38.823003  257
38.825455  265
38.827727  245
38.832751  262
38.837775  248
38.843593  247
38.850889  265
38.855034  466
38.864123  471
38.877429  259
38.892580  256
38.899537  250
38.906454  482
38.908047  267
38.921781  251
38.928198  268
38.946597  261
38.948490  521
38.955227  277
38.991325  281
38.998581  282
39.001732  283
39.012474  258
39.025018  251
39.033667  242
39.055387  512
39.058378  254
39.067634  518
39.074151  255
39.076403  259
39.079115  252
39.081527  259
39.092788  513
39.111513  252
39.119523  255
39.128439  239
39.132644  255
39.135216  476
39.150535  250
39.154680  256
39.163628  254
39.166180  253
39.168792  472
39.173776  247
39.181592  245
39.213238  239
39.223046  244
39.232315  245
39.234607  229
39.237019  243
39.239611  236
39.248869  225
39.253513  496
39.264256  224
39.292875  237
39.295307  236
39.303597  237
39.305290  237
39.309475  238
39.328455  237
39.333020  236
39.335711  238
39.337544  235
39.340076  238
39.357121  247
39.376741  469
39.396337  241
39.403913  240
39.407638  233
39.412882  240
39.415534  238
39.425182  466
39.433572  228
39.445193  245
39.449358  246
39.472674  492
39.493432  236
39.495145  235
39.499909  245
39.509917  478
39.512129  221
39.526382  222
39.532619  215
39.534951  475
39.538197  213
39.539810  471
39.557832  223
39.570466  217
39.572239  223
39.580062  223
39.598180  476
39.606569  216
39.609081  219
39.629878  213
39.632510  227
39.635376  447
39.644465  216
39.663767  224
39.685243  489
39.707401  206
39.709014  206
39.716750  214
39.727336  225
39.729788  211
39.748286  479
39.752651  200
39.768098  210
39.775214  474
39.784364  210
39.788749  210
39.793973  217
39.796605  211
39.798238  216
39.800830  209
39.813380  206
39.815173  207
39.817525  205
39.821350  204
39.824321  208
39.825894  206
39.827707  204
39.829320  203
39.833565  202
39.839188  207
39.842159  199
39.846244  197
39.848716  412
39.850569  410
39.861734  181
39.863307  173
39.866478  173
39.873982  396
39.876414  179
39.880659  163
39.889609  174
39.900451  171
39.909508  434
39.947306  179
39.957174  201
39.975076  444
39.983925  178
40.011312  177
40.022154  172
40.024386  177
40.026519  170
40.030404  174
40.039613  425
40.043738  424
40.050634  162
40.063448  160
40.067913  150
40.070405  165
40.072677  384
40.075129  163
40.088249  152
40.090821  148
40.102122  141
40.116735  121
40.118468  121
40.124885  129
40.133295  136
40.135408  122
40.146704  116
40.148637  387
40.153022  113
40.155354  108
40.170561  382
40.173747  110
40.178971  118
40.182958  110
40.189295  91
40.190928  93
40.192033  89
40.193666  85
40.203082  82
40.206388  305
40.218248  84
40.220201  79
40.224106  298
40.230843  71
40.233255  69
40.251713  329
40.291996  72
40.302499  89
40.310914  88
40.316552  88
40.323229  58
40.330186  56
40.332139  53
40.357856  52
40.362130  59
40.366455  61
40.373671  313
40.385647  58
40.417470  54
40.424687  58
40.428293  48
40.432997  27
40.442227  33
40.450877  19
40.454862  13
40.470109  16
40.474634  22
40.495959  29
40.497812  27
40.511650  252
40.529230  36
40.547290  40
40.560425  296
40.602402  32
40.611032  52
40.615457  31
40.622868  50
40.624461  22
40.642740  20
40.649177  20
40.658800  22
40.673021  33
40.681811  27
40.692314  25
40.703495  23
40.714851  24
40.728984  22
40.745089  33
40.752780  19
40.800714  25
40.809544  24
40.811377  21
40.818134  245
40.828477  244
40.832962  26
40.842111  25
40.846336  28
40.854546  25
40.858791  19
40.867301  15
40.878203  24
40.903314  22
40.922507  44
40.928685  10
40.954554  10
40.956387  19
40.965596  18
40.969821  18
40.975846  13
40.985749  14
41.012232  17
41.018550  23
41.026920  20
41.030586  241
41.036404  21
41.046053  2
41.056696  1
41.061001  15
41.093628  15
41.098093  14
41.105551  13
41.109876  22
41.112448  240
41.175948  15
41.205110  21
41.219618  37
41.221311  9
41.225656  18
41.240870  39
41.249260  23
41.286383  46
41.315325  18
41.392399  35
41.420101  17
41.433176  45
41.442006  41
41.454102  9
41.458507  33
41.460580  43
41.477939  258
41.492847  42
41.495020  31
41.516204  28
41.554428  52
41.564711  23
41.573201  56
41.581591  48
41.583544  19
41.634170  37
41.640555  53
41.649245  43
41.660967  46
41.672429  42
41.680959  51
41.689509  45
41.697090  26
41.704516  53
41.741442  31
41.745037  51
41.780785  52
41.784730  43
41.793400  72
41.796571  49
41.802569  44
41.804562  80
41.807074  53
41.824614  54
41.826387  60
41.850513  60
41.852885  56
41.863647  62
41.869046  59
41.872612  68
41.886285  66
41.893522  64
41.909229  71
41.910822  59
41.928002  34
41.929735  75
41.934360  36
41.938325  74
41.944783  87
41.954752  48
41.961209  89
41.965454  47
41.981595  63
41.996783  73
42.003180  71
42.025384  94
42.034455  75
42.038660  59
42.077983  72
42.087712  66
42.097241  73
42.103499  69
42.120559  84
42.122292  43
42.131022  83
42.135267  77
42.146510  89
42.148662  75
42.165623  79
42.170188  89
42.186774  85
42.190839  71
42.195084  83
42.209819  84
42.217255  85
42.219208  83
42.223194  90
42.239460  87
42.249403  90
42.258360  98
42.313926  79
42.323635  102
42.325768  74
42.337350  85
42.343968  93
42.355309  58
42.370850  91
42.377068  102
42.383985  96
42.400705  90
42.426395  86
42.428168  91
42.429821  83
42.464894  101
42.487158  102
42.520983  100
42.532379  103
42.537343  90
42.542008  104
42.564181  90
42.569145  88
42.589156  107
42.595254  108
42.597227  103
42.617646  103
42.622350  93
42.627482  100
42.648687  111
42.655884  106
42.661762  111
42.677263  102
42.688185  104
42.697733  89
42.699806  105
42.710409  86
42.714454  106
42.718859  118
42.731834  107
42.772592  114
42.774804  113
42.789313  107
42.822320  106
42.824972  111
42.839041  98
42.850543  114
42.854968  111
42.857220  113
42.876274  97
42.888429  115
42.923363  94
42.929181  111
42.962721  114
42.975556  115
42.977249  102
42.999542  110
43.009171  119
43.011344  106
43.022266  106
43.035061  110
43.050608  124
43.081203  116
43.098742  117
43.112758  111
43.119036  117
43.121488  132
43.131211  112
43.138288  123
43.140161  140
43.150983  138
43.152996  99
43.172743  106
43.174356  111
43.192223  109
43.196268  132
43.198980  143
43.214953  125
43.219538  115
43.238954  133
43.244197  125
43.277204  126
43.292392  131
43.309392  127
43.324480  147
43.362784  145
43.365296  126
43.374086  145
43.393449  127
43.403999  140
43.412389  124
43.414442  143
43.420859  149
43.423271  126
43.429429  135
43.431142  149
43.435707  141
43.439952  136
43.442085  117
43.448683  126
43.455580  151
43.466103  144
43.470068  149
43.478978  142
43.480631  146
43.502216  153
43.510026  134
43.529442  146
43.546961  140
43.563861  137
43.582080  152
43.596547  109
43.618906  134
43.621398  139
43.640837  141
43.643429  151
43.645042  150
43.679511  157
43.688061  145
43.696104  152
43.711099  147
43.713791  134
43.725867  155
43.734117  156
43.742347  153
43.749124  137
43.766445  157
43.772003  153
43.787470  154
43.795680  138
43.816685  167
43.819237  148
43.830699  172
43.846685  145
43.862272  149
43.866697  165
43.870662  143
43.877079  154
43.883357  167
43.892147  172
43.906815  163
43.910960  148
43.914985  146
43.919470  161
43.929460  163
43.935678  173
43.947180  156
43.954516  142
43.956149  167
43.960634  173
43.965279  177
43.988638  168
44.004405  170
44.011862  176
44.013455  170
44.015248  163
44.023638  168
44.033681  179
44.040858  163
44.052270  177
44.064705  140
44.069370  174
44.073595  147
44.079193  146
44.100798  176
44.109808  179
44.116245  160
44.136320  169
44.143911  176
44.150867  170
44.159537  172
44.166494  171
44.190550  178
44.205557  165
44.227261  181
44.253584  169
44.268531  175
44.286864  159
44.290270  177
44.295434  157
44.338551  176
44.344868  183
44.361997  180
44.370688  171
44.372461  173
44.385735  177
44.392152  185
44.404907  178
44.412857  182
44.426112  165
44.428185  181
44.432430  190
44.440780  179
44.450843  190
44.471773  173
44.485901  187
44.492019  175
44.496244  168
44.526587  181
44.531751  167
44.546799  171
44.549391  179
44.571023  189
44.575288  177
44.589396  178
44.602212  187
44.606337  194
44.614847  183
44.623804  190
44.631974  186
44.634047  190
44.640285  190
44.707133  178
44.709385  195
44.712077  197
44.738027  197
44.744724  199
44.757939  188
44.760571  201
44.762764  194
44.766279  191
44.768971  196
44.783104  195
44.797493  204
44.807376  194
44.812580  215
44.837776  212
44.854157  215
44.855930  198
44.865838  180
44.867611  212
44.869324  191
44.890698  186
44.892531  200
44.915754  196
44.919839  217
44.923010  205
44.937838  215
44.959750  221
44.974558  206
44.984821  210
44.993191  202
45.001961  219
45.006246  230
45.008798  177
45.010891  191
45.014437  222
45.018782  228
45.028910  232
45.039033  228
45.043438  181
45.055813  191
45.068348  218
45.076238  187
45.081082  228
45.082815  193
45.084668  229
45.098482  193
45.104820  225
45.111018  220
45.120947  226
45.123539  216
45.137154  202
45.151802  209
45.157440  195
45.190687  210
45.206373  214
45.213050  219
45.217795  225
45.219908  233
45.238662  217
45.250023  215
45.269235  223
45.270948  216
45.278205  225
45.288987  222
45.290800  227
45.300803  226
45.307060  216
45.313378  227
45.319576  214
45.342714  224
45.346899  219
45.348932  229
45.355369  227
45.377294  225
45.388064  215
45.398986  221
45.429555  227
45.435293  234
45.453555  221
45.460772  231
45.518611  229
45.549485  229
45.582033  225
45.613194  232
45.630674  244
45.637391  226
45.643109  231
45.671131  229
45.673623  232
45.678388  229
45.680880  216
45.695308  219
45.711874  238
45.715799  220
45.743682  240
45.747947  247
45.778249  241
45.810521  242
45.812713  244
45.831590  236
45.844445  228
45.851042  224
45.855747  250
45.863083  232
45.872392  229
45.874624  232
45.876337  231
45.885146  251
45.892490  247
45.895122  235
45.897554  238
45.899666  245
45.931906  230
45.936351  248
45.941163  243
45.945128  238
45.949812  249
45.958142  244
45.972355  240
45.979493  246
45.983458  243
46.016355  237
46.031646  233
46.034118  243
46.044267  242
46.051703  233
46.084242  231
46.091159  237
46.099469  241
46.102161  237
46.121138  237
46.130007  240
46.137523  241
46.183952  241
46.189755  241
46.208756  238
46.251316  231
46.287242  233
46.292206  233
46.296491  239
46.298204  236
46.300556  231
46.313970  243
46.319134  236
46.322460  235
46.328937  241
46.340785  238
46.344535  235
46.347007  238
46.350992  236
46.361518  226
46.366385  234
46.369017  234
46.374540  234
46.376173  234
46.378026  233
46.389332  232
46.410780  237
46.414006  236
46.415599  232
46.418690  228
46.423614  231
46.435039  239
46.437611  230
46.446225  227
46.453601  232
46.461971  238
46.466296  235
46.467969  240
46.480492  238
46.491174  239
46.496418  229
46.552437  230
46.564098  229
46.571953  224
46.573646  237
46.582695  229
46.593876  234
46.598520  227
46.610168  231
46.633710  228
46.638494  231
46.659804  231
46.663669  235
46.666281  237
46.670531  234
46.678187  230
46.688829  230
46.739444  235
46.772090  226
46.786303  240
46.815350  232
46.817862  233
46.822946  241
46.837146  233
46.841651  236
46.844103  233
46.847928  237
46.855185  239
46.860389  242
46.862801  236
46.865413  244
46.868125  238
46.870237  243
46.879266  227
46.881758  228
46.883970  240
46.885683  239
46.893618  239
46.906777  236
46.908510  238
46.910922  237
46.915626  240
46.919891  239
46.921844  239
46.924336  236
46.926489  235
46.930514  230
46.941955  226
46.946680  232
46.950985  217
46.955949  231
46.958061  223
46.959774  226
46.978417  238
46.984854  231
46.992689  236
47.002118  222
47.003891  229
47.056341  227
47.063577  230
47.068201  235
47.070773  234
47.075557  230
47.092302  238
47.097166  238
47.107748  238
47.123344  227
47.141746  225
47.144398  219
47.149422  228
47.154705  229
47.156558  229
47.163075  226
47.164668  225
47.166541  219
47.168873  223
47.177749  219
47.204757  224
47.217277  231
47.232822  213
47.254952  220
47.281514  234
47.287871  228
47.304736  219
47.309840  216
47.312232  215
47.317516  225
47.322021  218
47.326406  208
47.329038  214
47.330771  206
47.335195  210
47.339340  201
47.341053  202
47.343405  198
47.351200  188
47.356184  190
47.358037  188
47.360369  187
47.366667  178
47.369159  184
47.378688  189
47.382873  177
47.386878  177
47.391523  178
47.405617  185
47.410322  172
47.412455  184
47.416919  180
47.421644  178
47.426109  183
47.429994  178
47.434519  184
47.441336  184
47.448432  184
47.450325  180
47.455629  177
47.464459  180
47.495732  155
47.498224  167
47.503967  159
47.506259  152
47.517021  147
47.518974  144
47.522819  147
47.536272  144
47.540637  135
47.556264  132
47.558097  136
47.568189  116
47.575865  119
47.587107  110
47.600462  90
47.603074  83
47.606940  80
47.617962  80
47.619755  76
47.627111  69
47.629264  76
47.645969  53
47.650334  61
47.659204  52
47.667215  59
47.678496  58
47.693683  58
47.695596  58
47.700381  56
47.704526  54
47.720826  52
47.730055  56
47.749627  54
47.751420  51
47.758117  59
47.766687  60
47.775757  61
47.782833  59
47.793815  57
47.826801  55
47.848785  42
47.855402  52
47.865093  48
47.882413  52
47.889590  53
47.892042  42
47.898620  44
47.907050  40
47.917753  38
47.925923  32
47.940044  37
47.952180  51
47.971258  42
47.983973  45
47.990311  50
48.006752  48
48.030449  48
48.037066  50
48.099962  55
48.106379  58
48.114749  55
48.123139  42
48.125112  55
48.184167  56
48.210176  51
48.214661  52
48.226462  59
48.232787  59
48.242870  52
48.263515  52
48.275611  60
48.323369  62
48.330046  62
48.332698  47
48.344120  65
48.356535  67
48.384846  50
48.390494  72
48.413421  51
48.429993  65
48.431786  73
48.440196  56
48.445914  52
48.452491  75
48.458848  55
48.463673  76
48.474676  78
48.485558  78
48.489024  64
48.521176  60
48.532531  64
48.543454  65
48.547439  36
48.551664  49
48.553297  84
48.580413  77
48.592438  43
48.594311  83
48.602921  49
48.613384  80
48.623667  81
48.632637  82
48.637422  53
48.644659  48
48.653109  77
48.655102  84
48.682834  54
48.691703  90
48.711814  84
48.713447  98
48.724189  65
48.725962  90
48.749319  66
48.751232  70
48.762214  92
48.766639  86
48.768372  74
48.772197  79
48.774669  65
48.776502  80
48.794614  83
48.796307  82
48.811475  90
48.821403  80
48.827241  87
48.835823  95
48.854322  99
48.856275  87
48.887290  93
48.902437  57
48.928607  94
48.930979  71
48.937097  108
48.946546  92
48.948499  71
48.953124  60
48.967612  91
48.976181  78
48.993241  93
48.995533  104
49.006595  96
49.015665  98
49.017338  78
49.025748  82
49.033145  98
49.035437  83
49.046100  89
49.052178  109
49.064374  80
49.072924  84
49.079781  110
49.088591  110
49.095268  110
49.103439  92
49.108917  104
49.110750  91
49.141897  100
49.151844  78
49.162847  85
49.174149  86
49.188558  106
49.202699  109
49.208417  109
49.224172  106
49.233121  104
49.247309  106
49.258451  107
49.263395  112
49.312156  110
49.329516  87
49.331129  121
49.339786  106
49.357786  110
49.366595  103
49.372713  118
49.375245  94
49.389973  115
49.392305  122
49.420768  117
49.422661  94
49.451423  125
49.460033  95
49.475507  124
49.479772  119
49.487862  118
49.494067  119
49.498112  112
49.508395  111
49.513658  104
49.535151  97
49.557536  84
49.563354  115
49.570491  109
49.575591  118
49.583921  112
49.604273  115
49.623875  122
49.629912  103
49.634078  118
49.636071  122
49.653430  129
49.659868  110
49.664213  123
49.668758  120
49.672743  128
49.737265  125
49.745595  137
49.755144  114
49.770072  120
49.771805  102
49.784640  135
49.789105  114
49.802873  126
49.804546  137
49.824577  132
49.828722  133
49.830915  117
49.836019  111
49.842776  130
49.851246  112
49.860016  135
49.868166  112
49.878089  112
49.921059  135
49.936685  115
49.958780  138
49.965577  133
49.967410  136
49.980884  130
49.984090  121
49.985963  123
49.990088  136
49.992440  120
49.996925  132
50.004042  126
50.009800  129
50.024307  132
50.028672  129
50.033397  131
50.041867  125
50.046412  130
50.051037  129
50.059368  139
50.068971  133
50.075868  135
50.080772  133
50.107984  122
50.121402  134
50.155781  140
50.160306  121
50.164292  140
50.175694  141
50.204215  136
50.208260  132
50.238535  128
50.242960  118
50.251450  123
50.256135  130
50.260300  133
50.262473  125
50.274654  127
50.306782  124
50.326834  143
50.331339  146
50.344954  139
50.377468  129
50.384065  140
50.395387  125
50.399433  129
50.412931  133
50.422534  146
50.433317  133
50.437502  135
50.444559  149
50.448685  137
50.455042  135
50.463792  142
50.469570  136
50.480572  132
50.493267  148
50.501857  152
50.510055  137
50.526803  136
50.542270  127
50.553053  140
50.557298  144
50.591798  141
50.600568  163
50.609653  146
50.615076  144
50.622053  147
50.638379  148
50.642404  150
50.659264  155
50.661976  147
50.678557  152
50.682782  128
50.691652  154
50.695557  137
50.698783  152
50.705920  152
50.712198  135
50.716403  155
50.727725  133
50.736554  156
50.743431  162
50.764736  165
50.769935  165
50.775319  150
50.797503  146
50.825993  137
50.832331  149
50.834084  163
50.843253  142
50.858301  143
50.862186  141
50.864199  152
50.870456  163
50.874202  149
50.883599  155
50.892069  157
50.898146  149
50.902491  166
50.906915  164
50.912244  159
50.928585  163
50.939567  173
50.946264  170
50.948856  154
50.950669  166
50.965636  155
50.970620  176
50.975085  160
50.993104  149
50.994777  167
51.002113  156
51.006258  157
51.041680  164
51.045985  141
51.050490  177
51.057188  143
51.065298  160
51.072215  165
51.077573  170
51.085883  179
51.094094  179
51.096586  172
51.105716  171
51.113907  179
51.123316  169
51.144961  154
51.150939  163
51.152812  175
51.160209  173
51.167106  165
51.170432  176
51.181254  152
51.187632  175
51.203199  153
51.214082  161
51.218887  179
51.232030  182
51.236754  171
51.245005  188
51.251662  172
51.267609  168
51.272354  145
51.292067  169
51.296072  166
51.306045  170
51.311288  182
51.315533  163
51.321991  178
51.328548  170
51.332413  174
51.345428  187
51.349233  176
51.362228  180
51.366373  174
51.368046  184
51.373010  165
51.378369  178
51.380562  184
51.392003  170
51.397761  175
51.401846  193
51.411515  193
51.425910  192
51.430575  163
51.432428  194
51.460510  183
51.475398  180
51.479343  195
51.483488  170
51.487993  185
51.494231  184
51.517690  181
51.524746  166
51.535368  207
51.543978  170
51.555394  187
51.559399  185
51.574707  210
51.581205  187
51.584811  185
51.591508  200
51.604603  191
51.617238  182
51.626207  198
51.630372  185
51.636210  200
51.649864  206
51.651957  183
51.684403  210
51.691220  195
51.693113  212
51.708879  206
51.713104  209
51.724226  214
51.741686  209
51.785936  184
51.797518  206
51.799711  187
51.807641  185
51.813019  188
51.820803  193
51.836251  213
51.841075  188
51.851038  171
51.858869  196
51.865346  218
51.873856  212
51.876268  183
51.882965  206
51.893548  204
51.902088  191
51.907846  204
51.909419  219
51.917449  201
51.920695  217
51.927601  215
51.931866  206
51.954489  205
51.958934  211
51.978446  200
51.985243  222
51.991940  211
51.996445  210
52.016456  187
52.034869  215
52.052649  202
52.056634  211
52.058407  220
52.061079  200
52.072300  201
52.078298  231
52.082782  202
52.088421  210
52.137988  210
52.140640  217
52.142813  200
52.156986  220
52.159019  221
52.165396  204
52.167449  229
52.172693  224
52.191652  202
52.220102  211
52.233237  220
52.242287  227
52.252669  232
52.254622  224
52.266223  238
52.302142  214
52.306287  207
52.316709  214
52.323096  218
52.327181  211
52.334038  225
52.342568  205
52.344501  212
52.352077  205
52.356322  210
52.358195  234
52.367105  207
52.377715  197
52.390710  221
52.404265  217
52.422125  243
52.432349  227
52.438846  233
52.443411  206
52.449389  227
52.451262  248
52.458019  230
52.464236  228
52.485441  228
52.492378  252
52.507353  218
52.520567  239
52.527604  240
52.548784  217
52.562018  243
52.566563  241
52.568136  220
52.570788  251
52.576826  221
52.581451  250
52.583883  228
52.586016  245
52.589342  236
52.598351  230
52.610906  236
52.619816  230
52.626853  231
52.631178  231
52.637635  234
52.641560  226
52.649116  238
52.655493  230
52.664163  230
52.682041  230
52.689105  247
52.692857  231
52.698041  240
52.704818  219
52.722083  224
52.724775  228
52.744571  227
52.747203  240
52.767833  243
52.788503  237
52.855493  236
52.857126  218
52.862110  227
52.892154  222
52.904394  221
52.911091  225
52.913503  222
52.931770  235
52.934741  227
52.939725  221
52.947141  214
52.957009  221
52.966126  220
52.971130  232
52.991540  235
52.997178  219
53.006906  240
53.019765  215
53.031486  218
53.049170  238
53.060771  221
53.072132  233
53.091764  232
53.104518  221
53.113993  219
53.120430  212
53.124915  238
53.182154  234
53.186818  233
53.199417  237
53.208006  230
53.213410  228
53.215582  215
53.217380  213
53.230043  235
53.232255  214
53.242837  212
53.250053  215
53.251746  211
53.254737  213
53.262952  213
53.274453  231
53.281509  227
53.296815  218
53.301000  206
53.308516  224
53.314873  200
53.325819  211
53.330643  203
53.332795  202
53.335207  206
53.337779  206
53.339672  198
53.342803  186
53.350079  201
53.359248  211
53.365206  207
53.370510  208
53.372103  206
53.382011  204
53.384443  218
53.388927  198
53.390720  198
53.414341  193
53.416773  202
53.419984  196
53.421957  195
53.424349  214
53.429034  203
53.437963  191
53.439656  191
53.441269  198
53.444200  210
53.446852  208
53.449304  199
53.453709  203
53.457654  193
53.478677  214
53.490757  211
53.495721  205
53.498413  186
53.500705  185
53.510253  188
53.523193  202
53.525485  202
53.528951  206
53.530948  206
53.535852  186
53.553159  195
53.558183  181
53.562208  189
53.566573  175
53.571118  176
53.575243  171
53.582279  163
53.599551  163
53.604055  156
53.608480  148
53.610592  157
53.613084  156
53.614957  166
53.622093  154
53.628970  163
53.631542  162
53.644836  172
53.647048  164
53.649520  164
53.654304  162
53.656596  151
53.658289  150
53.659962  146
53.663053  137
53.668457  134
53.680018  139
53.680857  136
53.684842  131
53.695469  144
53.697342  139
53.699854  139
53.703679  128
53.706885  134
53.709257  133
53.721178  108
53.733945  125
53.738590  119
53.742955  101
53.748293  117
53.751164  96
53.753616  111
53.759514  103
53.763679  103
53.765332  114
53.767045  102
53.770116  114
53.772508  100
53.780144  93
53.787260  92
53.789392  92
53.794451  75
53.806338  70
53.810483  70
53.813889  63
53.838147  86
53.839740  85
53.851440  83
53.853333  62
53.854906  61
53.857578  81
53.868340  75
53.873383  72
53.882512  57
53.905195  68
53.922245  65
53.946860  53
53.954970  47
53.960274  48
53.964919  53
53.967052  52
53.978014  44
53.980666  24
53.984871  23
53.986764  23
53.993701  22
53.995893  25
53.997566  22
54.016964  34
54.023526  4
54.034587  12
54.044555  19
54.046967  0
54.053545  19
54.060123  9
54.064368  17
54.069986  2
54.072079  9
54.074491  0
54.108491  7
54.121286  7
54.128163  4
54.132888  20
54.144070  0
54.146302  16
54.162592  14
54.176466  0
54.192333  0
54.197198  10
54.213229  0
54.217394  8
54.233400  8
54.252514  1
54.269019  11
54.287186  3
54.300680  12
54.359042  2
54.392530  6
54.412181  15
54.424736  0
54.462901  15
54.467366  0
54.476340  13
54.482163  0
54.486308  2
54.590634  6
54.602989  9
54.607294  4
54.622242  5
54.628719  10
54.661645  5
54.671528  7
54.689267  6
54.732990  7
54.740141  21
54.758740  0
54.771395  7
54.780444  13
54.782896  8
54.789993  9
54.795431  15
54.802217  12
54.815432  14
54.819717  1
54.828067  15
54.843254  8
54.870263  5
54.882578  0
54.885864  5
54.897712  1
54.902457  0
54.915812  0
54.938650  2
54.959320  0
54.966456  6
54.971924  16
54.981293  3
54.990203  0
54.999153  1
55.020679  13
55.053646  9
55.135243  18
55.164992  21
55.191495  13
55.219724  12
55.227559  2
55.245266  16
55.255709  26
55.271196  5
55.278233  22
55.284771  2
55.289216  4
55.293461  4
55.295654  22
55.320491  21
55.323143  0
55.327268  1
55.329680  23
55.342036  24
55.366463  30
55.372860  26
55.379857  13
55.387667  16
55.389780  24
55.403615  26
55.409003  20
55.425815  31
55.453132  42
55.463454  34
55.475674  9
55.479999  19
55.482172  29
55.499305  17
55.504863  40
55.511440  6
55.518717  12
55.520630  27
55.526608  27
55.543947  12
55.561506  30
55.565891  38
55.586182  24
55.589333  19
55.591066  38
55.601250  33
55.613032  24
55.617317  31
55.623315  40
55.629593  19
55.644780  41
55.648925  34
55.655083  22
55.663233  43
55.672142  41
55.685357  21
55.693867  39
55.699885  28
55.707302  25
55.714553  40
55.736578  21
55.747300  39
55.749952  45
55.769305  34
55.780505  37
55.791907  47
55.815424  44
55.821042  39
55.829257  41
55.848166  46
55.854044  36
55.874363  41
55.880561  36
55.910823  39
55.917340  59
55.932089  38
55.938326  61
55.944684  44
55.951841  63
56.000908  42
56.008967  58
56.013132  36
56.023535  64
56.035097  65
56.042988  67
56.064874  72
56.075456  42
56.084965  42
56.093395  58
56.098739  10
56.113428  67
56.123057  69
56.136870  54
56.149266  70
56.151498  57
56.162061  75
56.163694  68
56.169172  70
56.173237  48
56.189291  71
56.193636  50
56.201013  61
56.215781  61
56.217934  73
56.229136  55
56.239899  48
56.248490  69
56.254588  59
56.268281  61
56.295930  77
56.297763  74
56.300275  64
56.309809  74
56.324956  81
56.345563  66
56.352940  75
56.357365  77
56.370460  78
56.381203  70
56.387940  82
56.391945  77
56.398063  70
56.404480  75
56.410278  74
56.417035  62
56.427365  72
56.446977  84
56.453594  72
56.469122  32
56.476279  78
56.495271  80
56.501289  79
56.503302  75
56.509940  82
56.513725  77
56.518270  84
56.531804  84
56.534216  82
56.558153  82
56.607521  33
56.611786  72
56.623089  80
56.634251  78
56.657148  77
56.670763  79
56.682205  40
56.684198  81
56.690336  81
56.702552  78
56.709949  83
56.729669  80
56.759911  75
56.763936  77
56.772766  84
56.781536  88
56.787454  91
56.825173  92
56.829058  47
56.833163  85
56.837168  80
56.851195  87
56.858092  64
56.869074  99
56.879657  95
56.883862  85
56.894724  100
56.896777  86
56.901521  81
56.908957  92
56.913502  84
56.917307  82
56.920793  104
56.929083  103
56.933328  83
56.949554  87
56.959877  82
56.961530  84
56.975363  87
56.980128  80
56.991911  84
57.000461  80
57.002853  80
57.016571  98
57.021355  83
57.025250  85
57.029635  85
57.036119  101
57.072205  100
57.080045  105
57.084190  89
57.088635  109
57.095152  111
57.101170  89
57.112213  102
57.120523  87
57.128933  98
57.141708  93
57.147236  97
57.151221  99
57.160610  101
57.164156  108
57.169320  99
57.173665  108
57.175698  95
57.186600  110
57.201730  96
57.210180  106
57.240094  96
57.249224  112
57.254882  104
57.257035  116
57.259088  73
57.268981  84
57.271453  114
57.286839  119
57.291204  106
57.295249  104
57.307324  113
57.313701  115
57.315474  106
57.323772  114
57.328617  113
57.337207  124
57.350302  105
57.352435  110
57.366129  104
57.368202  126
57.374280  109
57.389527  110
57.393952  112
57.398757  122
57.415067  79
57.419838  102
57.433337  98
57.444224  109
57.446217  119
57.450882  110
57.456429  109
57.462567  122
57.498104  120
57.506894  122
57.508587  133
57.517676  135
57.528958  139
57.535615  114
57.544285  129
57.547731  110
57.551796  110
57.553429  120
57.559886  129
57.581879  125
57.586224  127
57.594454  119
57.598739  125
57.603044  139
57.607149  109
57.614466  139
57.619251  141
57.633006  145
57.639403  110
57.645601  138
57.662948  111
57.666414  145
57.679149  118
57.689472  128
57.692698  132
57.704738  96
57.706531  149
57.716061  110
57.723377  124
57.729955  154
57.738945  148
57.744963  127
57.759411  151
57.761604  138
57.766328  144
57.774499  131
57.782689  158
57.789790  156
57.794235  139
57.808389  138
57.814487  145
57.817059  122
57.837385  142
57.841310  146
57.847208  158
57.857770  137
57.862335  139
57.868393  148
57.874651  143
57.882108  122
57.889185  154
57.893729  140
57.900467  138
57.928509  144
57.937899  150
57.943797  148
57.947682  149
57.953520  142
57.960257  155
57.968508  148
57.977118  152
57.996230  143
57.998622  152
58.004940  151
58.013330  152
58.023673  145
58.025985  151
58.038020  150
58.040612  153
58.048942  149
58.052808  146
58.059745  155
58.061318  152
58.081852  151
58.083705  147
58.092954  159
58.118552  152
58.132746  159
58.160648  113
58.173884  150
58.185286  164
58.187838  159
58.196228  165
58.225825  156
58.234675  165
58.239440  167
58.270213  162
58.274758  164
58.292238  162
58.310716  132
58.334597  148
58.338982  163
58.379700  157
58.404116  163
58.412767  164
58.424209  166
58.430227  157
58.437384  157
58.440830  158
58.454787  155
58.478651  155
58.501828  160
58.528326  162
58.541142  168
58.543634  170
58.547040  175
58.559980  156
58.561633  175
58.587722  172
58.594459  156
58.625807  184
58.627480  168
58.648404  180
58.653169  160
58.661959  175
58.671803  163
58.689962  167
58.700843  176
58.703275  180
58.714664  184
58.718669  164
58.722895  162
58.728873  168
58.744160  167
58.753550  187
58.765112  172
58.771070  176
58.772743  168
58.787310  162
58.793788  152
58.795421  174
58.802437  169
58.815891  181
58.826194  168
58.835623  183
58.838235  164
58.854856  162
58.857288  165
58.874628  185
58.883258  188
58.894100  174
58.898365  186
58.902970  191
58.911280  194
58.924182  186
58.927848  187
58.932033  187
58.943415  172
58.949093  190
58.955251  180
58.970178  190
58.973524  197
58.991742  194
59.011868  183
59.016073  155
59.022431  190
59.040071  184
59.046649  193
59.050874  195
59.065627  188
59.076010  192
59.086193  187
59.092810  182
59.104192  188
59.122066  182
59.126550  179
59.130576  192
59.144050  191
59.150708  184
59.174805  192
59.198970  190
59.203355  190
59.210092  193
59.239560  202
59.241193  194
59.243206  190
59.253988  194
59.258213  195
59.262578  190
59.273640  188
59.295624  186
59.315205  206
59.334338  189
59.355039  192
59.375508  207
59.391414  192
59.403335  210
59.418702  200
59.429185  189
59.430858  195
59.437635  212
59.442279  218
59.443992  199
59.457540  196
59.468049  192
59.478812  200
59.501770  196
59.512352  199
59.517790  196
59.526919  212
59.532717  212
59.535289  212
59.543631  189
59.596230  223
59.598223  219
59.615677  195
59.625865  194
59.634015  214
59.637940  194
59.639753  203
59.649936  191
59.652348  200
59.654041  217
59.664943  200
59.670841  221
59.681730  220
59.704128  210
59.708573  213
59.710166  222
59.716224  221
59.738822  215
59.740475  202
59.745160  206
59.757856  224
59.765666  218
59.776995  216
59.778928  217
59.783233  202
59.793884  217
59.798768  211
59.800821  218
59.809531  198
59.815209  214
59.823599  229
59.832109  206
59.834581  211
59.844724  212
59.853114  220
59.857219  213
59.861824  208
59.868561  217
59.875399  224
59.911692  216
59.916437  214
59.940041  224
59.946806  219
59.955077  215
59.985971  221
59.997033  222
