# t(s) QueuingDelay(ms)
10.157324  0
10.182060  1
10.204738  6
10.209462  11
10.215840  12
10.241022  13
10.253877  13
10.256469  14
10.264431  16
10.269655  21
10.278185  24
10.279978  18
10.293540  22
10.302569  23
10.319006  33
10.320739  30
10.344236  35
10.365601  61
10.376051  66
10.389526  36
10.400129  76
10.422646  31
10.457393  41
10.461378  80
10.467216  42
10.468849  54
10.478958  84
10.488187  83
10.489960  100
10.498470  43
10.502076  133
10.517163  126
10.526826  47
10.544932  63
10.562646  77
10.583345  139
10.585717  95
10.601658  137
10.613460  155
10.624503  164
10.649780  103
10.651773  172
10.658550  177
10.667400  177
10.676032  113
10.690242  208
10.707882  141
10.716732  146
10.743645  200
10.746300  210
10.754710  146
10.757881  232
10.769503  249
10.771116  215
10.783851  153
10.786283  287
10.788695  218
10.805736  223
10.826641  292
10.832100  304
10.837087  234
10.848444  306
10.862892  247
10.865464  303
10.880231  254
10.895379  284
10.900024  175
10.915691  268
10.929886  278
10.932558  197
10.949439  204
10.953384  285
10.962533  283
10.967803  287
10.974640  287
10.982851  298
10.992720  308
11.003863  289
11.014446  315
11.026631  327
11.037993  351
11.053739  355
11.057605  299
11.061690  300
11.071333  307
11.089192  325
11.091025  314
11.127885  360
11.130157  325
11.148137  339
11.159619  350
11.167301  394
11.173519  314
11.177784  358
11.191218  358
11.217967  409
11.266048  318
11.276770  413
11.297895  432
11.312923  362
11.322253  327
11.336352  389
11.340577  469
11.347868  329
11.349721  410
11.368653  516
11.375290  527
11.379255  340
11.381587  418
11.395755  560
11.404545  573
11.410983  571
11.430995  362
11.450638  576
11.452870  367
11.482864  423
11.489261  431
11.496992  391
11.512279  503
11.516044  404
11.518017  583
11.534737  591
11.547278  513
11.553316  601
11.555369  413
11.565981  517
11.579295  631
11.583720  525
11.599795  420
11.603621  644
11.618748  653
11.640004  673
11.649988  434
11.652120  683
11.663002  14
11.687958  525
11.696788  441
11.705778  479
11.718854  699
11.723126  566
11.728210  520
11.741025  583
11.749356  537
11.782642  605
11.784415  494
11.797021  494
11.799054  612
11.808163  700
11.817133  618
11.823051  705
11.843523  720
11.847268  630
11.860517  632
11.864072  793
11.875319  641
11.884907  795
11.892178  665
11.907489  806
11.909062  675
11.928792  819
11.948902  834
11.957952  684
11.963275  563
11.978263  580
11.985487  840
12.023870  835
12.037144  806
12.055790  791
12.069324  587
12.080286  590
12.091229  598
12.095134  715
12.118970  751
12.174275  609
12.197334  757
12.217114  772
12.232906  788
12.252854  611
12.261164  25
12.263816  829
12.273045  855
12.277330  849
12.297200  860
12.304697  153
12.329355  865
12.335633  221
12.338185  603
12.354945  891
12.361382  902
12.371265  230
12.381987  899
12.402357  902
12.445252  964
12.464926  968
12.472343  636
12.478182  913
12.496101  987
12.502538  914
12.509775  937
12.519404  1025
12.528353  956
12.530366  1041
12.541847  976
12.544559  621
12.553309  1067
12.569614  963
12.581716  1077
12.598176  1081
12.617412  1097
12.649758  1118
12.656615  1119
12.707918  1109
12.752950  697
12.786235  705
12.799569  1008
12.817328  1032
12.833474  1057
12.867664  721
12.870276  1063
12.883809  1135
12.901528  1074
12.953551  1082
12.955544  265
12.960189  849
12.992395  1105
13.005130  772
13.009336  267
13.049413  288
13.058083  828
13.081361  1119
13.097907  1136
13.113255  309
13.117180  871
13.120806  1168
13.132248  877
13.143211  1180
13.154512  905
13.156245  1185
13.165294  951
13.192970  27
13.217736  41
13.223494  954
13.254785  964
13.270915  47
13.280227  928
13.305599  924
13.318693  57
13.335613  54
13.360554  87
13.367012  82
13.373369  69
13.385205  59
13.404343  0
13.470503  496
13.479892  100
13.491034  97
13.509326  95
13.523090  93
13.548907  0
13.581338  481
13.608505  94
13.632838  95
13.649488  488
13.652000  108
13.659696  485
13.753077  454
13.755669  452
13.801256  456
13.808300  467
13.847219  109
13.886016  25
13.887649  11
13.950075  22
13.992031  49
14.024034  32
14.037968  18
14.051543  30
14.074268  7
14.076261  44
14.094341  115
14.098786  17
14.108035  119
14.114413  469
14.123203  45
14.124776  195
14.142840  205
14.154562  208
14.156954  55
14.170148  211
14.180571  76
14.191274  207
14.207919  222
14.212751  213
14.221680  235
14.247098  2
14.249750  203
14.275161  227
14.291947  257
14.326527  28
14.348634  284
14.380401  292
14.387377  301
14.424372  54
14.452014  93
14.510220  194
14.514545  561
14.523156  214
14.527141  670
14.528714  53
14.533059  218
14.549544  677
14.558254  221
14.559947  687
14.571796  318
14.584631  76
14.595054  271
14.628009  264
14.655971  202
14.710123  41
14.728324  236
14.738886  236
14.749249  117
14.766936  131
14.797731  146
14.799324  244
14.856178  236
14.916803  357
14.923440  164
14.932470  387
14.955041  199
14.972801  203
14.995445  260
15.006015  299
15.051506  264
15.119504  411
15.123329  689
15.126535  289
15.142362  428
15.188985  474
15.224818  463
15.353732  704
15.361922  317
15.366207  501
15.409387  506
15.424694  448
15.479887  707
15.491029  10
15.493102  13
15.555008  334
15.576065  26
15.594118  363
15.612851  44
15.629297  465
15.637847  398
15.654339  165
15.658604  496
15.688457  345
15.734772  55
15.765468  360
15.772065  7
15.814295  452
15.820253  471
15.858144  118
15.881620  58
15.883313  499
15.889032  368
15.974012  186
16.029844  514
16.055004  373
16.083806  519
16.097774  500
16.104491  323
16.119879  394
16.151067  364
16.162756  471
16.177555  426
16.216516  250
16.235329  113
16.287556  432
16.289169  147
16.311985  158
16.338275  607
16.366019  772
16.409400  634
16.433855  653
16.447514  107
16.454231  468
16.474493  796
16.482583  677
16.514595  732
16.542698  713
16.580775  125
16.639530  581
16.702500  211
16.731840  136
16.740501  296
16.796022  594
16.811284  452
16.913782  601
16.927123  162
16.961321  636
16.987148  449
17.020598  312
17.027794  637
17.047345  459
17.048938  604
17.071529  485
17.118285  733
17.169862  495
17.178112  955
17.248875  520
17.265620  281
17.345531  656
17.351713  513
17.364253  583
17.406800  881
17.450247  235
17.490617  891
17.510413  667
17.573995  264
17.581071  510
17.601518  653
17.684214  499
17.728678  272
17.759143  341
17.791078  272
17.815418  267
17.822953  415
17.840372  433
17.842185  282
17.934585  282
18.011769  271
18.034383  520
18.041320  435
18.047757  528
18.075002  443
18.082318  517
18.089614  503
18.108558  95
18.113262  531
18.119919  569
18.122930  525
18.125142  492
18.135390  515
18.145418  425
18.148050  516
18.165114  499
18.167826  513
18.169958  497
18.172470  509
18.176655  493
18.181746  514
18.184098  194
18.199010  511
18.207180  187
18.209852  186
18.225088  444
18.233862  496
18.237248  492
18.263764  421
18.270521  269
18.328259  572
18.346008  510
18.364924  511
18.367276  509
18.377064  509
18.381229  508
18.391037  503
18.407609  265
18.413012  502
18.415304  964
18.440838  267
18.446528  271
18.447766  965
18.452311  275
18.461819  266
18.475931  511
18.490622  511
18.495366  275
18.497638  507
18.509559  505
18.519208  504
18.521860  266
18.552422  501
18.555074  514
18.562470  511
18.569526  509
18.576542  266
18.581326  513
18.589825  510
18.600272  505
18.604437  504
18.623553  504
18.633161  509
18.636232  262
18.647393  507
18.653076  507
18.681861  490
18.693784  259
18.708296  259
18.715137  489
18.742728  277
18.744381  276
18.768816  263
18.800235  267
18.815774  425
18.827069  427
18.828822  284
18.830535  865
18.832807  432
18.840387  288
18.842040  435
18.860442  286
18.872116  285
18.877364  493
18.882069  495
18.884621  502
18.890219  501
18.892891  520
18.905043  519
18.907295  500
18.909867  519
18.924179  518
18.943819  284
18.945572  284
18.947864  519
18.968773  284
18.977742  496
18.980154  493
18.983919  493
18.988084  492
18.996897  451
19.004353  276
19.009192  491
19.011724  263
19.016668  450
19.022111  982
19.024483  449
19.026136  262
19.030980  448
19.032813  509
19.041946  425
19.053487  448
19.055959  422
19.060504  446
19.065488  420
19.071291  420
19.080769  504
19.082682  446
19.084275  487
19.091152  446
19.095796  447
19.098168  503
19.103392  185
19.108675  445
19.123707  488
19.146229  508
19.153952  421
19.156923  422
19.161368  425
19.169498  488
19.173623  504
19.176135  489
19.179146  508
19.181838  186
19.183591  504
19.185903  490
19.188555  507
19.200285  507
19.204530  187
19.216750  185
19.221474  446
19.259829  421
19.267745  266
19.269378  265
19.271750  501
19.283750  264
19.326491  736
19.336486  496
19.346933  507
19.363138  502
19.372886  502
19.384906  500
19.421806  261
19.431534  499
19.436278  258
19.438990  496
19.441202  257
19.444408  256
19.446820  950
19.448433  250
19.454635  490
19.456927  488
19.503346  490
19.524514  251
19.531990  488
19.534622  492
19.537034  492
19.548495  485
19.557744  244
19.562588  491
19.565040  249
19.573719  475
19.586638  487
19.591382  488
19.604601  488
19.606913  491
19.608906  489
19.612811  488
19.615423  242
19.634679  487
19.668267  473
19.679688  243
19.688537  243
19.690270  485
19.701491  243
19.708787  238
19.717416  250
19.719349  250
19.728378  468
19.741823  405
19.756275  404
19.757848  239
19.760520  402
19.766118  400
19.779356  239
19.788705  249
19.790578  400
19.793729  248
19.799611  246
19.802083  399
19.803776  951
19.815721  398
19.818093  245
19.819706  461
19.821938  390
19.824190  241
19.826862  241
19.832940  235
19.838383  454
19.857944  443
19.864501  437
19.866114  436
19.877300  209
19.878913  208
19.881525  202
19.893021  376
19.894594  201
19.905405  421
19.907338  419
19.932545  377
19.936011  380
19.940675  424
19.943087  195
19.944700  423
19.950064  380
19.953135  912
19.967871  380
19.973669  357
19.975442  381
19.981629  355
19.983921  380
19.999956  381
20.001569  355
20.006992  380
20.010203  436
20.012076  379
20.034072  380
20.036484  123
20.042901  121
20.044494  423
20.046427  381
20.049338  381
20.051011  420
20.054242  116
20.058487  431
20.061578  112
20.067995  349
20.069668  343
20.078058  341
20.084839  424
20.088764  97
20.093069  79
20.102058  77
20.133317  298
20.137382  296
20.139035  140
20.147649  139
20.152733  138
20.159454  462
20.185053  845
20.235817  96
20.238209  89
20.250989  85
20.256197  83
20.263653  780
20.265386  80
20.269591  72
20.291997  74
20.311345  70
20.341249  47
20.344979  48
20.352035  27
20.358712  6
20.369079  5
20.383516  0
20.449417  7
20.465884  149
20.474138  148
20.498373  149
20.508081  1
20.512965  0
20.524786  147
20.526998  703
20.533759  233
20.559187  3
20.566363  9
20.601278  0
20.619863  1
20.651847  670
20.660756  112
20.662489  105
20.665101  103
20.666754  94
20.668407  91
20.678135  0
20.683838  84
20.686430  128
20.697056  54
20.701860  54
20.704032  52
20.708357  51
20.711368  133
20.728297  19
20.730709  18
20.733221  0
20.746055  180
20.764557  556
20.808922  509
20.925518  0
20.968395  0
20.970727  415
20.979876  0
21.051865  382
21.073249  0
21.075921  0
21.084870  0
21.112349  0
21.130567  353
21.179415  334
21.230039  355
21.342399  346
21.385392  0
21.396534  0
21.414891  335
21.462656  2
21.465248  9
21.466821  8
21.684717  22
21.695459  35
21.729140  45
21.736017  45
21.772848  3
21.775180  6
21.785208  75
21.797009  77
21.817357  20
21.835456  66
21.873372  10
21.882656  72
21.918238  74
21.922143  48
22.133494  64
22.174626  72
22.210925  114
22.222206  121
22.236974  136
22.261690  163
22.297929  168
22.308700  335
22.313305  413
22.319802  175
22.339308  188
22.344966  83
22.371243  68
22.383923  356
22.393975  107
22.400827  196
22.404313  196
22.415219  90
22.417831  2
22.446837  92
22.450962  75
22.499040  198
22.511461  207
22.548113  6
22.552718  75
22.578579  88
22.585356  223
22.647118  17
22.698881  10
22.737944  202
22.802227  208
22.844016  254
22.853305  225
22.879715  257
22.897495  273
22.911188  288
22.932213  299
22.952104  308
22.977855  311
22.986533  88
23.006243  326
23.020840  326
23.037804  512
23.055723  522
23.067523  164
23.069116  339
23.074020  201
23.086840  340
23.102920  396
23.119680  227
23.123805  233
23.138393  351
23.142338  358
23.151981  540
23.159297  207
23.171098  71
23.185645  219
23.196419  97
23.241471  261
23.248368  351
23.274121  360
23.288613  361
23.302506  229
23.313768  230
23.317014  158
23.324769  294
23.332025  364
23.353674  393
23.360810  496
23.362403  399
23.409479  698
23.420221  104
23.480530  31
23.555602  377
23.566903  393
23.583743  399
23.603527  398
23.617774  419
23.671796  439
23.729777  363
23.748169  442
23.758791  457
23.771650  465
23.782596  370
23.793078  469
23.814467  232
23.874662  482
23.884470  507
23.909799  704
23.939157  706
23.943122  504
23.945474  345
23.992604  514
23.998882  409
24.038918  464
24.053834  502
24.056326  509
24.061130  761
24.068566  375
24.071797  72
24.084177  336
24.094264  387
24.098169  200
24.122566  209
24.129150  379
24.131802  545
24.134274  560
24.136566  557
24.138998  557
24.152681  488
24.177121  65
24.180172  542
24.238004  411
24.240116  544
24.241749  413
24.244441  683
24.255982  401
24.257875  431
24.273054  431
24.291332  545
24.293105  581
24.295337  753
24.298029  562
24.364636  219
24.391558  548
24.421676  545
24.433926  113
24.464972  249
24.467484  422
24.478106  593
24.482315  611
24.501612  485
24.538528  547
24.558123  735
24.560455  553
24.574543  575
24.590787  852
24.601773  610
24.619261  622
24.625942  222
24.652179  628
24.672254  629
24.681583  628
24.742432  629
24.745024  632
24.749988  631
24.770184  632
24.777620  635
24.785240  564
24.796721  633
24.821428  544
24.839300  624
24.859682  625
24.861575  622
24.869370  620
24.889218  618
24.898032  612
24.900284  863
24.907704  611
24.912548  611
24.922716  886
24.927161  612
24.931626  367
24.972922  550
24.980233  577
24.986371  612
24.992738  613
24.994671  614
24.998776  622
25.001168  623
25.015025  577
25.025088  621
25.027720  585
25.030152  619
25.032624  612
25.035715  614
25.037308  612
25.046342  959
25.047975  197
25.050487  554
25.075460  616
25.080504  589
25.110110  621
25.111763  598
25.122565  622
25.127549  597
25.129941  596
25.149616  204
25.156174  843
25.189753  597
25.191865  375
25.194357  543
25.198402  597
25.202667  619
25.204799  602
25.210043  611
25.222845  577
25.225197  615
25.226930  578
25.229322  892
25.233567  620
25.237137  619
25.238635  617
25.241307  623
25.243699  959
25.250376  920
25.252788  934
25.258032  964
25.261917  964
25.264469  963
25.268495  608
25.272460  963
25.338819  402
25.395311  605
25.416240  602
25.424929  601
25.442308  600
25.458079  599
25.460451  591
25.467902  559
25.470354  558
25.473445  556
25.475118  880
25.478349  548
25.483452  546
25.486104  542
25.507692  559
25.525379  547
25.542712  545
25.545763  544
25.611192  547
25.615776  555
25.629968  544
25.670163  550
25.672495  550
25.681923  547
25.698907  548
25.704896  548
25.712222  903
25.742240  563
25.743698  561
25.746270  550
25.760124  551
25.771665  549
25.774097  548
25.775750  546
25.782791  545
25.787176  545
25.802462  543
25.804195  543
25.806567  541
25.808300  884
25.814123  537
25.815736  537
25.830215  537
25.838250  538
25.882463  533
25.890059  534
25.905390  534
25.907108  513
25.911473  540
25.927938  532
25.932522  532
25.941911  534
25.944343  534
25.947749  372
25.953714  546
25.981341  541
25.993516  555
25.996527  546
26.004303  531
26.017897  520
26.028105  550
26.034882  554
26.044431  558
26.051028  568
26.058165  543
26.064942  872
26.077855  526
26.085535  526
26.090794  520
26.094999  530
26.113756  526
26.121262  855
26.127909  530
26.130521  529
26.132174  868
26.141202  866
26.146166  862
26.217124  503
26.276396  507
26.313912  852
26.337352  500
26.349413  837
26.357824  502
26.360536  504
26.363248  506
26.367193  503
26.415382  503
26.424591  506
26.499856  489
26.523664  459
26.548206  448
26.591527  765
26.596551  746
26.598604  400
26.613538  397
26.617624  393
26.638401  385
26.640893  375
26.660490  347
26.664775  347
26.678190  362
26.687099  702
26.708492  363
26.727828  370
26.729421  364
26.736578  367
26.745727  368
26.750831  364
26.787677  356
26.789290  352
26.793595  348
26.797760  341
26.802225  339
26.809182  337
26.820624  662
26.822477  331
26.840036  692
26.917311  328
26.960506  352
26.999674  354
27.023138  352
27.100825  306
27.164576  309
27.180801  649
27.188616  308
27.212245  306
27.218642  632
27.235481  670
27.284388  322
27.286181  319
27.299355  306
27.342904  320
27.347808  317
27.349781  326
27.354146  326
27.356339  316
27.396555  656
27.416387  334
27.425356  329
27.429661  332
27.448119  333
27.461972  330
27.472274  307
27.494557  306
27.500295  660
27.526710  660
27.535560  300
27.549628  258
27.570758  259
27.577595  254
27.597437  243
27.603684  238
27.606356  238
27.610321  232
27.612054  555
27.619040  231
27.621532  229
27.623225  225
27.644596  580
27.677266  207
27.709533  215
27.748596  224
27.790818  219
27.796337  216
27.802559  564
27.815538  539
27.828452  220
27.849682  560
27.900429  200
27.905053  185
27.909378  183
27.925212  195
27.927085  206
27.931530  538
27.945343  193
27.951461  201
27.957699  536
27.971253  196
27.984568  195
27.988553  540
28.010664  176
28.014769  175
28.022625  197
28.044002  183
28.050060  179
28.064568  181
28.121203  196
28.138463  197
28.149845  199
28.178287  207
28.183131  201
28.185204  209
28.206529  550
28.242387  195
28.269184  184
28.303621  197
28.330529  196
28.334634  182
28.338859  526
28.342385  179
28.344817  496
28.365907  178
28.378763  509
28.383388  170
28.424911  149
28.432342  148
28.451269  147
28.455494  500
28.463764  163
28.471475  153
28.474701  149
28.477273  495
28.504703  505
28.518256  158
28.527005  143
28.529337  164
28.537987  170
28.548753  167
28.550726  170
28.552719  160
28.572037  146
28.576343  154
28.594601  155
28.656507  525
28.662305  172
28.684014  179
28.699029  177
28.707299  176
28.723345  176
28.738712  519
28.773711  161
28.791417  158
28.841203  176
28.847681  175
28.993522  162
29.008830  160
29.011781  514
29.031325  172
29.040294  180
29.054028  184
29.085445  189
29.088117  162
29.092282  168
29.120372  170
29.177228  172
29.182032  522
29.192514  159
29.196539  533
29.208040  189
29.215736  187
29.251913  179
29.266246  181
29.271111  175
29.276175  182
29.285544  177
29.332947  172
29.392505  184
29.406098  189
29.429375  496
29.432566  179
29.440121  499
29.478841  520
29.485765  523
29.524238  172
29.531214  163
29.536585  164
29.544261  178
29.566449  531
29.573106  526
29.580250  533
29.592130  187
29.605569  190
29.623847  162
29.638480  179
29.655854  170
29.662791  172
29.667396  166
29.683841  174
29.694532  532
29.711996  516
29.719892  156
29.724596  160
29.749411  169
29.759654  168
29.770516  166
29.774961  165
29.779306  165
29.780545  164
29.785329  157
29.792230  500
29.850617  115
29.853109  112
29.874507  139
29.900995  130
29.907572  471
29.910284  464
29.912656  123
29.915747  443
29.944648  123
29.951964  126
29.962651  459
29.966976  458
29.987534  104
30.006745  104
30.013172  112
30.017517  448
30.022681  446
30.027445  106
30.043051  449
30.049488  100
30.074654  82
30.079278  79
30.085816  90
30.095544  78
30.099949  415
30.111245  74
30.115929  70
30.123065  90
30.125238  86
30.139012  436
30.143496  435
30.177888  85
30.198019  441
30.225547  93
30.239141  97
30.250003  441
30.313138  72
30.354725  95
30.360229  439
30.365513  411
30.392656  93
30.432380  76
30.460447  83
30.462260  421
30.469936  83
30.496445  90
30.503641  68
30.515430  77
30.522207  79
30.537873  70
30.546842  70
30.551846  68
30.565480  66
30.590519  48
30.593985  48
30.610249  401
30.617006  54
30.618619  51
30.643074  51
30.645386  56
30.654216  50
30.703018  367
30.716740  46
30.720925  36
30.772149  52
30.810873  53
30.830485  29
30.837462  29
30.844079  24
30.859804  33
30.864189  383
30.880215  379
30.884660  29
30.891278  38
30.910610  28
30.914656  28
30.944815  43
30.955478  51
30.969091  50
30.970664  49
31.019019  395
31.059117  51
31.114101  33
31.115914  24
31.122671  43
31.171583  48
31.178440  368
31.191395  365
31.249025  36
31.278313  39
31.297585  53
31.394287  52
31.409261  68
31.434411  38
31.436204  41
31.459141  52
31.484511  58
31.489575  52
31.531731  389
31.660584  70
31.688866  69
31.690539  60
31.709711  66
31.714795  52
31.720773  399
31.722566  70
31.752940  58
31.775466  39
31.790054  45
31.795992  54
31.805768  72
31.824860  389
31.837256  74
31.840451  53
31.864508  59
31.914994  71
31.917446  70
31.928389  73
31.930302  77
31.949874  67
31.976983  405
31.990397  50
32.005649  65
32.011328  53
32.037823  59
32.058954  75
32.087922  74
32.101277  75
32.121370  420
32.143494  84
32.216183  61
32.223020  70
32.225113  74
32.257142  64
32.280180  96
32.293994  103
32.307195  110
32.324495  397
32.378506  421
32.398158  103
32.424447  107
32.431958  75
32.449798  74
32.472196  423
32.485071  75
32.498706  79
32.511861  100
32.517339  87
32.530793  80
32.540181  115
32.544027  416
32.550804  115
32.562820  420
32.571550  434
32.580427  100
32.591389  102
32.602292  432
32.621365  115
32.637506  63
32.653095  61
32.672666  111
32.699684  110
32.706142  444
32.719336  449
32.730658  103
32.746605  83
32.755734  120
32.765757  125
32.779830  120
32.788360  132
32.803567  134
32.819413  136
32.823737  443
32.835478  91
32.844088  117
32.848393  122
32.884212  449
32.891029  115
32.897906  140
32.919890  144
32.937589  109
32.956487  472
32.962745  69
32.982478  129
32.986503  491
32.988775  103
33.004700  133
33.012810  134
33.037316  115
33.060552  141
33.062685  113
33.070638  141
33.083453  458
33.085865  124
33.111021  459
33.144652  118
33.158306  125
33.163804  111
33.181837  119
33.236974  125
33.257459  137
33.263337  143
33.271467  142
33.280536  158
33.301167  474
33.307705  129
33.338824  464
33.346735  171
33.356264  145
33.365709  475
33.406754  175
33.412572  127
33.429852  486
33.432524  140
33.448245  179
33.480941  187
33.483014  149
33.490690  144
33.541356  138
33.551739  132
33.568958  138
33.583470  150
33.586042  171
33.587715  182
33.600829  127
33.604694  136
33.637781  488
33.651694  148
33.657652  150
33.663789  157
33.671260  493
33.711681  134
33.721624  133
33.746423  177
33.755792  494
33.776817  180
33.789272  501
33.791664  164
33.802746  145
33.805398  160
33.817359  149
33.826368  532
33.842268  204
33.852816  500
33.860087  516
33.865410  184
33.871707  174
33.928442  148
33.936992  518
33.949526  197
33.966785  200
33.986935  519
34.002461  196
34.009082  188
34.022176  185
34.034904  156
34.063050  188
34.082920  140
34.087305  201
34.107556  203
34.128954  188
34.153988  195
34.163911  194
34.193589  518
34.200206  524
34.203692  196
34.208476  205
34.234528  543
34.242558  201
34.256416  187
34.261021  199
34.270370  197
34.292532  177
34.330423  191
34.362908  541
34.375515  192
34.388789  204
34.393553  210
34.431440  209
34.438624  524
34.440756  203
34.451418  544
34.478445  210
34.482997  215
34.491771  198
34.500600  186
34.503791  211
34.528250  200
34.534292  214
34.542666  218
34.572994  548
34.574647  208
34.583696  543
34.609094  208
34.650115  212
34.668733  190
34.672918  197
34.688732  217
34.703668  553
34.721172  207
34.727450  188
34.732474  191
34.737678  530
34.740390  210
34.762952  208
34.786194  536
34.791178  211
34.801508  208
34.825942  215
34.844769  225
34.848914  225
34.862727  215
34.883037  201
34.904265  217
34.931293  211
34.950589  209
34.986126  560
34.991729  566
35.012817  538
35.015109  206
35.021721  557
35.045543  224
35.065438  210
35.075087  217
35.106189  218
35.138105  205
35.150273  214
35.160249  558
35.162362  557
35.180747  213
35.209847  202
35.221009  182
35.225214  184
35.231731  183
35.245064  175
35.250982  529
35.252675  528
35.258557  177
35.268006  169
35.280186  175
35.284931  511
35.290135  184
35.294280  179
35.324593  501
35.331430  501
35.338627  179
35.348235  512
35.349888  167
35.365914  164
35.375483  156
35.393661  140
35.415005  151
35.441357  142
35.460521  144
35.496477  164
35.509608  160
35.513114  510
35.514727  510
35.515706  506
35.534622  500
35.541199  498
35.551641  146
35.553394  148
35.578699  138
35.585576  138
35.596028  130
35.598460  127
35.613511  112
35.622840  465
35.624613  114
35.636374  107
35.644885  108
35.675846  109
35.684156  93
35.693365  98
35.711404  95
35.716408  447
35.728789  89
35.742182  95
35.749007  428
35.754705  106
35.756897  97
35.778067  105
35.793214  104
35.808841  111
35.819571  458
35.879966  105
35.944914  91
35.959250  99
35.970131  95
35.974496  106
35.978521  446
36.012909  101
36.038060  93
36.073803  97
36.085384  449
36.118804  64
36.131192  71
36.137190  70
36.147913  65
36.158516  59
36.165487  56
36.167899  64
36.176468  64
36.178081  56
36.185512  385
36.192928  60
36.197093  55
36.210786  52
36.213478  377
36.217203  49
36.226512  45
36.236955  44
36.249410  22
36.276019  33
36.303890  28
36.313259  378
36.329964  32
36.339453  31
36.346030  31
36.354180  38
36.374855  39
36.388370  46
36.404431  365
36.420061  43
36.421774  389
36.452308  38
36.454021  30
36.575612  31
36.578044  33
36.583188  38
36.593790  52
36.652021  47
36.756681  36
36.772384  46
36.795603  382
36.809237  45
36.846364  51
36.856771  42
36.870169  42
36.871782  49
36.880691  40
36.956506  43
36.960492  45
37.002228  49
37.007751  55
37.024504  59
37.031301  60
37.035387  56
37.058991  371
37.061104  54
37.069414  57
37.071587  373
37.075952  58
37.087034  59
37.100708  23
37.143679  33
37.162792  390
37.224709  67
37.231685  55
37.236150  60
37.247312  391
37.252396  59
37.256981  78
37.284876  53
37.287029  55
37.289621  391
37.291314  76
37.305083  69
37.315292  75
37.329161  65
37.339803  54
37.369858  399
37.407389  66
37.425209  32
37.449809  63
37.460411  82
37.468366  55
37.472791  394
37.478809  88
37.483673  83
37.493163  93
37.495236  70
37.497109  95
37.502817  90
37.507062  105
37.508875  398
37.513580  81
37.517666  78
37.522131  77
37.540169  400
37.545807  41
37.548419  87
37.567691  110
37.581125  48
37.617171  61
37.634461  420
37.688687  101
37.706405  106
37.715554  108
37.729368  433
37.740350  116
37.742063  109
37.755417  80
37.761615  89
37.771998  85
37.778675  81
37.781047  412
37.795275  82
37.804564  96
37.823356  77
37.848006  433
37.886530  111
37.894940  112
37.898246  110
37.909008  58
37.938289  110
37.940062  448
37.947018  115
37.958260  87
37.974655  107
37.977901  130
37.985636  111
37.987809  429
37.997018  113
38.001123  108
38.021608  116
38.023980  430
38.026612  85
38.034684  125
38.047059  64
38.067112  436
38.071257  99
38.111295  112
38.214348  131
38.226404  116
38.232610  135
38.234423  119
38.246044  463
38.261231  131
38.274290  117
38.286666  125
38.306636  129
38.308888  465
38.331393  142
38.352959  122
38.409602  144
38.427661  146
38.438904  162
38.462742  98
38.470659  467
38.486432  155
38.488245  127
38.499147  104
38.507937  168
38.518979  171
38.522764  157
38.527529  176
38.529502  441
38.536978  129
38.539670  176
38.541763  133
38.546268  146
38.555657  131
38.557390  444
38.561795  444
38.577709  100
38.579902  152
38.589291  162
38.599893  114
38.648540  470
38.650213  132
38.721241  146
38.727818  165
38.736208  150
38.749188  168
38.755705  173
38.761883  166
38.766148  151
38.768560  500
38.770133  127
38.777050  498
38.788798  508
38.792733  183
38.795305  169
38.802601  478
38.819960  174
38.833194  155
38.840965  152
38.849682  506
38.858361  156
38.862406  164
38.868983  169
38.872828  166
38.894016  161
38.911654  511
38.960793  166
39.003034  117
39.019443  159
39.036167  157
39.041865  178
39.053885  166
39.064392  167
39.066944  180
39.068577  499
39.087455  168
39.122987  515
39.136820  184
39.141924  155
39.244685  177
39.271847  175
39.280277  171
39.291618  184
39.301646  170
39.304837  175
39.316039  512
39.332250  183
39.334902  174
39.336755  513
39.372366  174
39.374818  166
39.390844  178
39.395289  166
39.420184  170
39.437363  173
39.491755  172
39.499710  170
39.565517  185
39.580871  178
39.595603  172
39.599828  171
39.605698  172
39.608070  174
39.622929  166
39.625022  168
39.631639  499
39.642927  499
39.653709  178
39.656181  523
39.667562  165
39.677944  181
39.724092  175
39.736372  178
39.738385  520
39.794374  178
39.799238  173
39.801867  164
39.809463  163
39.818672  162
39.821244  173
39.823616  172
39.828400  160
39.830612  159
39.837269  172
39.839042  493
39.847971  513
39.857579  522
39.864416  509
39.866748  161
39.887545  165
39.892489  165
39.894741  162
39.896494  153
39.911967  164
39.917091  503
39.918724  156
39.934097  148
39.936309  149
39.967028  162
40.022604  158
40.027008  160
40.032706  146
40.064493  147
40.068638  142
40.077854  136
40.084431  140
40.093130  128
40.094703  126
40.101340  123
40.103992  454
40.111153  121
40.120051  452
40.130903  452
40.132516  448
40.137240  126
40.143467  132
40.147952  478
40.158534  119
40.228221  471
40.232785  471
40.237449  124
40.272730  127
40.274703  104
40.276935  111
40.294893  108
40.301690  123
40.314010  438
40.316542  118
40.320887  111
40.323080  457
40.326950  110
40.349681  86
40.352313  98
40.359884  84
40.368458  99
40.371724  441
40.373956  95
40.381612  94
40.402857  74
40.412980  423
40.450178  69
40.454943  71
40.489235  50
40.490908  48
40.494434  31
40.498539  358
40.500332  357
40.510854  6
40.512867  14
40.517655  17
40.522858  362
40.524891  15
40.532733  4
40.547641  0
40.574850  0
40.591610  0
40.620890  0
40.630000  0
40.641042  0
40.647305  0
40.664646  313
40.669431  0
40.674036  332
40.703778  339
40.706410  0
40.723230  0
40.731301  338
40.787214  0
40.821921  0
40.831819  295
40.858518  317
40.985743  282
40.998538  300
41.019464  302
41.047307  298
41.326721  0
41.385666  3
41.389752  2
41.407491  303
41.419646  0
41.428495  17
41.430887  11
41.443722  307
41.509663  4
41.533898  26
41.552277  31
41.556302  9
41.578865  11
41.600131  0
41.604516  29
41.626940  33
41.668245  19
41.670018  26
41.684806  24
41.686559  22
41.693396  2
41.702505  18
41.706550  33
41.708223  20
41.723490  38
41.738998  35
41.741210  10
41.746015  31
41.750260  45
41.754645  34
41.775031  35
41.792438  44
41.804774  46
41.812864  28
41.821214  37
41.873439  42
41.902000  19
41.924584  48
41.933414  41
41.937479  43
42.028291  30
42.054240  41
42.060158  43
42.066256  23
42.081303  39
42.086107  45
42.090412  39
42.093658  64
42.100614  59
42.118213  32
42.144243  51
42.161064  49
42.170141  52
42.186741  64
42.192859  57
42.194572  62
42.205614  47
42.211392  48
42.276285  48
42.289919  69
42.305466  38
42.313717  51
42.323226  81
42.330543  73
42.332656  82
42.340886  67
42.351568  64
42.353621  69
42.371261  72
42.386150  75
42.431155  83
42.447722  50
42.466594  56
42.482540  65
42.488518  57
42.490251  78
42.501492  67
42.510102  68
42.515126  52
42.516879  73
42.521484  55
42.523357  105
42.530714  89
42.537112  78
42.561128  80
42.565373  82
42.569838  82
42.571971  91
42.578968  97
42.588232  82
42.593416  92
42.601886  94
42.617234  107
42.623751  98
42.625484  115
42.643723  82
42.647988  78
42.706044  58
42.719597  53
42.731060  67
42.734925  113
42.739989  81
42.751092  87
42.764426  115
42.770764  100
42.791095  91
42.804490  112
42.824731  87
42.833540  107
42.870592  115
42.878962  67
42.889726  91
42.915195  100
42.936133  88
42.940498  108
42.957166  117
42.961710  114
42.963603  108
42.968108  107
42.972693  118
42.977318  110
42.979450  131
42.983016  117
43.007733  120
43.016642  116
43.030217  120
43.032170  136
43.045324  125
43.058699  120
43.062984  121
43.080094  125
43.086531  129
43.100959  140
43.115706  120
43.169453  102
43.179936  115
43.188786  93
43.194085  136
43.200363  120
43.215771  137
43.224048  113
43.241188  145
43.242881  149
43.252330  143
43.281625  136
43.297579  158
43.312426  111
43.322055  128
43.362123  146
43.373404  109
43.378832  149
43.427029  124
43.428842  114
43.430795  128
43.439825  134
43.446462  145
43.455132  137
43.459777  154
43.473651  172
43.475284  133
43.488199  147
43.505659  156
43.509484  120
43.530630  172
43.534835  161
43.546638  167
43.553335  175
43.554968  165
43.575754  173
43.594112  174
43.612845  160
43.617070  145
43.623168  152
43.675894  151
43.692295  163
43.698932  163
43.709275  171
43.713260  177
43.717345  161
43.733910  160
43.758494  168
43.760067  181
43.797367  170
43.801792  176
43.819585  165
43.821778  178
43.888393  187
43.900513  156
43.912089  166
43.918985  158
43.938697  167
43.943002  163
43.970605  165
43.976603  180
43.985113  190
44.002768  181
44.021285  185
44.025230  180
44.030828  179
44.043103  190
44.062076  183
44.079655  198
44.087745  188
44.102952  189
44.145081  181
44.155004  188
44.201058  171
44.217978  177
44.244527  201
44.248312  178
44.258882  202
44.273410  198
44.275682  182
44.277875  198
44.284352  195
44.291409  201
44.295494  184
44.304004  199
44.311141  184
44.323897  200
44.331073  195
44.357265  215
44.359697  195
44.367008  182
44.408844  196
44.432363  192
44.434076  187
44.439440  205
44.451923  177
44.473507  196
44.494218  198
44.502529  209
44.504702  206
44.515125  215
44.518336  199
44.540987  196
44.545791  207
44.547464  216
44.564089  215
44.568115  223
44.576165  200
44.582103  201
44.593445  218
44.606400  227
44.610825  226
44.619405  226
44.621657  224
44.625602  226
44.635290  233
44.697372  214
44.714591  210
44.720589  216
44.722342  212
44.780232  226
44.782744  215
44.821357  232
44.848284  210
44.868813  232
44.874017  227
44.925826  220
44.955206  229
44.981380  228
45.017538  225
45.026967  225
45.037849  220
45.042534  225
45.044467  216
45.048752  222
45.053456  231
45.066171  219
45.073247  225
45.082557  224
45.085089  213
45.089314  226
45.116150  233
45.118542  230
45.122846  228
45.134028  230
45.136200  229
45.148420  230
45.163457  230
45.199693  224
45.216517  229
45.233809  217
45.250768  220
45.256191  205
45.312155  212
45.317059  222
45.325569  218
45.329654  224
45.340516  211
45.361606  219
45.374665  224
45.381701  225
45.390278  220
45.402212  223
45.608199  226
45.621252  225
45.628128  212
45.633192  225
45.635424  224
45.640048  229
45.656293  224
45.704541  222
45.716641  222
45.733364  222
45.753748  211
45.762657  209
45.782852  219
45.789489  216
45.808665  219
45.855351  221
45.857024  214
45.872016  208
45.896212  210
45.904327  213
45.907979  212
45.910591  208
45.916569  202
45.922312  204
45.948674  212
45.974296  204
45.986456  195
45.992660  190
45.997844  192
46.028697  198
46.039480  198
46.074144  181
46.109068  199
46.113832  199
46.118177  202
46.119850  203
46.122761  200
46.123800  198
46.126492  193
46.128405  199
46.132595  199
46.137240  181
46.139792  190
46.146529  187
46.154859  185
46.161576  179
46.165621  185
46.167274  184
46.170465  181
46.172757  183
46.177002  179
46.178121  180
46.189049  176
46.222303  153
46.232431  147
46.267454  147
46.310347  139
46.314219  144
46.327013  135
46.328586  132
46.353186  139
46.362036  139
46.366540  130
46.368253  130
46.373971  124
46.390121  125
46.421875  101
46.455340  114
46.495497  93
46.503827  102
46.517028  111
46.527950  103
46.531875  99
46.536600  102
46.539192  106
46.543437  101
46.549894  84
46.552106  100
46.554259  84
46.556172  97
46.558424  90
46.561076  94
46.567353  90
46.571638  87
46.589137  88
46.608948  70
46.615746  64
46.622043  63
46.656927  76
46.690614  83
46.703370  79
46.705702  80
46.710087  62
46.732331  65
46.739822  65
46.769350  83
46.810273  61
46.838916  70
46.878551  55
46.885388  63
46.893499  64
46.902808  56
46.906713  56
46.911358  58
46.913051  56
46.917595  40
46.926105  57
46.938759  61
46.942604  58
46.953546  52
46.976544  47
46.981189  44
47.024417  54
47.066748  49
47.069120  53
47.075897  45
47.106358  59
47.110423  52
47.128456  59
47.440045  61
47.468227  72
47.523751  64
47.537066  64
47.557031  75
47.565126  64
47.583879  47
47.635959  65
47.667301  49
47.676130  64
47.678302  72
47.689605  73
47.691178  67
47.699428  68
47.713083  54
47.716769  73
47.728430  66
47.745964  74
47.752361  90
47.753994  57
47.765870  82
47.782093  67
47.831619  82
47.873609  68
47.885265  72
47.912407  86
47.928947  82
47.934450  77
47.942980  87
47.958834  87
48.029507  90
48.081900  83
48.100733  65
48.104259  93
48.111535  84
48.119765  97
48.126063  86
48.133120  91
48.135272  75
48.155164  91
48.201315  73
48.229478  83
48.237368  83
48.276233  93
48.305249  96
48.318863  107
48.323308  84
48.325121  82
48.338515  85
48.350056  95
48.365303  101
48.373653  100
48.376145  98
48.385454  108
48.389500  95
48.408025  105
48.441910  108
48.443803  125
48.462336  85
48.556379  84
48.557972  114
48.564469  100
48.568814  75
48.581389  126
48.594084  102
48.598329  89
48.612024  109
48.613837  113
48.615570  109
48.660131  82
48.661824  102
48.674639  103
48.693237  112
48.737765  101
48.761669  106
48.767887  115
48.771772  143
48.781975  116
48.785920  123
48.815577  130
48.830191  135
48.836968  135
48.852204  141
48.856349  129
48.872450  124
48.888396  142
48.892401  106
48.894214  83
48.904997  133
48.915819  139
48.920384  134
48.990556  115
49.002337  120
49.049439  125
49.052965  135
49.075957  141
49.095963  127
49.133212  151
49.144147  142
49.152518  152
49.163560  136
49.186618  143
49.231819  138
49.258269  142
49.279875  161
49.305030  133
49.313600  136
49.330220  149
49.348920  144
49.355737  150
49.375329  158
49.383899  151
49.385492  147
49.401245  160
49.403697  152
49.408022  110
49.428477  197
49.462377  170
49.475132  171
49.514477  162
49.524680  158
49.555915  164
49.560660  197
49.574848  175
49.576421  181
49.581485  149
49.596652  191
49.605442  189
49.613620  166
49.617805  193
49.619518  159
49.621870  163
49.631918  156
49.649598  201
49.651591  182
49.653404  183
49.662301  182
49.676695  187
49.680980  192
49.694215  214
49.698120  200
49.704518  187
49.724624  196
49.793865  202
49.826222  201
49.830267  199
49.838737  178
49.890230  193
49.894655  200
49.897107  222
49.918091  219
49.936171  202
49.949076  215
49.951648  211
49.973712  136
49.985381  226
50.013289  203
50.028950  206
50.058086  209
50.067849  203
50.079870  194
50.109231  225
50.135187  198
50.139392  211
50.150274  218
50.152786  236
50.161156  219
50.163608  161
50.174211  220
50.175804  198
50.207018  229
50.220359  224
50.229569  230
50.243405  233
50.250641  214
50.275297  211
50.350912  222
50.356510  228
50.361933  214
50.374873  213
50.390899  232
50.405912  222
50.409063  229
50.417932  229
50.438484  222
50.445820  230
50.450625  236
50.461795  237
50.466479  241
50.481805  218
50.486929  248
50.498809  237
50.501281  226
50.513676  231
50.529561  198
50.540423  243
50.590859  219
50.608878  241
50.615495  234
50.634551  231
50.638956  232
50.663566  243
50.696207  235
50.705176  238
50.738899  239
50.774496  237
50.800993  244
50.804978  240
50.831870  235
50.855591  231
50.858303  227
50.886923  231
50.921345  233
50.938788  222
50.952506  237
51.003309  243
51.042146  236
51.065667  231
51.085864  228
51.106953  241
51.143418  244
51.161815  243
51.176334  235
51.207818  233
51.214295  241
51.231040  241
51.244913  240
51.254841  239
51.256494  236
51.263331  244
51.266677  240
51.269768  240
51.273858  245
51.296760  242
51.305071  245
51.326960  245
51.362057  243
51.365752  243
51.367465  248
51.387640  240
51.392964  242
51.418241  237
51.420074  240
51.455197  233
51.467737  243
51.474781  248
51.494532  232
51.497124  225
51.503002  237
51.519427  232
51.556869  246
51.565738  240
51.567691  245
51.569364  244
51.571896  237
51.574388  246
51.594085  235
51.596637  230
51.603454  229
51.611565  238
51.613757  228
51.626866  222
51.629937  230
51.633962  224
51.688002  211
51.694039  209
51.695832  206
51.715863  199
51.722780  210
51.728918  197
51.739844  203
51.745882  204
51.756883  195
51.768544  192
51.770896  181
51.777233  197
51.778866  196
51.781358  197
51.795491  192
51.798382  211
51.800874  181
51.826070  190
51.827803  187
51.838310  186
51.857382  183
51.860094  182
51.862087  185
51.875900  162
51.884630  144
51.902368  136
51.909705  136
51.913551  135
51.918115  134
51.932823  111
51.935175  127
51.941013  124
51.958852  120
51.967982  109
51.978665  112
51.987814  115
51.990066  107
51.991699  103
51.993117  109
52.007904  101
52.010456  96
52.036785  91
52.040990  94
52.051833  94
52.071724  84
52.087671  86
52.091756  83
52.098173  71
52.114847  86
52.122103  88
52.134918  89
52.137570  83
52.142195  87
52.166611  78
52.172549  70
52.178474  87
52.189517  80
52.191949  61
52.210163  76
52.214248  78
52.215881  70
52.230982  72
52.237806  68
52.261153  67
52.274068  68
52.291027  59
52.292660  77
52.320567  55
52.324812  69
52.347871  61
52.360826  69
52.373781  66
52.388568  69
52.397654  67
52.406583  63
52.427694  75
52.432039  69
52.479146  74
52.502523  72
52.574742  74
52.601579  66
52.706478  76
52.710044  59
52.812687  74
52.879987  72
52.887458  61
52.907350  77
52.931586  82
52.944401  77
53.016395  79
53.044637  70
53.064709  79
53.084660  86
53.101819  70
53.108037  91
53.121092  91
53.122925  74
53.133347  73
53.155252  67
53.173965  76
53.176157  71
53.207165  84
53.210671  81
53.225658  82
53.239931  89
53.260652  92
53.295491  72
53.299736  96
53.304021  84
53.306673  82
53.311018  76
53.315243  87
53.345172  77
53.353682  104
53.363650  107
53.375766  100
53.411358  95
53.413710  84
53.435495  87
53.437787  95
53.505401  97
53.511139  90
53.526086  74
53.536269  92
53.550217  91
53.558947  113
53.560920  97
53.564745  94
53.590519  87
53.611792  92
53.623293  86
53.646850  104
53.658931  96
53.662897  97
53.670354  108
53.676872  103
53.687335  115
53.709819  109
53.741552  107
53.746980  96
53.755849  104
53.779322  114
53.787519  120
53.796668  104
53.811975  112
53.814307  126
53.821125  142
53.822878  93
53.824911  94
53.833288  147
53.839346  117
53.870101  100
53.871674  100
53.876019  105
53.880724  110
53.887281  106
53.905040  102
53.924592  124
53.935654  111
53.958533  116
53.995532  110
54.006895  92
54.028458  111
54.030191  114
54.041393  114
54.045658  107
54.053989  140
54.072810  122
54.086983  115
54.102031  131
54.104343  126
54.108309  123
54.117119  124
54.151604  129
54.157742  127
54.163500  154
54.166152  130
54.211414  153
54.232579  119
54.258702  112
54.268252  107
54.272397  129
54.276742  153
54.279234  138
54.283139  152
54.291090  158
54.319499  198
54.323984  143
54.342084  147
54.361116  178
54.381701  146
54.387344  144
54.390036  134
54.394481  179
54.397013  152
54.400899  154
54.416047  150
54.453055  155
54.457759  167
54.475238  156
54.483069  108
54.485361  163
54.492358  172
54.535747  202
54.541006  160
54.544792  158
54.558386  170
54.563011  178
54.567256  161
54.614084  171
54.631265  177
54.637802  159
54.644440  176
54.677121  181
54.696852  180
54.703649  199
54.757813  186
54.788171  202
54.793694  190
54.801010  200
54.802823  131
54.811113  202
54.844419  199
54.848424  202
54.855975  193
54.881091  205
54.886319  200
54.904063  189
54.905696  203
54.911339  191
54.916590  188
54.918543  191
54.927592  193
54.946629  187
54.972518  196
54.979455  203
54.983740  195
55.001519  204
55.003392  204
55.048798  201
55.060519  191
55.062532  192
55.077045  185
55.079657  198
55.125573  208
55.139046  202
55.143431  198
55.172945  202
55.194401  201
55.197472  203
55.202256  199
55.204109  200
55.261196  202
55.282726  202
55.319640  203
55.322352  203
55.336585  207
55.382032  214
55.449444  194
55.611794  197
55.619309  193
55.670509  206
55.683956  194
55.689854  193
55.724729  209
55.727041  203
55.731465  205
55.743825  205
55.748689  210
55.770217  207
55.777633  205
55.800896  205
55.803428  207
55.805081  206
55.810125  204
55.826012  190
55.830477  190
55.833109  204
55.846192  203
55.863870  204
55.871705  201
55.878462  193
55.896324  198
55.901168  193
55.917373  197
55.921638  202
55.931226  201
55.942168  185
55.944460  196
55.947926  194
55.949579  182
55.955402  188
55.967730  200
55.993796  192
56.004758  186
56.011395  183
56.015480  182
56.037566  198
56.039179  198
56.049127  196
56.061666  190
56.084348  189
56.106556  192
56.116104  188
56.118536  190
56.148864  178
56.156719  188
56.166387  176
56.173603  170
56.177948  169
56.187920  172
56.209309  173
56.214847  162
56.222163  169
56.223756  167
56.252992  171
56.257936  164
56.260148  169
56.276309  162
56.294167  147
56.297733  146
56.299306  146
56.301878  142
56.303531  146
56.336742  138
56.346654  145
56.352252  142
56.354185  134
56.361540  139
56.372047  140
56.373940  140
56.382510  141
56.393391  123
56.395004  134
56.406325  131
56.408358  128
56.415155  136
56.438404  125
56.445764  122
56.458831  125
56.463495  120
56.474816  124
56.476569  127
56.479061  128
56.519805  101
56.526842  98
56.527521  96
56.529214  97
56.532085  102
56.534737  106
56.536390  96
56.554668  86
56.559293  91
56.563398  85
56.573167  83
56.580084  83
56.582776  80
56.584609  82
56.586262  89
56.617786  87
56.668405  78
56.685771  76
56.692448  83
56.698266  84
56.700658  80
56.708628  67
56.710945  73
56.728064  66
56.731330  65
56.733003  61
56.738386  63
56.754133  70
56.758158  66
56.769220  48
56.775088  63
56.790462  63
56.818842  46
56.822348  45
56.824800  45
56.834948  46
56.836621  42
56.842739  41
56.877825  32
56.881870  34
56.883583  37
56.885735  31
56.909977  34
56.918627  26
56.925424  25
56.929369  33
56.931522  26
56.945215  29
56.952966  31
56.960637  25
57.027875  24
57.032060  22
57.034712  26
57.041010  32
57.067299  20
57.072223  19
57.075948  24
57.077521  16
57.107356  6
57.111581  15
57.121030  16
57.125675  21
57.148653  3
57.160054  8
57.166032  11
57.200931  4
57.252054  12
57.254107  7
57.276694  12
57.278727  11
57.291502  15
57.303562  22
57.313145  0
57.364015  16
57.372906  11
57.402208  12
57.406653  10
57.440472  13
57.446030  11
57.455659  6
57.500401  17
57.568102  22
57.582751  5
57.587136  8
57.607627  10
57.626340  9
57.630665  13
57.674475  1
57.685057  3
57.689622  5
57.702537  2
57.707721  0
57.714998  0
57.717091  0
57.733097  0
57.760265  11
57.762397  4
57.768315  8
57.778638  0
57.824861  10
57.888277  4
58.050887  0
58.062683  5
58.254930  5
58.277139  18
58.281444  26
58.305090  17
58.311547  7
58.322190  12
58.330146  7
58.339136  17
58.380662  10
58.398975  28
58.408171  23
58.420092  26
58.425990  3
58.429396  32
58.440584  45
58.444869  6
58.470284  21
58.472536  10
58.482299  1
58.488756  17
58.501991  22
58.521563  18
58.541476  10
58.554469  26
58.591161  13
58.610553  40
58.612606  20
58.620816  17
58.634220  27
58.638985  30
58.641537  39
58.663681  60
58.673230  56
58.680526  56
58.691269  23
58.694915  46
58.706136  22
58.712154  40
58.714047  36
58.725349  54
58.729814  42
58.771275  57
58.797525  28
58.799158  61
58.817537  56
58.821802  27
58.823735  68
58.832225  57
58.836750  68
58.852177  36
58.853790  79
58.866326  57
58.886159  53
58.890544  48
58.898155  59
58.903119  57
58.910210  70
58.911883  56
58.947941  60
58.954738  61
58.969886  61
58.974111  46
59.027751  66
59.032655  70
59.041305  68
59.051936  66
59.060865  80
59.075312  81
59.081909  94
59.083722  69
59.091832  115
59.103214  80
59.109632  87
59.117802  96
59.126592  88
59.130897  79
59.139926  78
59.149755  99
59.154200  71
59.162250  92
59.198576  75
59.230789  90
59.234634  58
59.236627  116
59.246239  88
59.253555  89
59.267688  110
59.288334  95
59.314771  110
59.319316  105
59.329399  100
59.348022  93
59.350554  110
59.378455  104
59.386865  105
59.400933  88
59.417393  110
59.452259  95
59.477350  109
59.491024  101
59.507605  117
59.509658  108
59.524825  123
59.544004  127
59.555406  114
59.561604  125
59.570574  115
59.572667  118
59.584682  117
59.603236  111
59.615741  111
59.657684  115
59.665719  111
59.695535  116
59.704046  117
59.723319  106
59.741613  109
59.813951  125
59.815524  117
59.820887  116
59.828058  115
59.836228  126
59.863930  117
59.883287  139
59.893290  119
59.915828  132
59.922225  121
59.960828  123
59.965333  126
59.974342  129
59.977608  160
59.979261  123
59.990422  123
