# t(s) QueuingDelay(ms)
10.180957  2
10.199576  4
10.203781  6
10.207786  11
10.222614  1
10.227119  15
10.238065  13
10.245061  3
10.259756  8
10.275064  23
10.311265  24
10.354874  55
10.369921  33
10.371694  43
10.383375  67
10.411518  60
10.413551  61
10.437348  73
10.439700  79
10.453300  8
10.455932  102
10.479110  87
10.481742  116
10.491905  22
10.501035  32
10.520347  51
10.530490  100
10.539240  71
10.541153  104
10.551855  122
10.560645  128
10.569534  123
10.579737  122
10.581869  81
10.591153  128
10.603588  89
10.609985  132
10.616702  119
10.658180  138
10.664069  91
10.670307  231
10.683301  126
10.697795  243
10.703993  105
10.710990  135
10.729463  132
10.748555  144
10.759258  269
10.769313  148
10.773920  156
10.786255  168
10.788867  276
10.790760  152
10.808879  171
10.814163  292
10.818429  168
10.829371  333
10.833776  181
10.839614  212
10.845103  354
10.852100  229
10.860670  248
10.873165  263
10.874978  366
10.887893  269
10.893711  190
10.898515  370
10.901881  271
10.914976  277
10.917388  373
10.924245  285
10.932676  199
10.937940  293
10.944737  396
10.946310  219
10.958485  299
10.970141  400
10.974965  303
10.994245  390
10.996318  315
11.035970  316
11.048185  329
11.068681  340
11.074499  398
11.076372  224
11.096303  399
11.101088  331
11.103620  243
11.113031  26
11.121361  400
11.127839  417
11.132983  250
11.143825  306
11.145458  430
11.157379  67
11.177605  445
11.181670  320
11.207880  447
11.214837  326
11.230304  468
11.240188  468
11.242480  329
11.252263  362
11.265617  397
11.267430  356
11.280405  373
11.282957  475
11.307533  392
11.311479  397
11.336749  489
11.377074  498
11.379326  413
11.385944  401
11.390109  429
11.397226  513
11.405017  458
11.409941  402
11.424055  412
11.426327  481
11.436121  484
11.446384  488
11.450589  74
11.454754  498
11.463444  96
11.476799  503
11.487022  422
11.489214  504
11.499577  128
11.521641  175
11.545259  525
11.575733  508
11.584265  539
11.586957  426
11.598407  557
11.608670  535
11.621005  559
11.627622  547
11.644443  565
11.653272  676
11.667520  454
11.669493  571
11.680335  722
11.689025  725
11.690678  572
11.703572  736
11.712642  188
11.720732  203
11.740185  741
11.747896  579
11.756306  459
11.778851  577
11.792025  484
11.804540  748
11.813764  532
11.824206  577
11.832415  534
11.842618  764
11.846663  573
11.865555  773
11.869920  547
11.884648  563
11.895530  785
11.923919  792
11.926092  557
11.947825  549
11.971801  807
11.976680  556
11.988721  820
12.014272  826
12.028133  858
12.030326  588
12.045594  580
12.048226  586
12.064978  228
12.073868  587
12.087183  286
12.108476  878
12.119438  593
12.133806  888
12.153027  611
12.154700  933
12.163570  339
12.173813  621
12.175646  943
12.180060  355
12.217914  944
12.220266  362
12.227103  638
12.244590  667
12.250928  953
12.271360  956
12.272993  654
12.275145  671
12.285228  984
12.290332  662
12.302748  1004
12.322268  1016
12.324860  673
12.340308  378
12.392216  1021
12.411648  1027
12.423863  1048
12.425496  706
12.449633  1060
12.481053  747
12.496899  748
12.503337  733
12.510799  713
12.526766  687
12.542074  757
12.552097  777
12.556042  1071
12.571716  947
12.573948  12
12.583290  791
12.591141  681
12.633181  25
12.687456  31
12.725694  60
12.729959  977
12.745645  703
12.800793  991
12.860577  85
12.879489  392
12.896240  808
12.915573  412
12.933312  939
12.939610  421
12.948923  738
12.958771  1022
12.969423  1023
12.973788  470
13.002618  485
13.005689  1025
13.030307  501
13.037643  1026
13.047131  427
13.053409  754
13.057894  420
13.068696  418
13.076778  414
13.087700  777
13.093258  830
13.100475  787
13.107492  779
13.113450  761
13.120647  732
13.131149  711
13.137786  698
13.144524  684
13.152565  680
13.158583  679
13.164940  672
13.172762  663
13.181512  659
13.194048  659
13.203776  14
13.228467  352
13.234745  627
13.243655  8
13.295307  4
13.301824  0
13.338495  264
13.353503  252
13.404452  251
13.412091  486
13.414164  485
13.421421  239
13.430351  476
13.492882  483
13.501332  490
13.505197  245
13.512799  238
13.524100  237
13.565571  238
13.571808  241
13.604287  409
13.622831  409
13.630212  414
13.662938  164
13.747809  501
13.783442  14
13.803700  16
13.805733  32
13.813963  53
13.818308  52
13.825145  74
13.862803  66
13.878550  77
13.900434  92
13.909264  232
13.927816  103
13.937759  240
13.953565  252
13.963788  269
14.014605  293
14.023894  300
14.082586  343
14.109070  348
14.131254  372
14.144169  606
14.154472  374
14.167067  388
14.192565  393
14.224491  413
14.234954  416
14.252005  423
14.268411  413
14.270524  425
14.286401  417
14.288234  434
14.290606  629
14.294891  622
14.304665  627
14.311562  630
14.317680  435
14.325990  440
14.337611  108
14.364440  454
14.370938  152
14.384766  78
14.389191  479
14.397781  484
14.407011  224
14.412729  229
14.447556  490
14.464835  221
14.502680  224
14.557299  410
14.696204  227
14.736063  232
14.815717  399
14.959851  451
14.966128  631
14.980276  631
15.003623  553
15.129061  418
15.143969  457
15.146381  246
15.170278  388
15.208353  283
15.217202  28
15.235161  346
15.266569  368
15.295884  374
15.315975  20
15.397793  395
15.430141  461
15.446402  553
15.466153  422
15.502404  445
15.514445  961
15.546490  960
15.637209  461
15.683278  914
15.689236  69
15.716165  897
15.729360  845
15.733945  106
15.775661  946
15.784031  665
15.824872  534
15.872052  372
15.897810  706
15.902155  590
15.906520  366
15.940700  32
15.943372  646
15.947577  786
15.961181  62
15.969552  51
15.999927  454
16.049159  795
16.076315  743
16.082792  759
16.137162  459
16.154684  486
16.217867  390
16.228253  121
16.257628  381
16.321505  429
16.357261  74
16.366350  107
16.381158  568
16.437652  107
16.481723  131
16.601238  152
16.618841  526
16.641939  499
16.722683  441
16.745211  473
16.789434  826
16.807254  146
16.839209  779
16.852683  545
16.854876  161
16.978798  840
17.005307  47
17.077523  836
17.108435  62
17.110887  477
17.181703  881
17.273007  100
17.303904  165
17.306276  151
17.317978  573
17.328323  455
17.332448  162
17.440113  173
17.504296  155
17.506608  202
17.528516  763
17.580615  775
17.664376  805
17.687715  555
17.697084  902
17.832965  261
17.847194  931
17.855544  846
17.955577  160
17.984343  884
17.986495  837
18.054639  1011
18.090653  169
18.105105  936
18.120001  1020
18.134773  1348
18.159911  225
18.182306  655
18.217570  304
18.219722  557
18.258511  580
18.316499  633
18.391833  277
18.429335  315
18.501316  243
18.576884  645
18.589079  622
18.622048  329
18.688057  569
18.804322  321
18.933084  576
18.959645  860
18.984635  196
19.016916  259
19.040461  318
19.051682  873
19.056127  995
19.066598  329
19.131647  339
19.176582  582
19.185460  77
19.198694  984
19.206904  572
19.208477  569
19.214579  332
19.223088  70
19.250853  999
19.285269  979
19.300888  334
19.303380  977
19.309821  570
19.313127  570
19.339989  575
19.355829  576
19.357442  573
19.360968  570
19.362601  63
19.364474  563
19.377448  60
19.385103  312
19.439571  314
19.478043  321
19.523947  331
19.573960  327
19.599061  564
19.605458  322
19.610002  580
19.611695  575
19.632684  325
19.635615  326
19.640659  327
19.658282  577
19.661608  573
19.667355  570
19.674412  321
19.684540  320
19.700341  570
19.709849  569
19.725475  568
19.773538  321
19.779456  320
19.824025  325
19.825638  330
19.849823  576
19.852295  577
19.880072  585
19.953820  589
19.959133  588
19.977335  965
19.983333  971
19.987438  322
20.000542  320
20.007778  317
20.028979  318
20.031611  320
20.035676  319
20.048095  318
20.052879  984
20.060522  314
20.100871  566
20.104217  564
20.196016  566
20.200181  81
20.221192  566
20.224438  583
20.231175  79
20.250311  79
20.252903  76
20.254816  72
20.273309  334
20.276535  68
20.282338  70
20.296262  326
20.298494  966
20.329641  34
20.335144  32
20.354792  34
20.356785  290
20.359177  289
20.360950  289
20.373389  290
20.376540  288
20.393049  286
20.402038  281
20.417149  698
20.436457  285
20.441021  282
20.469534  283
20.491804  285
20.495310  287
20.503749  289
20.560478  290
20.580014  290
20.583025  288
20.607031  289
20.608704  287
20.626747  271
20.692849  265
20.700644  256
20.706906  252
20.712464  246
20.742488  244
20.880232  856
20.882584  215
20.916754  217
20.925069  217
20.937336  217
20.941581  218
20.949855  219
20.956259  891
20.972030  221
20.986562  220
21.071840  0
21.094539  438
21.097630  201
21.101735  196
21.109890  191
21.117900  0
21.125451  182
21.130994  0
21.133386  663
21.152751  825
21.181935  1
21.184786  0
21.194549  156
21.206209  155
21.217095  155
21.218968  153
21.222973  152
21.225345  150
21.241794  568
21.275127  152
21.276820  149
21.281764  148
21.283397  151
21.284970  145
21.288196  141
21.293020  137
21.295492  127
21.297125  127
21.298718  120
21.315203  121
21.350608  108
21.353679  106
21.372421  105
21.375532  110
21.378303  105
21.433557  121
21.448010  125
21.457618  124
21.477828  104
21.482412  100
21.487356  99
21.489089  90
21.494452  88
21.500075  86
21.512155  83
21.517074  76
21.628528  707
21.632693  70
21.661497  69
21.664169  67
21.668813  63
21.678816  61
21.703268  731
21.716522  62
21.720647  66
21.842967  317
21.845239  78
21.858086  3
21.860478  3
21.881547  0
21.883480  308
21.894926  73
21.897538  716
21.905613  0
21.919107  43
21.921499  40
21.930827  41
21.932620  39
21.945354  39
21.949619  33
21.956822  449
21.986604  460
21.994934  463
22.000756  38
22.014110  463
22.022525  40
22.032553  41
22.034825  47
22.040348  52
22.042760  52
22.051110  53
22.087373  50
22.090324  50
22.105076  46
22.107388  35
22.110100  45
22.148810  39
22.157859  46
22.160531  50
22.162743  48
22.173245  43
22.206110  42
22.208522  39
22.212827  37
22.245013  38
22.311028  628
22.321551  604
22.327329  603
22.329461  0
22.448862  0
22.469053  195
22.480094  0
22.483360  1
22.496179  3
22.507660  4
22.516869  191
22.529108  7
22.531540  605
22.569876  0
22.574081  351
22.633861  368
22.636433  374
22.644188  383
22.648972  378
22.655389  371
22.657202  4
22.752838  4
22.764738  4
22.774527  8
22.808972  0
22.815889  0
22.820334  474
22.829503  493
22.923695  0
22.936071  0
22.974120  73
22.993124  4
23.001813  8
23.003706  5
23.008350  19
23.027961  69
23.030972  470
23.036710  23
23.043187  24
23.045100  482
23.149174  266
23.188122  274
23.206840  275
23.209092  9
23.291543  33
23.330148  38
23.341290  41
23.353232  49
23.363594  33
23.367280  498
23.392716  500
23.408764  521
23.503558  24
23.509935  10
23.517192  49
23.527942  69
23.535219  78
23.547674  78
23.572115  85
23.583077  26
23.589155  86
23.593780  79
23.597905  103
23.600157  90
23.608113  105
23.615050  95
23.637668  108
23.663828  112
23.683739  1
23.691454  103
23.808416  282
23.818379  285
23.836398  355
23.903330  100
23.959157  44
23.967547  154
23.978849  155
23.994675  163
24.001092  167
24.012421  172
24.024996  182
24.027648  488
24.042276  540
24.052499  549
24.059476  190
24.067826  633
24.076436  193
24.083493  209
24.114248  214
24.131028  224
24.167380  246
24.176470  255
24.233048  127
24.239385  109
24.245503  153
24.254439  160
24.264442  233
24.269066  132
24.276462  235
24.284692  239
24.306715  242
24.324932  248
24.338373  132
24.342897  252
24.348522  230
24.353646  37
24.364189  267
24.366741  270
24.373858  7
24.381094  276
24.388330  107
24.405110  267
24.418977  290
24.425874  497
24.433249  115
24.438034  170
24.440326  291
24.446783  268
24.459195  301
24.495390  118
24.503700  246
24.514942  107
24.519487  117
24.665627  367
24.718633  316
24.765222  324
24.773252  513
24.785627  336
24.813835  370
24.833228  269
24.848395  271
24.861189  359
24.876975  373
24.878888  505
24.884826  377
24.902865  383
24.906471  609
24.919794  393
24.933988  645
24.948677  400
24.963704  856
24.965876  410
24.982164  423
24.999104  431
25.012698  438
25.023381  449
25.064685  451
25.102196  473
25.141161  484
25.151144  280
25.165365  44
25.169570  351
25.195507  361
25.202504  302
25.230406  372
25.232259  502
25.243421  428
25.250218  559
25.256815  449
25.276501  478
25.296617  318
25.299249  486
25.310850  430
25.317507  445
25.323205  470
25.329068  492
25.350093  273
25.374381  635
25.386276  504
25.404964  298
25.418670  178
25.422455  471
25.448715  194
25.450308  534
25.489145  299
25.495443  341
25.507864  284
25.642899  740
25.735544  506
25.768350  502
25.791607  693
25.797925  353
25.819269  384
25.828758  491
25.896882  866
25.913407  828
25.938741  867
25.944998  882
25.971946  993
25.979382  496
25.990036  532
26.001557  567
26.029188  567
26.062465  567
26.079254  586
26.105886  592
26.122950  832
26.129887  597
26.187127  502
26.227075  602
26.244721  652
26.270102  649
26.332497  488
26.338566  505
26.342611  38
26.389773  96
26.418305  158
26.454353  681
26.507997  451
26.509850  685
26.517706  509
26.527115  720
26.568129  476
26.572614  509
26.580249  463
26.607723  730
26.659963  214
26.693959  562
26.743553  508
26.878296  491
26.906601  995
26.945668  493
26.956434  995
26.975365  494
26.989198  996
26.990811  658
27.004848  833
27.007280  495
27.009872  513
27.013083  507
27.024704  487
27.028969  511
27.043721  499
27.045873  496
27.053684  492
27.067436  492
27.117208  494
27.121932  967
27.124045  494
27.126497  493
27.136749  492
27.166607  518
27.181798  490
27.187161  499
27.191266  488
27.210507  512
27.222867  480
27.225199  493
27.227811  478
27.231776  492
27.250393  471
27.251966  493
27.267939  491
27.271964  487
27.284179  472
27.287130  486
27.288843  466
27.290476  480
27.308604  945
27.313308  493
27.315041  476
27.319046  473
27.320839  455
27.323151  470
27.324864  186
27.338349  397
27.354454  455
27.363288  470
27.366474  248
27.373370  455
27.384431  454
27.387023  307
27.415943  471
27.417576  475
27.444703  535
27.446316  476
27.448109  460
27.452443  459
27.472462  477
27.480296  538
27.506009  477
27.518109  477
27.532022  467
27.535737  482
27.544219  482
27.549003  500
27.554886  498
27.559231  493
27.565133  492
27.570916  481
27.580923  478
27.584593  477
27.588898  475
27.592164  456
27.594636  477
27.598721  492
27.601952  478
27.649167  480
27.666637  480
27.668350  236
27.677139  487
27.689119  708
27.712632  729
27.734379  490
27.738584  489
27.740217  481
27.815143  473
27.833186  714
27.855034  477
27.864142  471
27.866834  484
27.886554  484
27.905746  489
27.912670  491
27.914563  977
27.921040  488
27.927721  477
27.929434  486
27.931826  480
27.934837  966
27.955851  965
27.958283  476
27.974795  475
27.979626  944
27.981339  938
27.987876  449
27.992880  464
28.069210  899
28.104657  450
28.128640  430
28.138288  440
28.181347  832
28.189977  388
28.192469  304
28.194921  301
28.196714  298
28.198287  296
28.206002  329
28.212320  328
28.230678  399
28.244118  144
28.271648  365
28.306599  360
28.309011  294
28.321725  349
28.322644  343
28.325515  272
28.327088  267
28.328546  244
28.330119  246
28.332811  246
28.334424  231
28.336776  232
28.341021  0
28.355013  399
28.429977  330
28.482381  555
28.486766  555
28.495939  54
28.497652  551
28.499405  548
28.501342  548
28.513402  532
28.520059  18
28.530273  15
28.588636  473
28.616629  24
28.628829  0
28.643760  17
28.675972  449
28.688006  10
28.691352  0
28.704746  0
28.714174  52
28.760616  44
28.772776  0
28.789841  0
28.809632  191
28.881055  427
28.887532  191
28.890998  0
28.937386  442
28.956867  0
29.042238  408
29.065979  0
29.072576  0
29.085311  186
29.171369  25
29.206330  4
29.244353  2
29.246685  1
29.428249  449
29.534704  354
29.562225  0
29.595131  0
29.603861  0
29.631144  5
29.635769  7
29.676238  124
29.727691  352
29.737395  113
29.808152  362
29.870895  336
29.974240  10
29.988368  16
29.994506  20
30.004529  3
30.012879  3
30.045747  2
30.116661  112
30.141041  4
30.157988  12
30.177181  8
30.232187  365
30.345399  9
30.361569  339
30.375761  4
30.377474  341
30.409105  3
30.441613  8
30.457476  94
30.479859  39
30.481672  3
30.483285  103
30.497108  10
30.510083  78
30.617342  16
30.630297  70
30.638527  89
30.670260  371
30.709927  39
30.718302  382
30.730802  397
30.793514  394
30.808042  68
30.828573  96
30.843087  405
30.859372  79
30.866049  412
30.878564  357
30.881036  5
30.892277  79
30.903240  191
30.907565  84
30.912729  81
30.919026  88
30.920839  79
30.947509  40
30.951215  113
30.956000  70
30.960026  98
30.967622  78
30.972226  114
30.984962  107
31.000149  94
31.017689  95
31.027078  102
31.096698  438
31.098751  206
31.107631  426
31.116201  1
31.137806  95
31.145576  120
31.176816  453
31.207110  22
31.218071  111
31.241177  473
31.258261  478
31.356190  439
31.386291  95
31.387964  96
31.391454  131
31.410287  442
31.420230  60
31.423221  107
31.443596  467
31.481193  214
31.486416  95
31.492254  108
31.494886  112
31.496739  118
31.505109  116
31.510747  130
31.525954  151
31.535646  200
31.546569  115
31.550394  110
31.559584  117
31.561617  139
31.565882  135
31.570986  120
31.572859  204
31.579955  124
31.588085  196
31.604671  189
31.606764  91
31.613081  195
31.683534  453
31.685247  223
31.697742  108
31.722893  204
31.737580  211
31.761796  489
31.779995  201
31.789543  94
31.803257  186
31.850799  500
31.863254  513
31.873287  520
31.881977  238
31.888434  476
31.909485  124
31.962153  525
31.984002  187
32.002954  202
32.007686  532
32.024745  100
32.029030  536
32.044848  538
32.062767  194
32.101915  311
32.103548  197
32.111878  210
32.124813  211
32.136269  227
32.149870  235
32.156628  210
32.161193  198
32.167411  236
32.193701  201
32.209035  198
32.229541  220
32.240623  240
32.312502  315
32.328908  208
32.351486  225
32.362348  245
32.369205  252
32.398012  571
32.412146  235
32.423827  95
32.447218  229
32.457980  240
32.460412  129
32.471813  200
32.489337  585
32.501428  586
32.510296  541
32.523930  552
32.534613  205
32.636314  212
32.696340  594
32.723822  619
32.725475  212
32.734819  557
32.741616  186
32.743389  235
32.747934  210
32.752064  276
32.753777  232
32.756149  347
32.760894  245
32.770183  237
32.774728  261
32.784471  268
32.790889  275
32.809941  232
32.815499  273
32.820942  237
32.822875  258
32.833797  272
32.847112  237
32.857215  261
32.870110  255
32.878340  254
32.883364  268
32.945905  255
32.953401  360
33.004732  271
33.027189  274
33.029861  269
33.042297  625
33.061709  266
33.080802  251
33.163476  629
33.169893  609
33.183008  364
33.205566  243
33.274958  610
33.279742  267
33.285440  264
33.289190  258
33.303483  276
33.326384  609
33.351254  611
33.380037  256
33.401686  624
33.408942  280
33.421344  372
33.425509  261
33.452219  277
33.460230  266
33.501725  295
33.503538  274
33.516313  309
33.520958  281
33.532160  271
33.540810  314
33.549180  275
33.563288  276
33.584453  322
33.697641  263
33.710337  276
33.732681  326
33.741351  317
33.743024  334
33.755920  643
33.791031  290
33.851423  396
33.853316  676
33.872608  396
33.903062  270
33.937127  319
33.957658  315
33.968780  311
33.993923  307
33.996315  318
34.000799  318
34.019517  613
34.047198  650
34.048891  669
34.058899  302
34.067749  302
34.072174  273
34.075560  291
34.081023  638
34.087661  276
34.091746  289
34.095611  405
34.113230  292
34.122838  284
34.132761  283
34.159924  286
34.161697  294
34.172472  286
34.184033  292
34.190158  293
34.199168  286
34.201021  288
34.207558  297
34.236878  632
34.286353  291
34.291457  644
34.304631  288
34.325460  290
34.347983  402
34.379580  301
34.427891  660
34.450494  282
34.499189  257
34.630896  303
34.691151  274
34.698707  292
34.750777  638
34.769802  293
34.779231  647
34.781004  317
34.820231  320
34.829460  309
34.833305  321
34.845145  318
34.847397  293
34.857313  293
34.862057  287
34.873159  320
34.877124  299
34.886463  317
34.897445  295
34.903942  320
34.915295  317
34.918681  299
34.937378  304
34.939570  304
35.056800  300
35.061225  308
35.063617  302
35.072366  301
35.092502  297
35.098719  657
35.106255  629
35.114885  279
35.122221  285
35.124813  280
35.129897  609
35.132070  253
35.177097  262
35.178850  632
35.192952  627
35.197217  375
35.199849  374
35.208878  597
35.227676  263
35.231741  262
35.236925  255
35.269024  267
35.277039  261
35.286827  255
35.307559  597
35.323385  263
35.325138  257
35.338496  263
35.343180  595
35.362631  258
35.375485  622
35.380789  607
35.384934  593
35.396496  258
35.407158  242
35.415515  244
35.418067  601
35.429128  364
35.451151  240
35.472964  251
35.477848  246
35.489130  250
35.492041  249
35.494633  240
35.504361  246
35.507013  246
35.514389  236
35.519373  243
35.520631  246
35.522244  242
35.523877  248
35.526149  226
35.527782  230
35.531452  228
35.544606  221
35.549650  595
35.558268  224
35.560420  222
35.563052  567
35.612705  230
35.616650  220
35.649056  328
35.656816  221
35.663653  230
35.694197  237
35.700474  580
35.702107  202
35.704619  201
35.737365  178
35.742409  542
35.755884  292
35.763540  182
35.770617  521
35.785264  178
35.819849  178
35.822321  166
35.833363  163
35.845204  497
35.861924  166
35.864975  163
35.869400  511
35.881161  497
35.909602  519
35.912848  501
35.916498  491
35.921682  144
35.936694  147
35.952490  151
35.963332  267
35.968211  264
35.987195  135
35.997477  133
36.003974  126
36.012988  130
36.017672  130
36.019365  121
36.021218  121
36.024289  114
36.026581  120
36.036510  108
36.043567  111
36.047772  443
36.102622  104
36.104195  100
36.130843  215
36.135587  101
36.146749  101
36.149441  100
36.176383  463
36.180708  90
36.215207  460
36.219971  458
36.228961  207
36.237951  95
36.244948  429
36.258961  96
36.266018  92
36.278314  87
36.292228  404
36.300458  67
36.302231  61
36.314771  66
36.317143  395
36.337255  413
36.343553  402
36.347898  390
36.370029  48
36.377046  400
36.381871  396
36.386556  40
36.399790  38
36.411132  39
36.413225  36
36.418269  31
36.422534  29
36.428432  37
36.451729  29
36.456554  368
36.513318  27
36.549299  152
36.591494  400
36.598292  24
36.606223  22
36.616586  18
36.620771  392
36.639525  137
36.647325  31
36.670283  32
36.683837  33
36.719775  41
36.764139  390
36.766711  376
36.866290  39
36.877619  33
37.025580  398
37.051388  404
37.059978  408
37.064063  34
37.074596  408
37.083785  378
37.099312  43
37.111807  40
37.160796  47
37.166184  380
37.194332  396
37.200469  383
37.220520  392
37.231409  47
37.261744  44
37.295465  60
37.309240  41
37.321157  41
37.337997  58
37.397811  52
37.488805  44
37.494233  414
37.500890  49
37.518318  428
37.522163  166
37.543755  383
37.568846  62
37.596074  52
37.608808  385
37.620530  395
37.653376  399
37.657760  408
37.679605  403
37.699018  417
37.712746  423
37.757313  63
37.774473  70
37.779118  54
37.811279  62
37.883389  169
37.887374  64
37.907266  58
37.913984  427
37.955135  58
37.972135  176
37.995572  431
38.025693  407
38.047637  77
38.049370  59
38.059533  66
38.061626  402
38.065731  73
38.071569  73
38.132821  424
38.151398  423
38.176172  57
38.192912  77
38.199370  67
38.244231  59
38.253615  406
38.271561  74
38.275806  77
38.357138  64
38.363735  177
38.390230  61
38.398061  74
38.426977  67
38.431122  438
38.462276  453
38.464129  64
38.478730  412
38.487620  91
38.547416  418
38.559212  437
38.595828  437
38.602205  436
38.605471  431
38.636924  86
38.660002  442
38.671064  83
38.696962  92
38.700368  80
38.710191  91
38.715095  95
38.719919  60
38.735392  81
38.758656  102
38.767525  90
38.771690  110
38.812747  87
38.850219  99
38.854504  202
38.886981  460
38.902672  65
38.916627  92
38.920892  464
38.927089  87
38.938611  111
38.940344  89
38.944236  204
38.966000  102
38.973990  479
38.984493  482
38.989117  108
38.990930  115
38.998980  74
39.029235  93
39.046974  123
39.055464  110
39.059709  450
39.092829  446
39.097394  459
39.099566  87
39.139984  113
39.142656  451
39.157544  96
39.164161  468
39.178815  91
39.194896  112
39.198761  114
39.205777  101
39.211855  119
39.232341  124
39.234454  80
39.249381  102
39.260363  123
39.262735  460
39.270846  123
39.277303  123
39.284101  488
39.301760  123
39.308477  121
39.332848  102
39.355187  124
39.367187  224
39.373345  110
39.424106  487
39.430903  108
39.435187  89
39.449496  114
39.453721  232
39.459599  231
39.464323  119
39.471160  128
39.556754  125
39.560620  461
39.591274  488
39.613086  469
39.615238  462
39.659271  118
39.664979  473
39.674707  118
39.686583  487
39.703169  117
39.732388  133
39.734820  119
39.760168  103
39.776454  470
39.794133  117
39.796246  471
39.800811  144
39.849188  146
39.859551  127
39.888260  125
39.906286  120
39.926936  489
39.940417  94
39.953831  494
39.962821  134
39.966147  499
39.970951  139
39.986750  140
39.991395  142
40.009043  511
40.035043  512
40.036616  128
40.060492  147
40.073199  136
40.075911  135
40.095428  477
40.113088  487
40.125171  491
40.147818  487
40.154894  126
40.167688  492
40.183714  141
40.197583  500
40.216542  136
40.223059  500
40.233691  499
40.235304  144
40.278991  143
40.291825  151
40.308729  155
40.322749  490
40.334750  150
40.341627  490
40.383706  142
40.385918  151
40.419777  140
40.422249  256
40.424901  151
40.433310  146
40.439767  147
40.460456  513
40.470644  140
40.472796  124
40.480412  139
40.484657  512
40.487049  139
40.493466  140
40.505666  254
40.508238  142
40.517847  151
40.530941  134
40.544594  489
40.582827  150
40.605620  484
40.619593  151
40.627943  154
40.657288  509
40.666049  478
40.704196  118
40.725525  473
40.737225  125
40.756717  127
40.760982  122
40.768118  126
40.775653  118
40.777466  117
40.780577  125
40.794770  126
40.800578  127
40.812978  133
40.821448  128
40.830476  119
40.836095  116
40.838427  120
40.855051  124
40.859675  113
40.876221  111
40.912503  107
40.915015  226
40.917367  115
40.924578  108
40.954525  481
40.966960  120
40.969951  117
40.971644  105
40.977766  481
40.989631  117
40.993696  109
41.010783  118
41.024737  127
41.032273  125
41.034126  124
41.048239  115
41.068089  107
41.072873  107
41.084563  102
41.090242  101
41.103001  99
41.152524  62
41.173473  419
41.179291  58
41.187366  417
41.205090  74
41.209934  71
41.217470  65
41.221555  64
41.226280  71
41.236923  61
41.243740  60
41.257168  64
41.264464  48
41.266417  58
41.270662  53
41.272415  45
41.288660  50
41.309131  46
41.320133  46
41.343454  45
41.345746  164
41.348378  51
41.364164  51
41.375785  44
41.387294  38
41.391998  51
41.393951  50
41.396123  37
41.399449  47
41.420039  49
41.427595  162
41.430167  46
41.431940  33
41.436884  42
41.445534  49
41.453265  157
41.456136  45
41.469557  41
41.492899  46
41.505754  40
41.508466  35
41.517036  35
41.524432  141
41.546436  8
41.548548  15
41.565009  362
41.567162  357
41.569334  3
41.573099  353
41.576565  1
41.584735  0
41.590393  0
41.594278  0
41.599002  0
41.614989  0
41.627723  0
41.634780  0
41.709415  0
41.711188  99
41.716311  97
41.732278  0
41.756314  0
41.766362  0
41.788346  94
41.844586  0
41.866411  0
41.907141  311
42.031797  0
42.086008  283
42.252758  0
42.271870  10
42.291107  11
42.392008  14
42.408868  0
42.424444  29
42.441025  17
42.477678  2
42.483916  42
42.486069  29
42.494479  45
42.500697  35
42.502890  4
42.520395  47
42.537016  22
42.552564  28
42.630293  54
42.662459  54
42.681397  23
42.687934  17
42.699560  13
42.711468  32
42.714639  50
42.725402  33
42.751050  27
42.767730  30
42.774427  2
42.786502  58
42.806270  42
42.822650  57
42.825856  59
42.843076  42
42.851506  44
42.858403  52
42.864241  29
42.866513  66
42.870698  46
42.874783  60
42.878149  38
42.884546  60
42.898479  39
42.920064  44
42.937143  31
42.939355  16
43.012815  28
43.014888  75
43.019054  74
43.028023  56
43.058692  62
43.068640  33
43.072586  53
43.082989  58
43.088987  34
43.097162  77
43.099734  65
43.101667  51
43.116834  85
43.140059  50
43.148549  51
43.175532  53
43.179438  58
43.182061  9
43.202313  75
43.206658  48
43.227144  78
43.229097  36
43.251924  90
43.263825  89
43.271416  63
43.283332  67
43.285385  88
43.298065  42
43.301691  77
43.305796  73
43.322916  85
43.333899  91
43.340324  95
43.348614  93
43.355791  72
43.383179  82
43.447310  97
43.469833  109
43.485239  72
43.499306  98
43.501958  111
43.504670  69
43.509534  78
43.519618  96
43.529081  70
43.544014  72
43.546127  100
43.554857  123
43.559002  96
43.561973  105
43.579333  114
43.583499  106
43.588023  86
43.605863  82
43.607456  86
43.622703  78
43.641944  111
43.650694  84
43.654899  105
43.667674  68
43.678397  109
43.684395  92
43.688740  118
43.692706  118
43.698309  97
43.707199  70
43.720414  104
43.735941  89
43.738054  121
43.742139  105
43.746384  119
43.748277  105
43.756167  118
43.759453  86
43.763598  118
43.771440  115
43.775325  115
43.814388  111
43.821465  92
43.871172  78
43.890170  97
43.894116  128
43.907291  129
43.922203  130
43.925809  79
43.938924  128
43.967472  132
43.971378  98
44.003466  103
44.008390  144
44.021365  104
44.029855  148
44.044283  153
44.053811  105
44.079380  117
44.092434  102
44.119383  145
44.134850  120
44.136583  129
44.145946  79
44.152464  137
44.159141  124
44.166098  140
44.170323  138
44.178454  154
44.191989  98
44.200359  111
44.215554  145
44.225781  123
44.232458  115
44.234071  144
44.239889  158
44.242481  146
44.257389  159
44.261254  161
44.287597  141
44.314113  120
44.322763  111
44.326609  155
44.332527  138
44.377084  104
44.402673  160
44.446921  159
44.482239  170
44.490140  133
44.492832  180
44.499596  208
44.518009  146
44.535569  174
44.538181  141
44.546851  145
44.562698  167
44.564331  164
44.579738  176
44.598712  146
44.607342  181
44.624649  128
44.645914  170
44.663453  194
44.674775  204
44.676608  157
44.682146  170
44.692988  191
44.719298  208
44.727808  212
44.743514  128
44.745607  160
44.752838  160
44.761667  207
44.766411  172
44.771116  164
44.776240  199
44.780365  168
44.784790  224
44.787202  151
44.789275  218
44.795273  220
44.821064  173
44.831287  196
44.843668  206
44.849486  203
44.865476  167
44.880568  213
44.909330  164
44.931354  143
44.956505  228
44.989091  199
44.995903  212
45.007604  157
45.012448  201
45.028075  214
45.042009  224
45.043762  232
45.045994  183
45.051033  190
45.061000  200
45.067038  217
45.073735  190
45.089896  223
45.094601  206
45.105862  231
45.118956  223
45.140261  208
45.141934  220
45.160113  207
45.168004  218
45.180640  228
45.184965  210
45.213428  225
45.217793  230
45.232221  222
45.250634  172
45.259744  223
45.261897  203
45.304197  169
45.308842  222
45.320204  225
45.326542  229
45.332680  222
45.343742  231
45.362667  230
45.428782  210
45.454692  226
45.505392  208
45.516055  234
45.544711  239
45.558392  232
45.570054  237
45.578244  237
45.586994  234
45.609791  232
45.616628  246
45.618441  247
45.636608  265
45.638261  207
45.640833  215
45.650082  225
45.661663  230
45.681627  209
45.692589  231
45.708749  272
45.710522  234
45.714408  213
45.724790  244
45.729055  214
45.739737  233
45.755579  253
45.776665  214
45.785762  222
45.802742  262
45.813944  264
45.820480  229
45.840812  243
45.845836  237
45.863135  250
45.865367  271
45.871305  238
45.886233  244
45.890518  243
45.892471  232
45.905949  267
45.910074  261
45.912586  270
45.922662  261
45.925214  257
45.934184  268
45.946900  231
45.964739  267
45.975841  251
46.000900  249
46.020892  229
46.073088  273
46.097444  233
46.113878  278
46.149439  256
46.161259  272
46.165144  267
46.174153  261
46.206165  270
46.208278  242
46.226197  272
46.233035  254
46.259504  266
46.296319  273
46.303616  278
46.308401  254
46.332557  253
46.346851  278
46.358899  264
46.363404  270
46.370061  263
46.382497  275
46.411712  273
46.426020  247
46.433396  255
46.437621  267
46.467660  280
46.469493  282
46.494989  271
46.497641  272
46.510495  277
46.515439  278
46.518570  283
46.523302  275
46.525654  266
46.528026  262
46.537015  287
46.541220  281
46.548036  264
46.550408  266
46.575049  254
46.589499  267
46.592071  262
46.641321  264
46.698453  268
46.708715  285
46.728471  270
46.758172  254
46.760504  279
46.773977  276
46.791796  287
46.810828  258
46.846453  275
46.855422  273
46.882136  265
46.886720  278
46.896089  262
46.901512  288
46.910082  270
46.934411  282
46.944354  286
46.958965  285
46.970546  274
46.991635  273
46.998991  264
47.006367  247
47.023338  258
47.030714  278
47.062260  281
47.076672  281
47.086001  276
47.092478  283
47.095804  282
47.098456  272
47.113108  286
47.148860  269
47.160521  270
47.172661  265
47.200793  278
47.246820  270
47.254316  273
47.294743  270
47.311478  283
47.325111  284
47.332148  286
47.334320  287
47.349732  273
47.361833  272
47.375307  274
47.377979  253
47.388960  242
47.401308  264
47.405892  267
47.426517  257
47.437743  241
47.444600  239
47.446333  254
47.448785  234
47.463277  238
47.477810  241
47.493836  247
47.499439  232
47.506061  246
47.517322  231
47.534805  240
47.564823  225
47.566556  235
47.575629  218
47.585522  225
47.603624  218
47.606236  214
47.613632  212
47.624539  217
47.627845  213
47.635460  208
47.641258  180
47.643470  196
47.648514  193
47.651585  178
47.657108  179
47.658881  176
47.662726  175
47.675365  171
47.689259  160
47.691571  163
47.706758  150
47.728861  153
47.733805  150
47.743213  158
47.777856  157
47.796138  159
47.801022  158
47.824660  155
47.839253  158
47.845391  136
47.863190  143
47.869487  152
47.875290  157
47.893509  141
47.899267  149
47.941973  150
47.944345  148
47.947731  160
47.952575  161
47.954293  151
47.967687  139
47.972551  156
47.983533  150
47.997086  150
48.016578  145
48.022021  150
48.024014  150
48.030631  123
48.058218  143
48.060750  139
48.066268  129
48.076316  134
48.080621  134
48.086299  116
48.097560  137
48.099673  121
48.101606  120
48.104118  83
48.108323  88
48.116253  78
48.123450  77
48.143836  67
48.184802  76
48.187174  74
48.209998  72
48.224646  74
48.239693  70
48.241866  52
48.243679  48
48.245971  60
48.250955  64
48.252908  44
48.257053  63
48.267551  42
48.279711  49
48.285249  46
48.303475  46
48.310452  60
48.312405  53
48.317209  50
48.332796  50
48.367075  35
48.391984  21
48.397048  21
48.409604  29
48.416201  27
48.421445  13
48.436192  7
48.440137  3
48.446655  7
48.451579  3
48.471432  0
48.513549  15
48.515742  16
48.537146  11
48.550720  14
48.572265  0
48.578642  17
48.605990  22
48.619584  15
48.634811  15
48.639017  2
48.651078  25
48.705763  20
48.735937  15
48.746679  21
48.759614  12
48.762026  29
48.777413  31
48.849407  27
48.886700  17
48.937141  39
48.961396  27
48.992204  41
49.003145  16
49.029187  25
49.030980  43
49.045473  45
49.110356  28
49.121018  31
49.138108  46
49.140340  53
49.158371  60
49.244529  70
49.246582  34
49.259617  38
49.261790  15
49.282045  34
49.289581  72
49.295899  63
49.301557  3
49.303630  61
49.319044  34
49.334230  20
49.349417  39
49.374434  7
49.379358  15
49.385316  14
49.387089  27
49.396218  65
49.397971  27
49.404516  66
49.407168  36
49.411333  11
49.424435  50
49.431032  79
49.440401  80
49.489847  33
49.518427  65
49.545231  72
49.562171  93
49.566576  22
49.570801  23
49.572914  42
49.577579  30
49.588981  16
49.602156  62
49.675413  96
49.677306  63
49.694153  39
49.705155  85
49.717834  54
49.729210  53
49.737265  104
49.741470  124
49.743523  46
49.755245  124
49.760609  43
49.762941  65
49.775895  66
49.777548  53
49.779521  95
49.789983  109
49.800980  47
49.815778  52
49.820343  52
49.824528  55
49.838562  126
49.840155  44
49.844700  70
49.859287  130
49.860880  131
49.868376  52
49.870449  122
49.940768  58
49.981806  62
49.988683  125
49.995160  69
50.016726  81
50.020991  63
50.026789  133
50.028582  88
50.031274  62
50.086310  69
50.117558  126
50.131886  118
50.146413  126
50.155262  125
50.163792  118
50.174235  89
50.184458  85
50.193608  127
50.196320  108
50.200485  101
50.209334  120
50.213839  128
50.218364  108
50.226874  94
50.230300  93
50.238630  123
50.253817  117
50.268605  87
50.270438  109
50.278348  131
50.282973  106
50.327762  99
50.392368  114
50.408574  126
50.414413  123
50.432632  124
50.445047  127
50.456288  131
50.464919  116
50.471977  115
50.493062  136
50.549906  113
50.574362  131
50.604216  135
50.618693  124
50.642006  123
50.649916  141
50.680578  160
50.690286  162
50.702689  123
50.708826  127
50.717217  158
50.731086  120
50.746992  112
50.750857  158
50.757275  112
50.767837  112
50.776248  126
50.781552  158
50.785757  145
50.803177  124
50.866260  137
50.870225  129
50.881328  132
50.887366  139
50.889898  133
50.903353  157
50.916327  135
50.922845  157
50.941643  120
50.946647  122
50.948300  123
50.952785  120
50.972537  129
50.982640  122
50.984533  150
51.030487  135
51.059769  146
51.075611  143
51.093717  156
51.125710  159
51.127343  158
51.129436  154
51.139399  143
51.147429  120
51.154186  144
51.158870  164
51.160483  139
51.167160  158
51.168993  162
51.180215  155
51.187212  159
51.193090  143
51.232362  146
51.249451  152
51.263105  154
51.274386  175
51.293500  136
51.337074  155
51.358217  158
51.372445  156
51.384720  148
51.386653  158
51.401520  167
51.428583  148
51.437493  146
51.443691  145
51.448036  146
51.449809  170
51.459038  148
51.526518  179
51.530763  150
51.571250  165
51.577787  169
51.591760  184
51.620581  171
51.624446  167
51.641466  168
51.660739  174
51.673314  183
51.675526  154
51.677539  155
51.682022  163
51.689358  163
51.695816  169
51.697549  155
51.711877  181
51.720994  161
51.731257  152
51.740427  149
51.746744  157
51.753848  161
51.763218  153
51.769476  170
51.771928  155
51.782311  184
51.803636  164
51.852422  181
51.880364  168
51.894238  176
51.907787  188
51.912332  166
51.944439  170
51.948544  158
51.950217  185
51.961259  159
51.963192  172
51.967657  160
51.981271  192
51.985975  180
51.992593  172
52.000065  167
52.052192  186
52.083381  177
52.098693  198
52.119478  169
52.125496  214
52.139050  187
52.146721  196
52.169851  202
52.171764  207
52.180114  205
52.182087  187
52.188584  207
52.208176  215
52.214593  187
52.217859  184
52.220211  220
52.229348  206
52.234472  204
52.238557  221
52.259702  181
52.272996  173
52.274689  175
52.285351  178
52.287523  183
52.289316  214
52.295993  176
52.307175  194
52.311880  177
52.345800  175
52.369304  206
52.425510  208
52.438485  207
52.440957  208
52.448114  204
52.452559  222
52.464398  206
52.466151  223
52.481877  194
52.493798  188
52.506693  188
52.508586  199
52.517595  196
52.536715  210
52.560952  205
52.592300  217
52.594632  197
52.600415  213
52.631554  222
52.663146  221
52.667371  225
52.669084  222
52.689441  225
52.694265  215
52.724484  210
52.727176  211
52.729308  221
52.732399  225
52.744260  212
52.754128  227
52.768176  224
52.790424  225
52.813903  202
52.831102  206
52.844930  214
52.848196  205
52.852261  217
52.857899  222
52.870454  203
52.890903  206
52.953846  209
52.964209  223
52.975490  208
52.985578  220
53.017197  201
53.022401  200
53.030971  230
53.038247  218
53.042572  200
53.044385  206
53.046797  201
53.062464  200
53.064657  191
53.068802  197
53.084149  195
53.128307  215
53.135643  211
53.152687  205
53.179200  217
53.191904  209
53.221556  218
53.223708  215
53.231304  210
53.249262  217
53.252333  202
53.259030  215
53.262780  213
53.269657  216
53.274741  201
53.287620  193
53.289293  207
53.296489  194
53.300534  192
53.303246  209
53.307351  191
53.313109  205
53.328879  200
53.333763  192
53.338008  196
53.340460  201
53.343231  185
53.355451  189
53.360056  192
53.364541  182
53.376162  209
53.384032  180
53.413257  190
53.431075  201
53.433407  203
53.460994  175
53.480498  192
53.485462  181
53.500498  193
53.505657  179
53.527377  184
53.534888  181
53.539627  201
53.542019  186
53.546164  178
53.547797  175
53.551323  166
53.560132  169
53.590150  167
53.627619  189
53.630730  188
53.643170  172
53.664634  172
53.669538  165
53.674342  165
53.682497  166
53.694318  160
53.696850  159
53.704146  157
53.705759  156
53.715727  141
53.720951  163
53.730919  153
53.732852  157
53.737916  168
53.740548  163
53.748839  167
53.753204  149
53.755576  149
53.757249  166
53.768696  157
53.771148  145
53.773760  144
53.781276  145
53.800608  149
53.802441  141
53.814022  139
53.824364  138
53.829867  134
53.831500  133
53.836624  140
53.844380  158
53.874202  139
53.875915  136
53.894314  147
53.896826  150
53.917732  128
53.923730  143
53.936684  122
53.942702  146
53.945354  146
53.955042  137
53.979024  123
53.988354  123
53.993199  142
53.995252  135
54.001650  118
54.009510  123
54.013875  122
54.033674  141
54.075324  135
54.086366  127
54.102014  125
54.117780  123
54.124497  118
54.127628  117
54.131014  109
54.138730  91
54.140343  104
54.142056  104
54.145107  101
54.146880  91
54.154316  105
54.156808  99
54.163533  81
54.165266  81
54.170138  101
54.173764  93
54.180895  80
54.183527  95
54.185380  74
54.194848  72
54.203958  75
54.220938  65
54.226836  64
54.235306  76
54.245399  89
54.275738  74
54.293077  83
54.293916  84
54.304838  58
54.308843  70
54.326943  69
54.335973  64
54.341731  70
54.345856  56
54.352533  45
54.356878  37
54.360883  48
54.365748  37
54.374418  31
54.378743  30
54.383687  30
54.387912  31
54.404992  24
54.432049  46
54.456597  34
54.469452  39
54.471045  34
54.472343  31
54.474096  23
54.482386  27
54.484938  24
54.489183  16
54.495481  29
54.499406  26
54.505644  11
54.510269  19
54.514594  25
54.518739  23
54.522644  4
54.532954  3
54.537239  3
54.545349  3
54.558404  0
54.568460  8
54.572605  7
54.576371  21
54.582309  0
54.704379  25
54.735573  26
54.739998  9
54.880923  3
54.899329  14
54.918781  12
54.923406  19
55.014531  12
55.034942  19
55.074193  28
55.075866  24
55.084596  48
55.092416  30
55.099692  23
55.111808  30
55.113481  44
55.115474  40
55.135614  54
55.140359  38
55.161124  34
55.192312  7
55.217182  46
55.227794  46
55.234491  29
55.236184  28
55.244514  57
55.251051  51
55.261454  42
55.275288  47
55.280387  52
55.286285  11
55.291169  43
55.297646  53
55.299279  47
55.311100  40
55.317318  50
55.333045  34
55.337550  55
55.355903  38
55.409222  56
55.410935  60
55.433692  41
55.448075  64
55.466073  37
55.478569  67
55.487953  54
55.509317  61
55.521793  44
55.562087  67
55.578359  50
55.609767  46
55.616551  63
55.627574  61
55.636084  53
55.642801  57
55.646886  67
55.677866  59
55.688329  63
55.697159  55
55.712866  57
55.740688  52
55.744813  55
55.757495  73
55.822957  73
55.854371  59
55.858936  70
55.861308  66
55.870358  87
55.893262  79
55.900059  56
55.902132  97
55.911401  81
55.921464  61
55.923297  84
55.927922  81
55.934599  93
55.941157  89
55.945362  70
55.955505  99
55.971391  86
55.977509  89
55.999552  71
56.006577  105
56.065440  86
56.069985  82
56.078755  74
56.085053  69
56.089418  101
56.091291  85
56.100779  89
56.112755  106
56.114508  56
56.128162  122
56.132547  98
56.136932  94
56.146925  103
56.158207  81
56.188722  87
56.194960  69
56.196773  108
56.200718  87
56.207005  89
56.209038  91
56.215455  120
56.224024  93
56.269840  105
56.281142  112
56.289053  101
56.292224  87
56.304069  101
56.308693  108
56.310566  112
56.336656  119
56.349071  110
56.352417  126
56.357935  104
56.364732  117
56.369357  116
56.371549  129
56.375554  116
56.403917  124
56.408069  52
56.419385  103
56.439817  117
56.450540  108
56.470053  117
56.471646  133
56.526492  86
56.532290  114
56.541459  129
56.545434  130
56.559747  127
56.564691  132
56.569076  135
56.571768  124
56.578086  117
56.583864  118
56.626355  122
56.632913  118
56.634846  158
56.648740  139
56.666340  120
56.668972  131
56.672858  144
56.680034  124
56.682187  131
56.686253  146
56.707783  137
56.766550  152
56.787125  129
56.797987  128
56.800040  130
56.808910  137
56.827209  131
56.844569  143
56.853659  134
56.855632  119
56.857805  145
56.873831  157
56.879989  157
56.887246  175
56.891171  145
56.897848  150
56.900280  140
56.906558  76
56.911263  149
56.913156  155
56.921826  135
56.959601  139
56.994521  161
57.029751  156
57.037382  152
57.048245  161
57.058857  158
57.063622  159
57.074325  175
57.076617  156
57.078730  164
57.102455  140
57.128010  189
57.143437  181
57.145270  143
57.161220  174
57.174998  169
57.188906  143
57.196222  186
57.198814  145
57.203179  175
57.214441  153
57.226202  160
57.274671  172
57.286971  194
57.299107  177
57.303492  163
57.330221  190
57.332773  184
57.366087  184
57.378443  167
57.393850  153
57.397996  184
57.410910  203
57.414995  200
57.419180  181
57.423445  182
57.427930  170
57.433025  188
57.434818  115
57.473931  191
57.490497  178
57.529314  187
57.561330  191
57.568821  194
57.590739  201
57.597440  195
57.601985  199
57.608602  183
57.614560  186
57.617252  186
57.621537  200
57.633478  177
57.640115  190
57.646193  186
57.666891  201
57.683877  202
57.728406  212
57.732671  185
57.735103  194
57.747979  186
57.754217  196
57.842925  190
57.853508  201
57.863296  196
57.873686  189
57.903027  194
57.934973  188
57.939757  207
57.947512  188
57.949585  192
57.956621  196
57.958873  142
57.983189  190
58.059169  204
58.061681  212
58.070390  197
58.115490  207
58.117842  207
58.124319  200
58.130716  195
58.135500  193
58.140204  205
58.152124  187
58.154157  215
58.162927  193
58.178909  207
58.189751  207
58.228999  190
58.237703  210
58.249823  209
58.253269  191
58.268106  192
58.288488  207
58.332664  206
58.334397  205
58.336250  205
58.339836  201
58.348031  204
58.365798  189
58.368370  202
58.370782  201
58.380151  199
58.384316  187
58.407053  182
58.418254  181
58.420307  182
58.438589  186
58.448137  185
58.449770  195
58.463463  185
58.474345  191
58.479428  182
58.481161  203
58.482954  203
58.497985  191
58.534085  205
58.537810  199
58.569564  205
58.572096  200
58.576521  205
58.581205  205
58.624003  198
58.630580  198
58.635804  198
58.638376  198
58.646416  190
58.649802  197
58.663275  178
58.670371  197
58.689676  179
58.698325  184
58.700438  182
58.711700  178
58.716165  196
58.734777  178
58.750591  184
58.778419  205
58.785276  194
58.837623  192
58.842427  195
58.858792  166
58.861364  180
58.874503  178
58.879447  167
58.900557  169
58.903843  167
58.932591  162
58.941920  166
58.952662  160
58.957187  158
58.962171  158
58.967929  171
58.970261  157
58.982222  155
58.988679  156
59.000560  154
59.020830  167
59.028451  155
59.044877  165
59.049661  165
59.086855  167
59.107569  167
59.120504  166
59.122836  165
59.125128  164
59.137009  167
59.141194  161
59.146852  167
59.149124  156
59.153049  145
59.157134  145
59.169928  141
59.178757  142
59.180830  140
59.222158  142
59.230907  156
59.235532  144
59.237784  138
59.240456  138
59.244704  141
59.251888  138
59.262570  136
59.267334  150
59.299860  147
59.307176  142
59.318306  132
59.323130  149
59.327075  148
59.343380  138
59.363219  133
59.367624  135
59.375015  122
59.379919  122
59.382371  114
59.386636  115
59.391021  109
59.393213  108
59.395006  111
59.399550  111
59.413105  125
59.415198  105
59.421036  92
59.445034  105
59.447187  89
59.468098  108
59.519062  94
59.530404  94
59.537940  100
59.557725  99
59.564243  82
59.566376  82
59.572673  89
59.584748  103
59.599236  81
59.600869  76
59.616776  79
59.632602  81
59.643904  103
59.648328  90
59.656958  89
59.660843  81
59.668659  77
59.671905  91
59.698033  83
59.706683  82
59.715093  85
59.716766  81
59.718918  82
59.732793  84
59.735365  81
59.739770  70
59.760122  67
59.764407  66
59.770565  64
59.772698  66
59.788424  67
59.792429  64
59.796614  64
59.813454  62
59.839943  67
59.854630  76
59.944127  95
59.989747  87
