# t(s) QueuingDelay(ms)
10.177051  2
10.202918  3
10.219258  9
10.233786  19
10.254558  6
10.256431  28
10.268366  19
10.270938  33
10.281720  24
10.293596  34
10.297901  33
10.309887  39
10.314612  40
10.323382  45
10.329900  45
10.339389  54
10.343774  55
10.350152  58
10.361334  62
10.366173  68
10.376995  64
10.380241  75
10.388870  67
10.403917  70
10.405550  83
10.411987  96
10.417106  77
10.433272  83
10.437317  104
10.439270  119
10.444354  84
10.459755  90
10.466672  98
10.477314  132
10.488097  101
10.494555  101
10.507739  135
10.514616  149
10.525378  109
10.527510  151
10.549395  109
10.560438  111
10.573713  165
10.578018  115
10.579831  167
10.588741  169
10.602203  200
10.618863  134
10.629545  203
10.633970  134
10.643904  207
10.647790  142
10.660885  221
10.665829  175
10.676852  229
10.680777  178
10.694159  184
10.700824  232
10.704550  197
10.719828  199
10.733203  232
10.737928  207
10.753196  213
10.759094  20
10.761566  239
10.776961  223
10.783119  258
10.788805  232
10.795465  240
10.804075  280
10.811436  260
10.827410  261
10.838972  294
10.857656  297
10.859549  263
10.866146  311
10.879181  326
10.885958  28
10.899290  321
10.906107  39
10.907800  266
10.917903  267
10.924540  276
10.933381  43
10.940478  283
10.994798  291
11.004607  297
11.006779  56
11.016902  87
11.028084  311
11.039660  314
11.065337  324
11.069962  201
11.075940  199
11.086442  198
11.104441  63
11.110699  61
11.121921  200
11.141374  52
11.234042  69
11.240819  77
11.254474  210
11.295144  212
11.320140  200
11.344452  205
11.348257  213
11.357267  232
11.369702  242
11.374446  246
11.376499  80
11.383236  250
11.400676  81
11.410879  100
11.428877  110
11.447710  127
11.489572  125
11.495170  121
11.504479  119
11.521160  4
11.537067  7
11.552082  223
11.566235  14
11.575345  224
11.589313  235
11.591046  22
11.605360  275
11.607253  43
11.620707  134
11.624713  281
11.633670  79
11.648098  146
11.649991  92
11.652643  285
11.669475  295
11.681376  196
11.698192  251
11.704517  299
11.711768  195
11.717649  12
11.731514  319
11.742875  331
11.763521  332
11.774343  351
11.788631  357
11.801826  215
11.808144  25
11.812409  222
11.824145  62
11.833314  240
11.854190  240
11.864233  70
11.870691  241
11.888218  134
11.908131  249
11.919173  255
11.935140  266
11.937073  145
11.943710  111
11.953574  286
11.964516  150
11.975378  286
11.979783  118
11.989037  158
11.999320  288
12.001632  33
12.018872  314
12.022997  302
12.029934  162
12.043149  320
12.053782  133
12.071376  322
12.084371  337
12.092981  191
12.097406  344
12.105616  322
12.121697  207
12.124049  435
12.128394  348
12.132579  43
12.141723  252
12.146267  465
12.167701  270
12.172126  52
12.174678  484
12.187094  357
12.192537  488
12.194290  290
12.198575  372
12.209517  301
12.211170  131
12.229714  361
12.231447  303
12.234159  198
12.251152  375
12.253225  318
12.260976  380
12.269257  493
12.274082  216
12.289749  365
12.298559  511
12.302784  386
12.312193  228
12.322956  541
12.340243  409
12.355231  32
12.368772  551
12.407217  561
12.424357  425
12.428393  176
12.451396  433
12.453569  191
12.465330  458
12.480527  467
12.489597  485
12.498506  485
12.511621  206
12.536078  349
12.546780  363
12.572651  489
12.589831  387
12.612994  494
12.625276  392
12.637292  318
12.643131  498
12.657918  499
12.676231  324
12.682748  36
12.693198  516
12.698796  248
12.711031  330
12.738163  408
12.744561  533
12.746614  446
12.779579  452
12.781272  538
12.795946  561
12.832426  254
12.858085  498
12.875556  267
12.914268  539
12.926624  593
12.929216  380
12.948468  380
12.950241  753
12.962696  620
12.970927  428
12.994751  387
12.997063  566
13.014083  556
13.020361  456
13.022813  417
13.026399  41
13.028232  575
13.057187  759
13.065397  603
13.092180  52
13.109540  705
13.129712  482
13.183503  587
13.267503  432
13.277925  587
13.334852  670
13.365714  712
13.380501  504
13.410328  722
13.436205  154
13.448161  449
13.471599  465
13.499418  579
13.520295  579
13.531957  521
13.562012  738
13.596132  431
13.617877  743
13.624095  7
13.635736  769
13.645620  806
13.654710  70
13.706079  513
13.730356  751
13.749249  506
13.768182  753
13.781017  868
13.844591  528
13.864043  439
13.895330  165
13.899295  448
13.922253  910
13.961736  543
13.976365  171
13.991213  463
13.998017  992
14.017849  203
14.034729  82
14.036322  562
14.072480  554
14.092339  928
14.096704  581
14.120062  626
14.229151  564
14.231543  544
14.250935  241
14.288900  549
14.317043  580
14.385928  70
14.401297  598
14.443906  513
14.454689  85
14.465791  499
14.519723  754
14.521656  7
14.538515  137
14.551677  785
14.555403  143
14.577477  606
14.584255  566
14.601189  170
14.619966  788
14.703521  690
14.819013  519
14.833241  615
14.867612  257
14.892089  535
14.920072  881
14.975765  547
15.002694  617
15.009372  5
15.028265  614
15.032291  631
15.118570  18
15.144640  34
15.185157  639
15.237216  665
15.292249  82
15.312181  194
15.326684  636
15.339719  65
15.351396  206
15.372791  689
15.389292  564
15.391305  229
15.423259  269
15.425012  580
15.429819  75
15.447798  604
15.472545  804
15.488376  615
15.501092  88
15.518990  650
15.532325  238
15.612253  821
15.614426  674
15.656542  705
15.687817  698
15.706091  687
15.745355  630
15.781807  702
15.811127  700
15.814533  149
15.890822  155
15.922411  167
15.934072  720
15.964716  247
15.989846  837
16.020433  325
16.046323  758
16.066216  119
16.111745  687
16.215902  747
16.224053  288
16.266644  193
16.318868  295
16.335128  272
16.349262  167
16.438630  397
16.466717  687
16.488385  749
16.492450  307
16.576758  318
16.599186  428
16.619030  328
16.623794  461
16.629932  335
16.654192  348
16.699800  797
16.729835  918
16.771085  810
16.772758  966
16.822730  964
16.902975  845
16.927597  290
17.004208  695
17.046416  462
17.094699  211
17.100002  464
17.133297  973
17.225568  734
17.255007  773
17.313365  692
17.323927  206
17.341849  314
17.347679  293
17.354483  304
17.366303  177
17.367996  765
17.436397  883
17.452029  756
17.462536  469
17.480099  235
17.489367  470
17.494171  1093
17.532503  318
17.568563  2
17.577053  4
17.585048  320
17.589912  693
17.608050  1
17.627319  318
17.634435  468
17.709360  753
17.727183  848
17.740829  986
17.756769  693
17.770687  686
17.774317  682
17.777672  975
17.779525  843
17.781218  679
17.786836  672
17.790446  831
17.840692  282
17.843404  278
17.847229  450
17.869856  448
17.873462  446
17.884543  668
17.900914  666
17.907001  267
17.925349  663
17.942976  267
17.945168  433
17.951625  661
17.954636  432
17.960953  431
17.963145  658
17.986480  262
18.004058  656
18.007304  258
18.014755  426
18.029347  736
18.045237  422
18.052053  158
18.053746  155
18.056897  414
18.063274  413
18.067426  154
18.071691  413
18.077429  633
18.084673  411
18.091889  632
18.096234  628
18.110877  617
18.115262  616
18.116855  616
18.142645  130
18.148443  128
18.151554  613
18.153207  612
18.195573  709
18.201331  621
18.207648  133
18.214265  134
18.216817  703
18.221661  222
18.225171  136
18.233501  210
18.236712  608
18.239144  605
18.240757  603
18.243169  120
18.245601  207
18.247394  119
18.251064  903
18.254969  119
18.263778  232
18.265731  206
18.268642  117
18.271294  204
18.275479  203
18.277811  226
18.279504  225
18.282655  894
18.286780  219
18.289172  217
18.290965  149
18.308887  597
18.329002  160
18.349645  159
18.358338  159
18.369899  224
18.387192  382
18.410214  224
18.416476  225
18.423792  167
18.428516  174
18.433580  235
18.435832  392
18.443168  243
18.454953  244
18.466014  243
18.479032  242
18.492610  0
18.511201  1
18.520670  243
18.522403  605
18.525594  243
18.530378  242
18.548101  617
18.551292  616
18.558888  241
18.567143  390
18.573640  240
18.582756  388
18.643343  673
18.671102  599
18.681277  595
18.682890  593
18.685422  885
18.687055  590
18.691300  589
18.723150  170
18.740881  351
18.743513  348
18.750929  348
18.757206  574
18.759738  348
18.761990  346
18.764342  732
18.766574  346
18.768846  572
18.778809  566
18.792090  172
18.800891  171
18.804976  564
18.809860  559
18.815190  164
18.821987  334
18.830022  333
18.857052  560
18.862036  163
18.866401  159
18.869612  556
18.874596  554
18.888416  331
18.906155  318
18.916090  317
18.920035  59
18.921708  316
18.926832  315
18.933888  541
18.938013  311
18.945089  538
18.954637  535
18.958003  532
18.980971  514
18.988981  491
18.992886  480
19.011348  564
19.014000  80
19.015593  70
19.017845  466
19.019658  465
19.024582  67
19.026515  54
19.032006  78
19.036171  52
19.037744  50
19.040935  73
19.046198  70
19.048870  3
19.055232  1
19.057105  1
19.060715  437
19.065759  0
19.103780  57
19.140777  211
19.145042  64
19.162401  0
19.181338  1
19.183011  748
19.188629  11
19.194547  215
19.202614  217
19.206779  69
19.217046  70
19.219558  63
19.221271  61
19.223723  54
19.226954  52
19.228667  51
19.230380  0
19.239943  411
19.242315  34
19.243928  33
19.252889  32
19.260245  12
19.262777  153
19.265069  1
19.267341  142
19.273099  369
19.280215  572
19.299093  0
19.311508  28
19.313740  28
19.319483  26
19.336829  1
19.345486  425
19.352823  8
19.368150  4
19.369783  0
19.402347  0
19.427902  0
19.446479  0
19.473054  230
19.488226  0
19.506768  0
19.508361  1
19.554260  0
19.581467  0
19.621888  425
19.656412  15
19.658085  22
19.669406  6
19.671938  24
19.676203  27
19.688164  133
19.697872  29
19.707021  13
19.709633  14
19.724567  191
19.736367  433
19.753407  11
19.772838  16
19.782087  12
19.783680  25
19.788125  287
19.792989  37
19.812867  42
19.823689  46
19.828933  13
19.833158  16
19.835770  22
19.841054  49
19.851417  21
19.853929  55
19.860566  57
19.862379  16
19.868956  30
19.899235  22
19.963415  3
19.965807  11
19.968319  18
19.970511  19
19.972244  19
19.974676  17
19.977188  14
19.986117  12
19.993094  12
19.994767  6
20.001384  0
20.010114  0
20.033760  0
20.059818  425
20.082661  3
20.092984  6
20.099921  6
20.106458  12
20.117759  114
20.135558  0
20.138210  0
20.152510  168
20.170248  409
20.214346  261
20.218831  259
20.224869  255
20.229054  0
20.242069  22
20.248766  36
20.275196  32
20.281813  30
20.315378  29
20.382747  32
20.394516  224
20.400114  218
20.401727  52
20.412809  4
20.417753  8
20.420025  60
20.427982  15
20.431967  20
20.438644  23
20.442090  71
20.444302  30
20.446734  32
20.457817  78
20.483641  17
20.497076  424
20.517548  22
20.618575  42
20.687936  32
20.690528  412
20.710628  413
20.720922  44
20.733497  64
20.750596  71
20.777539  84
20.784376  89
20.795038  96
20.806819  98
20.813337  99
20.820434  101
20.833550  108
20.847284  110
20.864305  25
20.866557  112
20.877399  121
20.902281  131
20.908919  475
20.913244  142
20.929371  145
20.944678  165
20.946451  353
20.952669  172
20.960959  249
20.963032  183
20.974408  185
20.977619  55
21.044894  86
21.079515  215
21.107038  222
21.121012  51
21.123185  245
21.150932  248
21.195795  263
21.198826  58
21.212834  265
21.254755  107
21.290637  279
21.349833  241
21.360607  482
21.379820  487
21.383725  9
21.426440  96
21.447754  356
21.453172  248
21.459689  360
21.464773  267
21.467245  363
21.485859  98
21.496746  287
21.504242  84
21.506235  288
21.513471  115
21.515344  299
21.518375  116
21.522081  306
21.526805  303
21.535195  309
21.556547  309
21.562030  288
21.566235  285
21.583220  317
21.593762  321
21.601932  337
21.609228  355
21.619422  357
21.627692  361
21.642172  363
21.649188  369
21.653573  283
21.657039  372
21.671073  2
21.672766  374
21.682589  293
21.697225  274
21.705862  419
21.719118  287
21.747960  385
21.763447  506
21.776062  401
21.782000  301
21.789037  510
21.790670  405
21.799440  516
21.852235  425
21.860845  656
21.871808  428
21.892452  164
21.894445  459
21.914056  471
21.929462  487
21.937062  158
21.950963  563
21.960051  503
21.980962  513
21.994416  522
22.011276  524
22.021739  523
22.024451  200
22.041731  66
22.083787  206
22.101474  340
22.107892  527
22.120387  715
22.122280  562
22.149468  562
22.205074  566
22.222553  588
22.237001  590
22.256719  591
22.276443  598
22.287665  10
22.290476  668
22.293068  604
22.313439  611
22.327771  614
22.337200  546
22.352966  730
22.366706  569
22.390806  247
22.401074  251
22.405598  570
22.423184  649
22.482111  559
22.495764  570
22.517052  592
22.525781  612
22.533377  578
22.537562  580
22.539894  571
22.557972  629
22.590855  632
22.605842  875
22.608993  654
22.617088  657
22.624504  259
22.627076  659
22.636025  660
22.648724  507
22.658217  762
22.665932  146
22.667585  663
22.679885  663
22.699922  517
22.727308  664
22.747231  675
22.762898  549
22.777625  697
22.779318  833
22.797016  702
22.806625  708
22.822336  732
22.836384  745
22.858731  747
22.877258  754
22.879850  221
22.893496  245
22.896128  761
22.903464  297
22.907309  391
22.925675  778
22.940886  793
22.953525  806
22.957710  227
22.966719  824
22.970944  813
22.980732  473
22.995786  551
23.023435  814
23.029078  812
23.035875  411
23.041533  792
23.052049  379
23.093421  420
23.122546  802
23.142709  807
23.147213  64
23.158621  788
23.162666  803
23.231141  804
23.274397  538
23.292101  811
23.298645  886
23.303050  815
23.318302  818
23.321133  81
23.330502  823
23.344235  789
23.349518  254
23.354162  265
23.378322  269
23.383326  794
23.394275  290
23.399179  313
23.405017  318
23.424318  825
23.435574  852
23.449933  809
23.499314  812
23.506330  811
23.532239  798
23.552274  592
23.589600  799
23.594204  784
23.596396  750
23.600601  738
23.603113  722
23.604766  690
23.606439  678
23.611013  675
23.612826  663
23.615697  662
23.617470  661
23.619063  661
23.620796  658
23.623088  308
23.625001  650
23.633175  647
23.634888  641
23.637859  623
23.639552  616
23.641225  610
23.658409  612
23.661400  753
23.667263  551
23.669475  612
23.672187  617
23.675358  615
23.677730  755
23.682913  555
23.691563  552
23.694514  774
23.699797  616
23.703882  575
23.706234  620
23.710599  616
23.722272  604
23.728896  599
23.736692  587
23.739104  579
23.744622  575
23.748607  573
23.757121  957
23.788338  574
23.789931  962
23.800776  578
23.806379  576
23.819892  913
23.843992  582
23.846564  252
23.863448  588
23.894770  253
23.900328  251
23.902680  249
23.912069  577
23.950545  478
23.987212  683
23.989724  984
23.992116  567
24.005842  543
24.012798  513
24.047410  527
24.084066  221
24.112942  420
24.117147  507
24.131435  518
24.133068  515
24.159635  244
24.181184  459
24.186247  457
24.194961  874
24.214089  454
24.223018  448
24.227443  182
24.234963  721
24.255241  714
24.259366  174
24.263171  173
24.264884  169
24.274073  164
24.275946  690
24.280091  689
24.304310  383
24.316670  381
24.319282  374
24.324625  372
24.343246  316
24.348569  34
24.350502  29
24.354232  547
24.358517  466
24.363022  266
24.365154  457
24.367806  238
24.369659  237
24.371991  251
24.373644  448
24.378708  246
24.404082  631
24.416502  214
24.418794  213
24.425052  627
24.429796  627
24.444383  602
24.466942  605
24.474198  0
24.507462  2
24.515512  1
24.517145  0
24.524541  0
24.532156  176
24.534568  195
24.538653  173
24.549954  381
24.551587  285
24.581626  579
24.588083  166
24.590954  158
24.603174  128
24.636023  89
24.639928  89
24.682569  261
24.712838  79
24.715330  498
24.717043  75
24.722087  71
24.723740  71
24.726152  0
24.730257  333
24.741917  329
24.759710  327
24.766826  326
24.786309  78
24.789495  74
24.796272  67
24.797965  66
24.805141  42
24.811378  35
24.822959  233
24.828158  35
24.831309  14
24.835394  203
24.856804  432
24.860210  14
24.864095  422
24.867241  421
24.875324  408
24.878055  406
24.880347  401
24.881920  395
24.911380  0
24.915785  0
24.922602  0
24.924335  0
24.930519  0
24.939868  159
24.948318  78
24.953702  244
24.985229  387
24.990513  107
24.993005  0
24.995457  2
25.007138  6
25.029159  0
25.074430  129
25.105497  0
25.118672  229
25.181887  382
25.200980  0
25.211722  158
25.213435  8
25.253058  381
25.262567  6
25.269904  369
25.299560  0
25.301273  0
25.327042  218
25.345855  48
25.349560  348
25.351513  0
25.425169  2
25.446854  108
25.452792  346
25.460288  96
25.482091  204
25.509804  139
25.586750  2
25.602178  139
25.638844  343
25.658756  4
25.669779  7
25.687458  203
25.700873  338
25.707590  51
25.717953  56
25.739517  0
25.741430  0
25.783271  0
25.794023  85
25.808071  83
25.826151  187
25.838432  0
25.870061  125
25.903687  336
25.941838  1
25.960278  123
25.975325  335
25.982042  319
25.990671  0
26.043324  192
26.059110  45
26.061223  40
26.092296  3
26.093989  3
26.098074  43
26.107503  49
26.134045  6
26.138150  3
26.149851  81
26.157067  1
26.160597  315
26.165202  183
26.174451  0
26.192030  173
26.201459  98
26.205584  0
26.243536  327
26.312352  3
26.376308  1
26.387550  19
26.390062  19
26.424162  1
26.433512  341
26.467537  53
26.483866  23
26.538302  177
26.554508  11
26.578532  21
26.580105  187
26.596070  45
26.603920  217
26.611536  32
26.623417  39
26.625210  351
26.633600  42
26.636172  8
26.638884  40
26.653237  7
26.660214  38
26.694801  93
26.730678  26
26.737570  364
26.749391  19
26.751044  367
26.763799  23
26.774401  25
26.778426  38
26.787576  41
26.789549  20
26.799352  41
26.808821  226
26.812886  19
26.819384  24
26.850638  34
26.855562  34
26.900209  116
26.902342  121
26.910932  37
26.919442  45
26.922928  338
26.937301  44
26.947289  48
26.979181  227
26.984979  146
26.989104  55
26.990777  38
27.008996  47
27.015761  230
27.032422  33
27.039339  57
27.045437  54
27.068879  59
27.081973  120
27.093454  40
27.124497  369
27.130575  375
27.142237  349
27.148095  380
27.164575  360
27.182475  46
27.195229  50
27.199454  38
27.201527  21
27.205932  62
27.223352  37
27.232089  59
27.251027  73
27.267567  43
27.271832  52
27.275857  63
27.295069  65
27.331529  67
27.334201  1
27.360151  60
27.366069  125
27.370793  63
27.391164  65
27.392917  68
27.399174  242
27.403579  151
27.409457  78
27.417927  68
27.426756  70
27.439743  250
27.444967  74
27.466900  46
27.473577  267
27.483386  75
27.508188  77
27.512433  48
27.519437  86
27.523742  55
27.537415  77
27.539408  77
27.541700  147
27.560057  156
27.573790  165
27.582680  67
27.584293  24
27.590930  383
27.598681  393
27.614128  395
27.615941  51
27.624651  451
27.631808  374
27.636153  54
27.643210  94
27.645343  55
27.651580  97
27.653393  118
27.655306  376
27.662283  120
27.664456  55
27.671233  92
27.675818  120
27.679963  39
27.688473  300
27.690685  51
27.724912  74
27.726665  88
27.739769  78
27.743035  125
27.749812  125
27.755650  118
27.791266  164
27.795890  38
27.806172  52
27.816540  401
27.823038  171
27.831628  121
27.836193  198
27.840618  94
27.849308  120
27.853893  120
27.860191  299
27.864536  124
27.873716  116
27.876268  113
27.877981  188
27.881307  53
27.883999  438
27.887804  293
27.894241  111
27.905331  100
27.952715  80
27.961285  122
27.981975  114
27.994145  192
27.997236  113
28.020278  222
28.030840  108
28.041522  99
28.082407  114
28.087311  444
28.091736  436
28.095362  108
28.101920  113
28.130142  101
28.146871  103
28.150097  114
28.188609  138
28.219524  117
28.238736  122
28.274693  125
28.298790  298
28.321568  201
28.332110  126
28.340900  139
28.347438  152
28.349650  121
28.364657  317
28.370795  127
28.376019  136
28.389492  322
28.401967  320
28.444339  115
28.451336  134
28.486394  139
28.488546  219
28.512497  133
28.536559  223
28.553678  136
28.559935  164
28.566672  444
28.568245  125
28.577753  447
28.591328  461
28.600098  115
28.607958  494
28.623485  124
28.628469  139
28.633573  162
28.635506  443
28.641464  117
28.657011  155
28.659723  111
28.674351  118
28.691971  125
28.698931  153
28.703276  140
28.708141  161
28.710293  148
28.719122  161
28.727812  163
28.757071  168
28.807854  173
28.818976  223
28.820849  460
28.833180  145
28.835113  153
28.840951  228
28.847689  156
28.853347  153
28.860623  161
28.864508  355
28.871959  184
28.878336  243
28.882002  497
28.887665  172
28.894701  158
28.898347  357
28.917763  357
28.919396  190
28.954946  177
28.973763  137
28.977828  191
28.980340  158
29.015617  254
29.022215  145
29.026840  175
29.041868  485
29.043641  155
29.054963  277
29.090885  163
29.109503  505
29.119846  164
29.123971  364
29.144381  197
29.159503  160
29.164587  170
29.166520  490
29.173217  187
29.189937  500
29.199286  360
29.209282  185
29.223830  163
29.240530  185
29.247087  186
29.257709  188
29.267912  187
29.279293  179
29.284397  287
29.351031  179
29.353303  259
29.374541  191
29.385123  194
29.389408  266
29.396719  179
29.422168  495
29.440027  197
29.446644  223
29.450949  169
29.473212  241
29.479290  206
29.486007  400
29.499530  410
29.600171  221
29.606868  292
29.609540  200
29.616137  225
29.617870  298
29.640094  289
29.651969  196
29.653582  303
29.677191  169
29.681916  560
29.696991  566
29.705261  206
29.709706  564
29.723994  230
29.745898  177
29.753888  228
29.760106  240
29.766963  242
29.778500  194
29.799070  219
29.800683  226
29.802256  219
29.804768  225
29.836001  223
29.846764  211
29.861751  192
29.902298  242
29.908256  292
29.919086  223
29.927216  529
29.937144  216
29.941289  190
29.950019  212
29.951952  292
29.956137  215
29.967179  404
29.978341  231
29.991276  209
29.995301  211
29.997693  401
30.012207  329
30.015753  546
30.025222  328
30.027235  543
30.036684  400
30.043589  232
30.100604  204
30.134703  230
30.319716  594
30.338175  219
30.354543  219
30.361640  534
30.374755  257
30.383005  231
30.407482  407
30.411128  264
30.436905  216
30.443942  216
30.453032  225
30.457657  298
30.463415  282
30.482067  285
30.530143  289
30.541245  307
30.546683  283
30.565680  233
30.569985  279
30.571598  319
30.581921  227
30.597867  354
30.608778  559
30.616074  232
30.630407  247
30.641409  264
30.649859  453
30.661680  276
30.666045  292
30.668557  207
30.680912  271
30.690875  374
30.692628  465
30.700678  311
30.707135  595
30.723776  497
30.734838  247
30.752199  274
30.759476  264
30.782747  282
30.789444  285
30.794049  324
30.827821  279
30.835995  588
30.857859  256
30.867642  382
30.873340  453
30.892658  247
30.897242  593
30.952031  270
30.978342  298
30.982347  591
30.993436  281
30.997741  298
31.004278  287
31.006211  606
31.012728  286
31.019006  302
31.027916  285
31.031921  313
31.038159  274
31.054859  619
31.061017  289
31.065142  284
31.070106  289
31.074870  286
31.081587  293
31.126969  295
31.141121  269
31.149751  348
31.154315  261
31.171220  284
31.176858  253
31.190072  268
31.208630  292
31.231752  609
31.262733  274
31.267637  276
31.272521  460
31.276726  284
31.283843  379
31.306026  610
31.307839  294
31.318821  286
31.325019  604
31.333969  459
31.347342  293
31.358498  265
31.370479  261
31.393298  261
31.398836  276
31.409998  259
31.412330  347
31.416795  280
31.433216  590
31.450101  347
31.453507  260
31.462136  346
31.467300  251
31.473858  375
31.488645  455
31.499847  292
31.511009  600
31.524323  246
31.534473  588
31.552033  250
31.556258  585
31.571452  441
31.575777  257
31.582295  577
31.586500  249
31.590865  247
31.601447  572
31.605692  247
31.614941  264
31.619106  246
31.621318  239
31.623271  259
31.636525  428
31.640651  573
31.646729  237
31.669432  245
31.700405  357
31.710707  225
31.723702  251
31.733250  248
31.745231  245
31.753381  331
31.760957  260
31.766835  326
31.779355  244
31.782047  251
31.835096  563
31.871854  237
31.941158  266
31.959031  435
31.965928  444
32.022995  278
32.041952  281
32.077105  244
32.089644  328
32.120744  460
32.140060  581
32.145144  377
32.155706  234
32.168125  605
32.178033  253
32.194738  262
32.209072  614
32.220960  275
32.223252  277
32.225524  279
32.234533  250
32.241191  261
32.245975  270
32.248287  270
32.254784  242
32.256357  278
32.269691  275
32.274635  273
32.290921  613
32.294866  244
32.299770  267
32.311525  279
32.341249  283
32.346113  283
32.350178  248
32.371334  247
32.375499  289
32.379504  357
32.393257  292
32.394950  282
32.396523  363
32.398735  290
32.400548  279
32.422441  267
32.431930  354
32.436695  460
32.446902  286
32.449414  591
32.460954  279
32.465019  278
32.470562  255
32.474774  257
32.479059  254
32.481631  277
32.483883  272
32.486455  445
32.496104  369
32.500029  272
32.502401  260
32.512468  256
32.520458  577
32.525122  273
32.527075  257
32.538763  434
32.540376  356
32.550264  433
32.554289  431
32.564851  271
32.571508  249
32.573161  246
32.578839  235
32.589681  236
32.595004  233
32.602440  251
32.609077  234
32.616061  252
32.619906  251
32.626883  250
32.637725  551
32.640137  232
32.645041  226
32.651378  225
32.653570  315
32.661940  312
32.667723  311
32.669396  214
32.672028  339
32.702247  420
32.706732  260
32.712950  559
32.740162  217
32.751284  224
32.758162  558
32.763845  229
32.766317  226
32.772754  537
32.775166  210
32.779651  409
32.784056  215
32.785809  214
32.788221  222
32.796151  207
32.800935  230
32.805080  212
32.807053  229
32.811698  210
32.813471  206
32.824932  401
32.827005  209
32.838407  205
32.851801  205
32.853554  202
32.860957  210
32.878147  209
32.884864  236
32.904363  197
32.923576  284
32.929639  281
32.934483  207
32.939767  192
32.941460  207
32.946204  188
32.947937  195
32.950409  204
32.952741  193
32.954514  176
32.957086  174
32.959298  500
32.960991  366
32.970880  195
32.982171  192
32.984583  498
32.986176  192
32.988728  192
32.991340  168
32.992953  163
32.997997  187
32.999670  187
33.004255  360
33.008980  180
33.011632  284
33.016137  187
33.017850  175
33.036495  180
33.039007  192
33.042178  180
33.044790  273
33.046643  349
33.055273  347
33.072453  187
33.076958  165
33.088359  156
33.102394  153
33.106539  175
33.118859  167
33.122924  172
33.124597  170
33.139672  479
33.142144  161
33.143937  479
33.148122  155
33.165090  261
33.188767  329
33.193352  167
33.223101  126
33.229379  457
33.238348  134
33.240840  134
33.246758  452
33.247637  447
33.250309  313
33.254914  121
33.259139  130
33.269721  123
33.274166  109
33.280804  106
33.287880  301
33.313096  109
33.317201  109
33.330835  105
33.343470  104
33.349828  104
33.356525  88
33.366087  182
33.369218  180
33.376035  113
33.378048  93
33.379821  110
33.384825  97
33.387097  108
33.388870  96
33.391003  77
33.399653  278
33.404378  105
33.408543  93
33.410915  93
33.415360  73
33.421467  93
33.426471  264
33.430336  83
33.435021  190
33.445704  88
33.450129  87
33.454893  85
33.466839  80
33.468592  113
33.470585  96
33.501140  113
33.535060  99
33.557464  395
33.605588  260
33.607541  98
33.640921  398
33.659753  391
33.680167  70
33.687778  68
33.692243  67
33.697147  64
33.777861  81
33.782865  70
33.791335  164
33.806417  81
33.809089  61
33.828022  92
33.830095  93
33.855536  265
33.921684  269
33.924910  267
33.949720  74
33.960242  77
33.967619  79
34.046871  102
34.052609  107
34.129857  74
34.132489  191
34.154729  85
34.190552  77
34.197069  80
34.247570  85
34.252794  169
34.261464  95
34.270313  272
34.274658  96
34.277370  79
34.289246  86
34.302601  87
34.309039  87
34.312964  96
34.318168  88
34.326778  89
34.329090  98
34.333495  109
34.374986  273
34.376999  116
34.419443  405
34.461930  73
34.489502  284
34.507201  117
34.529285  422
34.550930  426
34.559619  427
34.563245  287
34.570142  87
34.597019  70
34.606668  98
34.617910  289
34.646372  84
34.650337  84
34.660580  86
34.665185  85
34.692188  104
34.717219  127
34.724196  101
34.731153  100
34.732906  100
34.742575  93
34.745207  103
34.747140  291
34.755270  203
34.764000  93
34.770618  102
34.776643  112
34.793453  96
34.798297  125
34.802642  132
34.813508  76
34.826192  102
34.830737  298
34.834962  203
34.843731  135
34.850448  298
34.865196  101
34.934408  79
34.960517  311
34.964982  125
34.966995  137
34.976624  146
35.003766  116
35.015447  435
35.038451  428
35.046781  104
35.048834  440
35.073645  118
35.090015  128
35.095873  311
35.124334  123
35.149373  95
35.160396  191
35.168566  192
35.176257  97
35.179887  117
35.187024  193
35.189037  127
35.191130  127
35.206837  124
35.213115  131
35.222524  112
35.229002  139
35.237361  320
35.239134  224
35.247304  126
35.252468  115
35.254101  130
35.261837  118
35.272740  141
35.274893  128
35.277265  141
35.280700  150
35.299513  232
35.301506  102
35.310870  321
35.318066  322
35.320558  239
35.326336  152
35.341009  323
35.378542  450
35.396820  214
35.408876  112
35.449063  454
35.466623  163
35.490709  134
35.520890  464
35.522563  128
35.541141  450
35.543114  323
35.545027  469
35.572678  110
35.583460  148
35.588145  329
35.603372  152
35.628639  132
35.644726  136
35.655269  116
35.666511  140
35.670157  219
35.681938  127
35.688696  141
35.691068  167
35.694994  145
35.697147  225
35.703524  146
35.708029  149
35.709882  142
35.716739  151
35.729794  171
35.736191  147
35.744501  248
35.771902  481
35.773655  153
35.782425  155
35.787010  173
35.792908  165
35.794621  175
35.803750  127
35.830020  345
35.852548  153
35.893644  460
35.921405  143
35.960650  347
35.964995  188
35.992343  173
35.998761  161
36.046526  474
36.052904  494
36.059282  350
36.061255  478
36.075309  140
36.077022  155
36.082960  157
36.088004  130
36.097234  161
36.105844  237
36.134147  163
36.154818  157
36.185080  191
36.186693  241
36.188366  153
36.192691  149
36.203752  245
36.224283  162
36.228229  180
36.254279  179
36.262589  356
36.269246  167
36.274624  270
36.286205  170
36.307970  183
36.315487  174
36.321365  138
36.328482  148
36.342076  359
36.349133  194
36.366992  357
36.403843  160
36.413706  486
36.438307  149
36.446249  182
36.481460  196
36.507668  200
36.548529  289
36.566307  505
36.572913  505
36.574626  488
36.587153  168
36.595703  162
36.599788  168
36.614540  158
36.640014  172
36.663825  174
36.667000  185
36.690529  246
36.707809  171
36.715959  172
36.718631  160
36.723755  256
36.728120  185
36.745360  189
36.750085  167
36.772835  362
36.777580  189
36.785016  180
36.800303  494
36.806660  193
36.810585  177
36.816507  180
36.825371  179
36.834061  200
36.849127  185
36.857397  167
36.888865  365
36.898114  368
36.906808  170
36.973096  161
37.011045  368
37.027949  206
37.043829  207
37.078240  296
37.096838  511
37.100943  515
37.107760  506
37.114717  368
37.117908  506
37.119481  178
37.121833  176
37.125938  181
37.151146  167
37.155051  175
37.167546  179
37.210670  175
37.217367  260
37.220573  170
37.229482  264
37.240608  162
37.242261  164
37.245651  260
37.248183  176
37.252388  189
37.254740  160
37.259484  185
37.263070  161
37.280329  186
37.296102  361
37.297935  502
37.306776  181
37.321508  498
37.325553  289
37.349454  177
37.351586  178
37.359282  209
37.364386  183
37.373794  184
37.380371  186
37.385175  173
37.397415  289
37.403338  204
37.424347  169
37.429331  167
37.447796  258
37.510129  163
37.563848  188
37.622167  496
37.627271  511
37.633528  510
37.647102  171
37.650888  170
37.653520  170
37.657625  258
37.660137  167
37.662529  164
37.667274  163
37.672118  168
37.709243  148
37.716619  239
37.744792  148
37.746545  176
37.753865  165
37.757890  176
37.760362  175
37.763473  149
37.765166  149
37.766799  171
37.781326  172
37.798729  154
37.802854  151
37.806879  463
37.809551  145
37.812263  256
37.819269  159
37.824393  147
37.826006  147
37.828338  138
37.833597  141
37.837606  153
37.839938  165
37.854530  163
37.857621  139
37.862465  124
37.874325  155
37.876018  155
37.882962  316
37.904632  138
37.913042  136
37.915474  133
37.922291  130
37.926156  129
37.928348  220
37.932613  136
37.935245  135
37.953744  459
37.962673  456
37.976726  116
37.978919  468
37.980752  144
38.033480  141
38.036671  155
38.061566  233
38.077272  452
38.083269  449
38.085961  441
38.090206  449
38.092019  438
38.096304  113
38.109898  108
38.114163  101
38.116036  96
38.118328  93
38.151974  92
38.154087  87
38.160484  184
38.170372  178
38.177389  176
38.184186  109
38.185919  80
38.190364  96
38.192936  176
38.197281  111
38.199953  110
38.201866  107
38.215240  105
38.233379  96
38.240204  208
38.249913  94
38.252265  104
38.253858  104
38.256130  87
38.258382  86
38.261054  409
38.262887  108
38.264480  73
38.266672  104
38.273529  58
38.291596  61
38.296380  256
38.305370  254
38.311962  254
38.322209  65
38.329520  139
38.336357  56
38.344080  54
38.365980  390
38.390036  80
38.398326  77
38.419534  176
38.433534  90
38.444716  88
38.486653  396
38.514513  398
38.567091  56
38.608020  77
38.612465  153
38.625200  84
38.645690  63
38.650454  62
38.652227  62
38.655338  74
38.657371  60
38.664148  61
38.677162  49
38.687494  372
38.691619  50
38.698416  240
38.702181  239
38.708658  44
38.725258  132
38.747482  47
38.789483  70
38.815532  165
38.834009  81
38.850489  68
38.856906  382
38.871119  41
38.872812  161
38.878850  372
38.894257  370
38.905219  41
38.907371  231
38.915721  374
38.917674  38
38.921500  41
38.961282  33
38.965867  128
38.967500  37
38.974217  123
38.978502  121
38.980095  52
38.984320  22
38.988525  112
38.992550  36
38.999941  30
39.005065  7
39.007697  20
39.014015  11
39.022465  34
39.031035  0
39.037372  327
39.040918  0
39.046796  191
39.057498  189
39.067241  81
39.074717  0
39.085769  4
39.098047  0
39.129076  8
39.144909  0
39.146782  98
39.151607  0
39.161890  0
39.166095  0
39.179650  76
39.183575  292
39.206913  286
39.220861  293
39.240392  51
39.279557  50
39.299849  49
39.318821  0
39.323026  0
39.329744  0
39.369762  168
39.374007  165
39.424882  9
39.508098  294
39.542639  20
39.545291  309
39.556213  314
39.562131  7
39.572773  314
39.578951  5
39.627725  52
39.638387  67
39.646997  0
39.666409  0
39.699084  13
39.712299  16
39.714891  167
39.717024  62
39.723821  176
39.727786  174
39.740401  2
39.746459  19
39.767174  25
39.786883  27
39.808576  12
39.813475  87
39.824711  90
39.826324  11
39.841676  12
39.844388  10
39.859555  315
39.861368  94
39.870338  318
39.883973  321
39.885726  296
39.888018  28
39.893017  10
39.895968  332
39.909050  28
39.959783  12
39.970127  29
39.978837  13
40.004666  95
40.023539  19
40.037587  16
40.046876  23
40.051521  303
40.062163  27
40.082162  96
40.091292  38
40.104221  204
40.110918  30
40.115802  29
40.124399  48
40.135029  61
40.139194  49
40.146845  52
40.156341  333
40.165131  64
40.192715  113
40.201505  34
40.207423  118
40.216113  35
40.233313  342
40.248001  38
40.251786  54
40.266994  310
40.274111  354
40.286966  45
40.289079  67
40.296730  61
40.301794  366
40.314812  56
40.319476  207
40.342900  43
40.347285  101
40.370212  44
40.381334  44
40.387732  37
40.390344  103
40.399234  114
40.407125  122
40.410356  49
40.419366  43
40.428875  39
40.432761  35
40.441371  43
40.450460  43
40.454725  329
40.456858  61
40.466946  72
40.473204  336
40.477589  212
40.488371  127
40.495149  214
40.499714  12
40.506431  43
40.511076  225
40.517454  249
40.519866  53
40.529357  79
40.540179  68
40.542651  97
40.563176  95
40.589260  138
40.594603  55
40.596636  79
40.611563  58
40.662699  359
40.664812  368
40.671569  62
40.676233  82
40.682711  128
40.684304  80
40.686137  373
40.695107  73
40.708522  374
40.710715  83
40.742671  67
40.770502  75
40.783278  81
40.788102  76
40.805362  75
40.807515  134
40.811600  78
40.813193  137
40.815765  74
40.828347  81
40.834465  69
40.847620  81
40.858583  371
40.865920  156
40.885213  251
40.909898  252
40.915142  49
40.926004  75
40.934214  87
40.963910  91
40.971346  92
41.002834  86
41.013777  82
41.016109  165
41.018681  79
41.031057  87
41.061012  174
41.063584  83
41.074766  89
41.079051  84
41.089934  84
41.091647  93
41.106654  382
41.110759  110
41.112652  403
41.117157  96
41.124114  90
41.130351  411
41.134157  106
41.154568  91
41.176694  89
41.180619  105
41.208360  90
41.214678  87
41.220975  107
41.225360  152
41.235937  163
41.240881  167
41.245026  81
41.246619  88
41.264244  88
41.265817  101
41.274307  79
41.282118  92
41.292750  91
41.306698  99
41.311622  97
41.322173  115
41.333622  103
41.350542  90
41.357379  111
41.363437  91
41.366763  109
41.376899  97
41.394279  120
41.404662  126
41.409207  124
41.438909  106
41.449751  107
41.456229  94
41.471556  111
41.476281  411
41.478274  103
41.497801  111
41.501947  101
41.511356  109
41.515461  125
41.528396  122
41.536966  115
41.541511  111
41.552333  130
41.579182  127
41.580795  425
41.587492  426
41.589625  109
41.608278  119
41.609911  125
41.625618  120
41.632695  427
41.637300  168
41.674845  170
41.683256  114
41.693266  117
41.694859  121
41.706620  172
41.708353  110
41.716683  177
41.726692  118
41.734064  112
41.739982  115
41.759366  129
41.768750  117
41.773454  134
41.782403  123
41.788741  117
41.800482  185
41.804947  136
41.807519  115
41.810171  195
41.817667  120
41.828650  122
41.834608  118
41.842798  132
41.846903  146
41.852881  143
41.863344  142
41.898736  129
41.902762  123
41.914483  120
41.925625  120
41.945537  120
41.949662  137
41.955660  121
41.957453  134
41.964510  129
41.979147  138
41.985364  434
41.993555  135
42.006071  143
42.013068  142
42.021478  138
42.036366  139
42.045156  146
42.051594  134
42.067434  121
42.071159  143
42.075224  146
42.082640  121
42.100320  125
42.115607  124
42.125990  141
42.134400  127
42.155865  134
42.159810  133
42.161683  123
42.168520  127
42.185861  147
42.195290  130
42.202587  139
42.206792  130
42.211616  144
42.226844  145
42.230909  134
42.235134  148
42.248463  126
42.258212  146
42.262277  139
42.275472  155
42.288087  139
42.290080  141
42.297097  145
42.303515  140
42.316909  143
42.342919  146
42.377298  141
42.389379  134
42.419493  138
42.424617  147
42.429756  150
42.444303  151
42.446036  151
42.453133  132
42.457618  161
42.468401  151
42.470414  153
42.475932  164
42.484841  151
42.493231  164
42.495343  157
42.506885  162
42.510930  160
42.526597  162
42.563037  153
42.572786  146
42.600649  155
42.604175  148
42.615637  160
42.628572  149
42.640233  141
42.642086  144
42.652036  154
42.668183  165
42.672129  145
42.676674  161
42.686897  152
42.690183  155
42.698413  163
42.710568  161
42.722329  148
42.727054  143
42.740209  151
42.742701  159
42.750372  164
42.756789  161
42.763546  152
42.769444  151
42.796886  162
42.814646  161
42.822017  167
42.874133  159
42.876106  152
42.889361  160
42.891114  166
42.907021  168
42.915332  154
42.923343  172
42.937217  162
42.958802  173
42.960735  162
42.969505  162
42.982300  175
42.988817  187
42.997921  169
43.000373  184
43.004418  183
43.020298  171
43.057496  164
43.072523  159
43.092175  167
43.107363  181
43.117373  184
43.121558  167
43.130248  161
43.132361  159
43.145516  163
43.156738  175
43.158791  167
43.184406  177
43.188651  176
43.221104  186
43.232207  158
43.233900  158
43.246795  190
43.255225  174
43.257138  171
43.266127  171
43.268100  194
43.275780  174
43.277393  187
43.294638  160
43.297010  187
43.301216  182
43.323180  172
43.335975  194
43.340460  195
43.347337  206
43.376319  183
43.382717  182
43.406082  177
43.409867  184
43.423002  184
43.432452  193
43.437651  187
43.446241  189
43.454871  201
43.466593  190
43.468666  180
43.477156  207
43.490870  199
43.495155  212
43.499040  183
43.503924  207
43.511655  212
43.513927  204
43.521223  188
43.523256  209
43.544621  214
43.552658  210
43.565553  184
43.583771  199
43.588136  186
43.598059  190
43.603677  214
43.612326  200
43.622169  213
43.627233  188
43.633771  204
43.637936  200
43.647226  213
43.655576  198
43.668857  182
43.701353  195
43.728257  206
43.743124  193
43.750361  210
43.754686  210
43.756639  200
43.764515  188
43.786903  204
43.793010  203
43.797035  210
43.800401  216
43.802753  202
43.811067  200
43.816665  215
43.821309  208
43.824060  212
43.829738  205
43.833863  220
43.841982  200
43.859187  213
43.865504  220
43.867677  217
43.878319  219
43.882544  226
43.928102  215
43.938429  208
43.944606  213
43.955568  215
43.969562  224
43.982736  212
43.995051  219
44.002786  217
44.021762  215
44.024134  223
44.028419  207
44.052316  217
44.067308  221
44.074145  219
44.078230  212
44.089592  213
44.100074  213
44.104059  209
44.127916  212
44.151080  206
44.163815  212
44.168520  210
44.197540  210
44.202824  210
44.204537  217
44.216765  211
44.218738  206
44.226114  203
44.230858  209
44.242219  200
44.244891  214
44.256013  210
44.284653  212
44.299105  212
44.318042  201
44.320414  213
44.322247  214
44.328764  205
44.331196  205
44.335920  202
44.345249  210
44.352545  205
44.356290  218
44.365340  196
44.394097  212
44.403685  213
44.420877  214
44.440615  202
44.443327  211
44.482290  201
44.488387  211
44.539359  211
44.541991  211
44.544363  214
44.549227  218
44.551359  205
44.565212  202
44.569417  209
44.578606  205
44.588374  200
44.597623  210
44.604819  200
44.621188  205
44.624614  199
44.638419  209
44.642823  198
44.650813  201
44.659063  195
44.663827  193
44.683058  196
44.708532  197
44.711323  197
44.714534  202
44.726363  188
44.728535  187
44.730747  193
44.740775  200
44.742987  202
44.749504  200
44.757180  194
44.759452  200
44.772801  196
44.775353  201
44.792964  193
44.803871  202
44.818191  191
44.824469  189
44.832746  198
44.850844  196
44.862473  201
44.866738  198
44.869410  205
44.876066  190
44.900170  201
44.907226  205
44.915796  198
44.918168  197
44.920021  192
44.922994  191
44.935253  175
44.937086  179
44.938679  172
44.940292  178
44.945396  176
44.948487  174
44.956103  169
44.960068  163
44.976257  170
44.978909  159
44.981241  171
44.994140  165
45.006385  170
45.014115  170
45.022437  169
45.029214  175
45.031906  174
45.034438  163
45.046099  163
45.049844  172
45.061153  166
45.064284  173
45.078632  174
45.085708  170
45.087281  166
45.098602  166
45.108749  166
45.111361  161
45.116405  160
45.134350  164
45.135963  163
45.138415  156
45.144473  164
45.149357  160
45.156454  159
45.181231  159
45.183783  158
45.186355  156
45.189506  154
45.194150  148
45.198815  154
45.200848  153
45.205213  147
45.207559  157
45.209612  158
45.220195  141
45.225039  139
45.226204  142
45.231922  124
45.233515  122
45.237001  110
45.240946  95
45.247632  95
45.256513  90
45.263704  90
45.268628  88
45.270481  97
45.275505  86
45.279330  96
45.283842  90
45.288646  89
45.290699  93
45.293171  82
45.305885  89
45.317646  95
45.336304  81
45.341822  90
45.371024  83
45.378140  75
45.382425  70
45.384218  66
45.386670  72
45.390256  68
45.394681  60
45.399066  65
45.401059  65
45.403711  53
45.422289  66
45.433051  55
45.437156  66
45.439308  64
45.458500  62
45.483403  44
45.494206  40
45.509054  34
45.522922  31
45.530418  35
45.535342  35
45.536975  34
45.538548  33
45.541619  27
45.546144  21
45.554894  21
45.557126  26
45.561251  22
45.562884  27
45.567009  32
45.574145  36
45.578290  22
45.583302  22
45.610666  36
45.619456  28
45.625913  31
45.657356  37
45.666245  31
45.676628  13
45.714664  16
45.718849  19
45.720882  17
45.727819  9
45.731704  14
45.742186  7
45.746471  18
45.752369  2
45.757153  13
45.766901  0
45.778623  9
45.795950  17
45.806952  8
45.813869  4
45.826284  2
45.849442  5
45.851115  5
45.856019  4
45.857812  0
45.862137  0
45.871026  3
45.875511  7
45.879596  8
45.887986  13
45.892511  12
45.896976  2
45.914016  0
45.922126  7
45.925532  0
45.929457  4
45.931290  0
45.937747  1
45.964335  0
45.972505  0
46.002037  0
46.012959  0
46.017604  2
46.029679  0
46.053698  1
46.062268  0
46.066333  0
46.082119  0
46.095394  0
46.106437  0
46.169260  2
46.186220  0
46.190445  0
46.273714  2
46.353501  2
46.358206  2
46.368828  3
46.383082  4
46.437416  14
46.442001  4
46.445846  17
46.466571  15
46.474941  16
46.477593  2
46.490649  2
46.509741  5
46.525087  12
46.529332  4
46.536269  0
46.549484  11
46.551677  4
46.565052  6
46.575535  12
46.583725  12
46.588050  11
46.608536  11
46.615093  11
46.635304  10
46.646446  16
46.657589  12
46.662114  21
46.671044  13
46.677462  9
46.696875  17
46.701899  13
46.708457  16
46.733777  10
46.770169  20
46.774634  26
46.798591  29
46.804788  14
46.835062  10
46.852582  15
46.857067  11
46.863505  11
46.895892  13
46.899917  15
46.915324  33
46.933858  24
46.944860  34
46.949125  30
46.953750  29
46.955523  18
46.962500  2
46.974476  23
46.980154  23
46.992669  23
47.006663  21
47.015712  31
47.029638  28
47.031890  19
47.036255  26
47.055054  23
47.056727  24
47.067349  39
47.076179  25
47.083176  28
47.093399  24
47.121222  32
47.130611  44
47.135276  32
47.137269  31
47.144086  50
47.154410  55
47.160008  53
47.178825  61
47.183190  36
47.185402  38
47.190486  27
47.194731  46
47.197300  41
47.203717  38
47.207283  31
47.220397  32
47.226735  34
47.232473  34
47.241942  41
47.246407  38
47.265680  34
47.281507  33
47.289338  31
47.304614  34
47.310412  48
47.324697  58
47.331394  65
47.333587  55
47.342990  36
47.347834  24
47.351880  47
47.363162  40
47.377070  58
47.382109  29
47.398335  45
47.405192  61
47.409298  43
47.416794  63
47.423252  62
47.425385  60
47.434654  44
47.440712  51
47.444997  66
47.453467  78
47.455080  53
47.456873  63
47.463450  42
47.472440  49
47.478158  55
47.499330  62
47.510153  78
47.514498  69
47.516471  62
47.525381  75
47.532038  67
47.547165  60
47.570102  63
47.579845  42
47.590927  76
47.592640  74
47.599757  54
47.603762  78
47.616537  74
47.622275  54
47.626540  62
47.631265  70
47.639495  63
47.643340  62
47.656435  74
47.661479  72
47.666084  72
47.671962  68
47.675093  65
47.679658  73
47.681591  76
47.704414  75
47.715636  84
47.719981  77
47.735549  96
47.749304  46
47.758633  82
47.771728  73
47.801984  69
47.808062  85
47.818325  85
47.826855  75
47.835505  86
47.837777  74
47.843655  77
47.858503  91
47.862888  89
47.868766  73
47.884173  85
47.900314  77
47.913808  80
47.915401  84
47.925633  90
47.939507  96
47.948491  92
47.955188  88
47.957620  77
47.964956  83
47.979224  73
47.983869  82
47.999476  85
48.025565  85
48.064811  91
48.073521  93
48.082346  93
48.098532  86
48.106503  90
48.108935  96
48.125356  97
48.138971  99
48.147841  91
48.156651  101
48.158284  111
48.176124  92
48.181183  95
48.231050  98
48.235295  97
48.273480  94
48.282330  107
48.283923  106
48.288707  114
48.292892  115
48.306394  97
48.310239  103
48.325096  99
48.340223  120
48.358422  114
48.379256  121
48.383641  123
48.388006  78
48.398409  122
48.420574  117
48.424799  92
48.431995  93
48.440186  96
48.444351  97
48.452861  121
48.455373  118
48.473334  111
48.475507  115
48.489101  118
48.509412  115
48.518601  111
48.528784  115
48.548337  114
48.558026  122
48.561652  125
48.590420  127
48.592752  129
48.603015  136
48.611225  132
48.619345  117
48.627995  131
48.632480  132
48.640750  124
48.670591  121
48.681154  125
48.706284  132
48.710109  129
48.719386  115
48.721539  137
48.735414  137
48.743731  136
48.747916  145
48.752161  138
48.765750  133
48.776972  138
48.779544  123
48.791760  134
48.798457  133
48.809239  148
48.811891  150
48.822334  138
48.835483  124
48.842539  158
48.848696  134
48.860245  136
48.862198  138
48.877425  155
48.881690  158
48.883443  142
48.888622  125
48.907453  141
48.909086  132
48.920727  149
48.922340  140
48.931609  138
48.935974  133
48.944024  139
48.951935  141
48.962678  140
48.975981  150
48.980306  148
49.002509  140
49.010819  144
49.019649  134
49.023414  148
49.034277  144
49.035890  156
49.050303  157
49.056530  150
49.058523  159
49.079748  166
49.091684  147
49.101827  139
49.110147  142
49.114472  145
49.117738  154
49.132151  154
49.164778  146
49.168743  153
49.172948  159
49.177533  172
49.193260  160
49.195333  153
49.210097  148
49.211690  171
49.222252  153
49.228370  163
49.232335  166
49.236420  171
49.240265  163
49.246143  151
49.260858  157
49.268255  160
49.275506  161
49.299628  180
49.301361  182
49.309831  183
49.319100  144
49.329163  189
49.331056  172
49.336614  190
49.349729  170
49.358679  159
49.367669  183
49.371834  175
49.381472  149
49.385897  172
49.399971  182
49.403617  160
49.405750  181
49.409995  184
49.414834  173
49.424602  167
49.431758  160
49.444613  173
49.456534  175
49.466657  162
49.475207  167
49.479592  173
49.482244  182
49.493946  170
49.507081  182
49.511306  177
49.515271  167
49.530666  167
49.532639  182
49.539676  179
49.550758  178
49.552911  182
49.558255  181
49.570271  184
49.577528  183
49.597301  174
49.606111  176
49.612968  177
49.666821  182
49.675071  182
49.679016  192
49.680709  193
49.695417  185
49.710425  186
49.712637  191
49.718655  186
49.728958  192
49.734476  190
49.739020  179
49.780916  186
49.806807  195
49.824187  190
49.826200  188
49.846885  193
49.857595  196
49.862140  190
49.870211  182
49.903297  194
49.906643  185
49.908975  195
49.922357  198
49.941319  192
49.946567  191
49.949199  186
49.960735  187
50.001471  192
50.008688  190
50.017019  202
50.021284  187
50.028261  190
50.043369  190
50.045881  193
50.057817  190
50.061802  198
50.070392  197
50.072964  208
50.085799  201
50.099212  208
50.101904  203
50.125541  193
50.134890  193
50.185017  194
50.186870  205
50.190995  200
50.198032  204
50.207241  213
50.213778  197
50.224760  209
50.232610  208
50.234583  198
50.236815  208
50.240840  211
50.249490  208
50.262545  200
50.264338  209
50.280559  204
50.307668  206
50.322496  214
50.331606  211
50.342308  199
50.352831  210
50.359428  208
50.361501  214
50.370510  211
50.376868  201
50.399456  207
50.401129  203
50.406113  204
50.438468  215
50.453068  207
50.462137  208
50.467061  202
50.492591  209
50.497315  208
50.512441  205
50.534012  203
50.538057  206
50.554862  207
50.559187  207
50.563112  207
50.567337  212
50.572021  207
50.578478  204
50.582923  206
50.596676  202
50.646343  211
50.664642  212
50.715899  208
50.737183  209
50.741735  214
50.751191  212
50.771382  209
50.799528  209
50.828732  216
50.833676  218
50.843958  221
50.851301  221
50.855306  225
50.883448  227
50.889051  211
50.912073  217
50.927846  215
50.941849  221
50.958753  224
50.969175  219
50.979303  219
50.989106  213
50.991318  210
51.016852  213
51.019005  217
51.039875  220
51.052417  213
51.066314  219
51.070219  208
51.083242  214
51.085834  223
51.090538  223
51.095822  224
51.100606  215
51.102319  215
51.107223  222
51.114679  223
51.119524  214
51.123829  214
51.139615  216
51.144219  213
51.153248  214
51.167520  212
51.171525  217
51.173837  218
51.179320  213
51.183505  214
51.188609  214
51.195426  212
51.200350  216
51.229038  211
51.230671  211
51.234676  216
51.240399  211
51.245542  216
51.253797  208
51.261093  205
51.263445  210
51.268109  208
51.270122  203
51.277658  207
51.280250  204
51.282542  207
51.298696  212
51.314921  209
51.327680  206
51.343395  215
51.376570  216
51.378203  208
51.387911  211
51.401939  208
51.404391  213
51.406783  207
51.412386  214
51.416970  211
51.427732  216
51.431837  208
51.437161  212
51.453190  197
51.457655  205
51.472012  209
51.473685  203
51.478849  212
51.485151  211
51.499568  208
51.502120  206
51.529498  203
51.540381  203
51.556267  208
51.563383  205
51.571553  203
51.576557  203
51.595182  207
51.600406  206
51.602538  205
51.604990  210
51.607682  210
51.610334  207
51.628780  202
51.633804  199
51.640002  202
51.648232  204
51.650544  204
51.653136  198
51.663898  202
51.670515  204
51.675459  201
51.679524  204
51.687240  203
51.691984  204
51.694636  201
51.697188  202
51.699620  199
51.702895  200
51.727725  194
51.729718  192
51.731910  198
51.734302  197
51.736015  191
51.740839  191
51.747348  193
51.755738  190
51.762155  185
51.769056  189
51.773840  186
51.777885  186
51.783009  192
51.785141  189
51.789506  181
51.799638  178
51.802190  178
51.821567  179
51.831115  173
51.846581  176
51.854751  172
51.863241  175
51.870717  173
51.873149  178
51.880226  174
51.882079  178
51.884471  173
51.909781  171
51.927887  172
51.930039  166
51.932072  170
51.941540  165
51.945725  167
51.949631  172
51.951304  166
51.955469  170
51.960473  162
51.962945  163
51.965517  156
51.969662  158
51.971255  155
51.978311  147
51.986882  139
51.995771  142
51.999616  143
52.006093  141
52.008785  141
52.011397  140
52.020447  137
52.028857  133
52.030530  134
52.033222  135
52.044183  140
52.052618  142
52.057023  132
52.059036  137
52.063860  137
52.067766  125
52.084853  132
52.087045  124
52.098207  114
52.099940  118
52.102312  117
52.104305  112
52.109069  113
52.111721  112
52.113554  111
52.115986  111
52.136317  104
52.143461  112
52.145074  111
52.147786  112
52.150018  111
52.154303  104
52.155876  104
52.175987  99
52.180872  96
52.185437  102
52.189262  95
52.194625  100
52.204873  99
52.222033  101
52.232481  99
52.246535  96
52.250720  83
52.257297  84
52.258950  86
52.262205  85
52.264298  82
52.266271  75
52.291913  73
52.306923  75
52.309435  72
52.314120  70
52.332266  74
52.334399  79
52.343608  71
52.352198  76
52.367933  72
52.394503  82
52.417808  81
52.432595  82
52.439492  87
52.441545  78
52.450195  71
52.464703  76
52.480009  80
52.482441  73
52.518893  74
52.521165  76
52.524311  77
52.526943  77
52.530948  66
52.535592  64
52.538144  70
52.540576  70
52.542229  59
52.552277  67
52.556881  60
52.561725  63
52.586620  65
52.599674  67
52.603799  63
52.611509  65
52.623996  66
52.626488  65
52.631292  65
52.646759  59
52.649011  50
52.663400  61
52.668504  54
52.673109  49
52.695360  61
52.711268  61
52.744775  59
52.755277  54
52.765900  53
52.788551  60
52.799813  61
52.810776  52
52.826803  54
52.853266  66
52.882326  59
52.893009  58
52.897194  50
52.899726  49
52.907956  44
52.914074  48
52.938825  53
52.954732  55
52.956305  50
52.970853  50
52.979462  48
53.001255  42
53.008352  41
53.010764  47
53.023099  48
53.024772  39
53.034688  56
53.042203  51
53.067554  48
53.113043  51
53.145743  50
53.158278  53
53.167248  43
53.183448  49
53.196403  42
53.208638  45
53.223526  50
53.263830  51
53.288412  51
53.360862  57
53.382228  57
53.425005  72
53.433615  54
53.446570  52
53.450116  49
53.476665  48
53.486014  55
53.490659  54
53.494864  56
53.504173  50
53.507859  51
53.513477  64
53.534801  72
53.543471  65
53.568081  73
53.572506  74
53.643023  80
53.644996  63
53.649081  54
53.655758  80
53.657331  57
53.659623  53
53.665880  81
53.676822  62
53.684413  78
53.692403  67
53.699088  77
53.707639  54
53.735588  68
53.737621  83
53.765643  74
53.770048  81
53.774273  70
53.778318  70
53.780451  48
53.786868  70
53.795178  72
53.800896  74
53.805341  64
53.811606  75
53.828966  71
53.831558  69
53.835204  70
53.851750  71
53.875027  73
53.904842  54
53.926127  74
53.961879  64
53.970729  72
53.979299  81
54.000544  72
54.016825  75
54.039130  72
54.047819  80
54.054196  76
54.062326  76
54.076954  82
54.095067  75
54.129867  79
54.136464  71
54.141209  81
54.160861  90
54.180353  73
54.197273  75
54.203411  88
54.226018  73
54.231976  83
54.243298  80
54.252188  70
54.256473  79
54.261298  83
54.263470  84
54.267815  73
54.286847  79
54.321274  85
54.332276  77
54.364272  87
54.380472  86
54.425841  85
54.439136  83
54.444874  84
54.449199  90
54.460261  83
54.470663  95
54.475088  96
54.485351  85
54.506523  85
54.510748  92
54.519917  92
54.531059  99
54.566086  82
54.575095  85
54.579360  83
54.590262  90
54.596587  91
54.598480  101
54.605911  96
54.613167  99
54.614760  77
54.626441  99
54.634791  84
54.636924  97
54.652691  97
54.665526  99
54.667279  88
54.674176  101
54.677482  98
54.691485  89
54.694651  87
54.697862  97
54.704120  99
54.724631  96
54.756500  96
54.758612  100
54.775533  107
54.790520  98
54.797057  103
54.801122  105
54.809460  104
54.818230  106
54.826180  84
54.830265  104
54.840988  99
54.845413  102
54.849618  105
54.853923  105
54.867204  100
54.872089  110
54.874521  100
54.876114  99
54.895627  100
54.920083  114
54.927140  98
54.952690  114
54.957055  119
54.976587  119
54.997752  107
55.016059  106
55.022796  100
55.039997  94
55.049126  104
55.059808  112
55.072091  108
55.073764  105
55.077929  105
55.084946  118
55.089052  100
55.100887  115
55.104153  117
55.107184  109
55.120099  106
55.128469  112
55.148388  121
55.160603  109
55.162776  125
55.177504  117
55.183981  117
55.188446  114
55.198389  108
55.210090  119
55.225177  113
55.235520  119
55.250367  122
55.253873  116
55.269240  112
55.284436  117
55.295099  126
55.303749  122
55.310885  108
55.313037  114
55.318976  125
55.329938  122
55.336435  111
55.346304  123
55.359406  130
55.367856  116
55.379138  117
55.381331  125
55.398970  126
55.402975  111
55.405088  128
55.423276  138
55.437789  118
55.446778  139
55.457541  126
55.475847  122
55.482325  121
55.484078  124
55.497293  122
55.517265  122
55.520671  132
55.530180  122
55.542855  129
55.544908  133
55.567172  128
55.576601  135
55.580667  129
55.606025  137
55.615733  137
55.631494  126
55.640183  137
55.642176  124
55.664161  136
55.666853  144
55.685040  128
55.687133  133
55.693371  124
55.705966  144
55.727018  128
55.741825  142
55.748482  139
55.754060  129
55.765003  135
55.766816  142
55.768869  125
55.785228  137
55.798344  152
55.814451  130
55.819096  135
55.825254  143
55.832371  158
55.834204  139
55.870935  149
55.899217  165
55.904022  146
55.924994  160
55.937329  137
55.939082  155
55.947632  143
55.954489  140
55.956522  136
55.963279  151
55.969217  137
55.977867  152
55.979940  160
55.997200  155
55.999293  152
56.001985  151
56.013466  163
56.015539  158
56.021837  157
56.025782  151
56.034392  153
56.036764  144
56.046808  167
56.055937  158
56.058129  145
56.068512  161
56.089976  168
56.092208  139
56.096274  165
56.106923  155
56.110549  150
56.123350  169
56.124983  146
56.145485  153
56.152202  169
56.158699  166
56.178230  164
56.181696  172
56.193237  155
56.197542  170
56.199635  153
56.225712  169
56.232210  162
56.236655  165
56.249050  148
56.252936  167
56.259393  160
56.263638  163
56.267663  173
56.271828  170
56.280818  175
56.298458  165
56.304696  172
56.315958  165
56.320243  178
56.333298  174
56.343141  171
56.374377  173
56.383586  161
56.392196  163
56.403318  166
56.416792  174
56.422630  165
56.426795  168
56.434226  171
56.438181  166
56.443899  167
56.450416  166
56.472569  163
56.480919  174
56.482912  178
56.487077  169
56.495847  165
56.512935  174
56.541283  172
56.546287  170
56.550732  176
56.565519  173
56.582639  179
56.593942  175
56.604384  177
56.613134  173
56.623396  179
56.629594  183
56.645681  177
56.649827  174
56.651720  186
56.673625  172
56.675738  186
56.680083  176
56.697843  173
56.701748  186
56.712011  180
56.736289  178
56.742426  181
56.765210  189
56.769375  182
56.777765  192
56.798464  176
56.811659  195
56.831432  186
56.856829  184
56.861014  198
56.881909  199
56.890379  174
56.892212  205
56.907906  201
56.909699  175
56.917934  194
56.922439  207
56.931109  202
56.941559  207
56.945265  176
56.956246  174
56.961071  176
56.965256  188
56.971594  190
56.980084  196
56.990567  190
57.015662  198
57.022119  192
57.023892  203
57.030948  203
57.033580  193
57.042010  184
57.055659  191
57.063514  190
57.070211  191
57.072024  191
57.083965  197
57.094727  209
57.100665  212
57.109435  213
57.125602  202
57.133492  193
57.148089  191
57.156079  215
57.164389  194
57.167260  209
57.175550  206
57.184159  210
57.188444  203
57.199026  211
57.214780  210
57.235829  209
57.240134  213
57.246911  199
57.249483  206
57.253348  207
57.264338  188
57.269262  207
57.278691  200
57.307850  190
57.312794  201
57.326907  211
57.329080  194
57.345824  209
57.352162  208
57.356227  200
57.360632  205
57.367029  202
57.371673  207
57.380223  206
57.389652  204
57.398462  205
57.410783  199
57.414628  203
57.422224  203
57.428924  212
57.466100  203
57.468352  205
57.479274  201
57.494561  215
57.499246  213
57.521497  211
57.534711  204
57.539635  205
57.553990  207
57.562724  212
57.619109  207
57.621880  211
57.628877  211
57.656064  211
57.665592  204
57.679366  214
57.700591  208
57.715483  209
57.722160  206
57.733961  208
57.741057  209
57.743709  206
57.769186  222
57.770779  215
57.782839  206
57.785471  205
57.791429  211
57.798146  213
57.799719  213
57.807654  213
57.825065  210
57.852472  215
57.859948  219
57.866904  212
57.875773  207
57.880538  206
57.887694  209
57.917555  217
57.925790  208
57.927683  208
57.929915  212
57.934759  203
57.936792  202
57.938924  211
57.940557  209
57.947301  209
57.957369  208
57.958942  207
57.965599  200
57.982804  207
57.984677  206
57.994465  206
58.000922  207
58.005367  211
58.012164  216
58.036858  211
58.054610  201
58.057701  209
58.066331  207
58.076214  209
58.078766  210
58.083630  210
58.087815  204
58.090387  208
58.097583  206
58.100155  205
58.102467  207
58.111356  204
58.122003  207
58.149275  206
58.165628  203
58.168280  193
58.170572  194
58.188910  209
58.241784  206
58.265414  208
58.267626  198
58.272750  204
58.274882  208
58.276575  208
58.278987  204
58.280960  203
58.283352  198
58.288436  195
58.290329  198
58.303337  203
58.313565  209
58.333774  201
58.335587  199
58.345495  195
58.350359  195
58.354504  194
58.363792  197
58.379825  192
58.381538  191
58.393858  198
58.396050  196
58.397723  193
58.410856  193
58.417872  183
58.420444  191
58.423056  190
58.424869  181
58.429494  178
58.431587  184
58.438898  181
58.453110  182
58.457974  176
58.466571  175
58.471276  178
58.476160  172
58.478472  177
58.485089  173
58.490907  179
58.518377  179
58.520529  180
58.535461  172
58.538532  178
58.557729  177
58.572889  178
58.577533  177
58.579486  177
58.585783  179
58.605089  179
58.636733  179
58.640738  178
58.647255  181
58.648928  171
58.650581  174
58.654506  176
58.658791  175
58.665508  170
58.673143  172
58.674876  181
58.684944  172
58.687316  172
58.714783  168
58.724271  167
58.730976  178
58.736319  178
58.741243  176
58.749533  172
58.756530  174
58.776350  173
58.794177  181
58.800375  180
58.804560  174
58.813989  169
58.818534  165
58.821026  164
58.824971  161
58.830075  159
58.834779  153
58.838864  153
58.843908  156
58.846140  154
58.850665  154
58.854790  152
58.856403  150
58.859095  149
58.860908  150
58.866866  135
58.870931  139
58.884546  131
58.895109  130
58.899394  128
58.901207  125
58.906051  130
58.918411  135
58.936613  137
58.956325  122
58.962563  121
58.977410  121
58.981954  118
58.990823  107
58.993415  104
58.997820  108
59.009282  97
59.013467  94
59.031014  89
59.035539  87
59.037472  96
59.039804  86
59.041597  94
59.043170  85
59.046201  90
59.050666  93
59.052938  92
59.054591  92
59.073516  92
59.077421  88
59.079114  83
59.088562  76
59.106481  83
59.110746  77
59.116903  86
59.118596  82
59.120209  77
59.123755  81
59.131471  75
59.133603  79
59.139601  80
59.143946  72
59.148830  75
59.157500  71
59.161925  75
59.170802  71
59.174767  66
59.181224  68
59.185309  64
59.187761  63
59.189954  65
59.192506  62
59.196511  58
59.200556  55
59.202229  54
59.204561  29
59.206654  36
59.231631  28
59.237134  26
59.254794  37
59.265037  42
59.267090  32
59.273028  36
59.276933  39
59.297698  32
59.310173  28
59.312306  24
59.314439  29
59.322769  20
59.350240  10
59.357543  20
59.363501  22
59.368086  17
59.372291  19
59.374963  16
59.387826  11
59.394663  13
59.396416  13
59.415808  11
59.428330  10
59.429963  13
59.436700  10
59.438433  12
59.442458  14
59.447162  6
59.448935  11
59.450588  12
59.457045  9
59.461150  6
59.476178  9
59.483295  11
59.485627  6
59.498622  9
59.506792  6
59.511237  2
59.515422  9
59.518848  2
59.603130  11
59.612080  12
59.614592  14
59.748616  12
59.754634  9
59.765236  14
59.781456  10
59.822128  14
59.839268  12
59.847079  10
59.849511  10
59.864538  20
59.871659  31
59.893316  14
59.917661  19
59.930556  18
59.933028  21
59.943531  17
59.947916  23
59.956906  39
59.975545  17
59.981443  19
59.988160  12
