# t(s) QueuingDelay(ms)
10.439333  0
10.458913  0
10.574795  0
10.577487  5
10.581113  0
10.585398  2
10.595506  3
10.599412  0
10.633611  4
10.644194  2
10.655076  1
10.667811  5
10.672056  6
10.682439  8
10.691328  9
10.697406  12
10.729898  20
10.754012  31
10.762102  22
10.778089  12
10.812130  27
10.832670  26
10.834363  34
10.836855  60
10.848317  29
10.852842  33
10.913836  17
10.944012  66
10.950489  68
10.966978  66
10.989122  112
10.990695  81
11.043074  106
11.045007  124
11.051584  60
11.056029  224
11.075322  127
11.077554  153
11.088236  79
11.098159  200
11.114500  237
11.118845  211
11.129228  112
11.136524  287
11.154444  199
11.162455  314
11.230608  325
11.238279  301
11.267950  228
11.283417  323
11.300637  271
11.315545  325
11.344147  367
11.365492  344
11.367405  286
11.381599  383
11.387837  395
11.393715  402
11.397940  416
11.401985  425
11.412119  378
11.433983  407
11.479627  305
11.488216  466
11.501291  383
11.518292  399
11.523096  477
11.524749  476
11.537423  464
11.547586  445
11.561674  427
11.575961  460
11.584891  459
11.594854  468
11.612453  465
11.616718  468
11.627101  399
11.636070  490
11.651038  496
11.656002  495
11.664153  495
11.679001  411
11.689093  500
11.692859  505
11.704380  477
11.705973  495
11.725786  522
11.738640  511
11.741332  518
11.750875  529
11.757272  528
11.761257  531
11.781237  504
11.787135  542
11.791580  514
11.800969  565
11.804815  570
11.819334  568
11.828504  570
11.838967  575
11.841120  581
11.848037  537
11.853675  581
11.863867  578
11.880132  551
11.881845  600
11.901617  584
11.903909  583
11.919257  583
11.922803  601
11.926868  614
11.931827  599
11.959515  607
11.983240  614
11.985932  614
12.005864  619
12.012501  534
12.014094  625
12.036478  593
12.060525  627
12.076776  559
12.091804  571
12.104839  611
12.139499  573
12.146961  560
12.154098  558
12.165501  552
12.262983  331
12.325033  323
12.332624  330
12.355622  330
12.357215  321
12.399631  343
12.492372  315
12.632626  5
12.642250  9
12.667058  24
12.682585  27
12.712101  43
12.725730  51
12.735139  58
12.764119  12
12.777153  326
12.789149  327
12.799926  351
12.824068  327
12.828173  319
12.829926  368
12.836204  341
12.875788  348
12.893835  352
12.897620  428
12.906270  354
12.915719  449
12.917612  356
12.922596  407
12.983764  15
13.007742  336
13.060503  339
13.075493  428
13.098025  69
13.183047  24
13.203239  149
13.214341  446
13.237439  219
13.266732  233
13.273249  27
13.290617  242
13.299506  270
13.344617  71
13.346290  189
13.361317  229
13.369567  206
13.373912  431
13.380689  249
13.385134  485
13.393125  251
13.406620  360
13.409212  473
13.432440  360
13.434353  255
13.496024  382
13.515656  387
13.517928  463
13.576771  458
13.605513  462
13.619007  666
13.643777  359
13.651827  479
13.687941  289
13.716089  513
13.753585  15
13.766819  31
13.799280  520
13.819212  32
13.860180  260
13.865839  49
13.890434  188
13.904563  199
13.923295  298
13.988269  346
13.994387  371
14.008954  627
14.010547  286
14.014592  369
14.060475  315
14.081366  341
14.112954  342
14.132446  352
14.158795  43
14.181593  357
14.198653  382
14.222827  676
14.235502  363
14.255977  383
14.262654  44
14.285971  400
14.327795  71
14.352355  690
14.359778  665
14.406600  728
14.417182  671
14.429578  428
14.459273  623
14.468423  11
14.494374  31
14.496526  98
14.505336  39
14.538476  207
14.574414  113
14.609734  705
14.702896  474
14.772856  77
14.820670  406
14.855051  444
14.869245  487
14.878660  387
14.890795  499
14.900444  421
14.917924  429
14.934111  523
14.969731  531
14.998572  546
15.023464  432
15.036079  709
15.062971  740
15.117636  127
15.125966  439
15.127959  743
15.215122  672
15.263383  473
15.266789  745
15.276038  756
15.319969  67
15.329338  789
15.350612  634
15.370172  502
15.379342  82
15.396563  614
15.429289  72
15.471208  136
15.517651  89
15.545641  93
15.550700  748
15.602221  254
15.660301  553
15.670792  769
15.686879  179
15.731612  202
15.755509  215
15.781238  458
15.803506  268
15.849548  608
15.853593  568
15.900555  490
15.907292  593
15.921828  614
15.966257  795
15.974039  537
15.996023  566
16.025579  818
16.078568  650
16.087338  569
16.147608  578
16.177550  692
16.196391  195
16.212418  833
16.268386  838
16.290795  822
16.347913  167
16.398483  200
16.406833  625
16.414644  734
16.482655  209
16.489751  264
16.493397  775
16.520707  292
16.522899  241
16.536593  641
16.576278  809
16.637424  730
16.650598  842
16.657794  373
16.671427  847
16.678363  886
16.704569  676
16.713098  216
16.728408  330
16.748911  298
16.810165  420
16.871903  614
16.878500  249
16.883012  889
16.926464  928
16.952986  987
16.961916  625
17.000617  680
17.042524  707
17.054252  845
17.059795  679
17.075605  720
17.098442  663
17.150805  735
17.171235  757
17.183415  779
17.200106  784
17.204391  359
17.216311  733
17.236193  886
17.252219  724
17.282856  735
17.324348  939
17.338081  982
17.354499  367
17.360956  306
17.382130  624
17.394025  655
17.433435  659
17.501171  305
17.506594  360
17.589082  988
17.609496  731
17.653890  721
17.655463  676
17.659708  675
17.665016  672
17.675998  671
17.719928  481
17.730255  266
17.734560  359
17.764984  480
17.798316  308
17.803000  310
17.805352  305
17.807964  473
17.812289  301
17.828754  658
17.869677  309
17.879912  661
17.882464  654
17.894224  990
17.906664  652
17.909296  624
17.913321  310
17.930704  651
17.932277  984
17.938754  624
17.950475  622
17.954580  614
17.958130  979
17.965347  645
17.967979  474
17.969552  614
17.971804  643
17.973737  473
17.975330  637
17.980084  470
17.982396  607
17.985028  972
17.988079  467
18.001160  635
18.003552  606
18.005285  605
18.007677  604
18.013240  598
18.021834  457
18.023627  597
18.026598  457
18.028391  626
18.030863  589
18.036254  635
18.040359  617
18.048062  588
18.052866  446
18.056971  622
18.059323  945
18.066646  615
18.075322  584
18.076915  443
18.081200  612
18.083872  582
18.085585  582
18.087238  611
18.090129  438
18.095352  576
18.097844  432
18.099777  431
18.105667  571
18.107380  613
18.110511  601
18.119001  610
18.120614  610
18.123745  568
18.126437  610
18.128230  567
18.135007  567
18.137499  562
18.141664  604
18.154510  303
18.157441  602
18.159474  286
18.161087  591
18.163359  591
18.164992  279
18.167384  582
18.169976  277
18.177656  901
18.179329  580
18.193941  276
18.196513  274
18.199724  575
18.201557  269
18.204668  575
18.207240  572
18.209592  263
18.211405  253
18.216049  558
18.218256  875
18.219849  239
18.222281  233
18.224194  855
18.227385  226
18.229817  171
18.231610  220
18.233183  219
18.236034  163
18.250526  123
18.256229  468
18.263229  466
18.265102  117
18.271918  457
18.277816  107
18.292109  453
18.294581  441
18.300403  100
18.303554  150
18.333607  98
18.339050  98
18.340703  149
18.342336  147
18.345986  146
18.348198  143
18.349931  143
18.353963  433
18.361538  750
18.367640  405
18.372479  377
18.401298  683
18.419816  176
18.436899  8
18.438612  7
18.443384  62
18.445037  60
18.457236  1
18.487122  0
18.488975  0
18.497045  165
18.517375  334
18.560297  2
18.564182  330
18.580611  0
18.583243  670
18.583832  668
18.586224  0
18.599771  152
18.602997  290
18.604870  320
18.606703  653
18.611327  289
18.622233  152
18.652523  296
18.655035  288
18.659859  154
18.663429  651
18.673206  320
18.677451  155
18.682914  655
18.685166  140
18.687478  137
18.690389  307
18.697170  302
18.702828  126
18.710551  110
18.712144  98
18.726174  0
18.736925  539
18.764342  521
18.863998  480
18.869756  155
18.911053  0
19.034645  129
19.078578  92
19.080211  451
19.084496  447
19.094958  436
19.107313  416
19.156981  400
19.173909  2
19.178034  0
19.188429  405
19.197918  0
19.238729  0
19.272914  390
19.279593  68
19.294752  395
19.409236  5
19.427040  7
19.445437  56
19.449982  6
19.463855  0
19.480068  3
19.482300  3
19.483993  21
19.486445  384
19.494475  5
19.514003  3
19.516974  383
19.547207  370
19.552091  343
19.604314  310
19.616275  0
19.626807  311
19.664755  0
19.744403  0
19.758870  0
19.761861  254
19.766146  0
19.775975  249
19.780160  241
19.810585  241
19.817422  245
19.862627  237
19.889022  242
20.003509  228
20.007634  224
20.016723  224
20.025692  222
20.046002  217
20.056010  222
20.062287  220
20.085769  234
20.098964  215
20.129362  221
20.246418  215
20.253170  215
20.255782  216
20.287119  209
20.296468  215
20.511591  217
20.517689  220
20.640035  228
20.701931  236
20.722049  19
20.762231  14
20.775347  27
20.835322  231
20.867356  234
20.871581  317
20.897514  226
20.912261  227
20.973442  240
20.987590  89
21.008301  230
21.019622  105
21.026319  258
21.089753  292
21.116226  12
21.134619  31
21.200667  237
21.207424  2
21.233418  91
21.238042  13
21.259578  321
21.277064  21
21.281729  321
21.287727  266
21.298769  397
21.323432  324
21.343448  3
21.349805  334
21.361106  151
21.369277  12
21.382319  124
21.400040  348
21.404785  80
21.408710  161
21.417240  353
21.425949  168
21.429615  107
21.440625  153
21.442638  347
21.453000  162
21.470019  162
21.489356  165
21.509574  30
21.513499  70
21.525140  173
21.530252  162
21.534477  215
21.542867  212
21.548175  365
21.553039  326
21.557124  202
21.569060  89
21.603885  173
21.627123  162
21.660987  168
21.665271  94
21.711111  100
21.725379  403
21.729624  404
21.735232  162
21.744041  404
21.782052  380
21.794588  183
21.813273  182
21.817458  180
21.822569  403
21.824721  189
21.828087  195
21.831573  147
21.846877  406
21.860839  396
21.886250  399
21.902149  156
21.914409  165
21.916821  156
21.947047  170
21.961774  181
22.000702  203
22.024599  222
22.062754  236
22.119175  179
22.189737  181
22.225815  453
22.230739  407
22.348826  199
22.352571  220
22.368358  232
22.385138  236
22.392509  406
22.423322  196
22.424975  248
22.435518  255
22.515104  255
22.521401  279
22.534115  279
22.553154  450
22.570034  448
22.589307  242
22.630564  186
22.632657  448
22.641042  191
22.676326  177
22.710607  196
22.722110  457
22.735365  467
22.746987  200
22.765808  468
22.770732  245
22.775996  466
22.784906  517
22.788971  277
22.799134  271
22.801147  476
22.820447  473
22.827284  227
22.832962  482
22.834635  236
22.848052  315
22.851777  262
22.881035  525
22.884421  277
22.886014  480
22.907212  280
22.919847  490
22.924052  487
22.948129  281
22.953013  517
22.971650  301
22.979047  310
22.986438  236
22.995428  325
23.009102  328
23.020084  503
23.047811  333
23.056901  337
23.069763  236
23.075007  353
23.091867  350
23.121602  287
23.132664  520
23.136770  327
23.201425  356
23.212087  361
23.233012  371
23.240688  222
23.251390  398
23.266338  302
23.268810  307
23.286309  520
23.310132  241
23.322234  304
23.341486  525
23.366946  269
23.379621  537
23.381574  532
23.384286  345
23.385859  531
23.392516  582
23.395802  323
23.401979  539
23.432613  535
23.439530  345
23.441862  534
23.464400  346
23.466513  302
23.475283  360
23.487942  368
23.493620  588
23.499342  320
23.507812  329
23.516582  335
23.519214  333
23.535615  562
23.558054  539
23.569815  590
23.591079  306
23.609959  344
23.613651  322
23.624154  350
23.641254  370
23.655156  373
23.662493  382
23.673909  392
23.687843  389
23.731470  374
23.741078  361
23.747676  338
23.749928  576
23.757184  582
23.767387  370
23.781735  345
23.811010  333
23.812603  572
23.861512  359
23.894480  328
23.896313  365
23.979386  586
23.988216  370
24.030492  333
24.037257  602
24.052524  342
24.062707  366
24.096652  371
24.116858  398
24.127799  592
24.130111  593
24.138182  385
24.178333  369
24.195033  372
24.247732  380
24.262200  374
24.301906  364
24.339148  605
24.356048  368
24.386881  380
24.391286  370
24.402089  583
24.408966  618
24.411159  400
24.417916  610
24.453854  390
24.508796  393
24.517673  398
24.530468  390
24.541051  573
24.642640  610
24.654606  400
24.656179  620
24.686307  620
24.698097  411
24.709059  401
24.713224  618
24.719641  408
24.729072  648
24.732398  414
24.742206  620
24.751622  411
24.760033  613
24.775061  616
24.776914  433
24.788335  367
24.796864  387
24.805294  439
24.816456  443
24.820561  442
24.826104  623
24.832902  446
24.834675  612
24.840373  410
24.852194  444
24.862957  412
24.870268  443
24.881670  630
24.898490  622
24.900183  630
24.908414  626
24.942240  639
24.949117  397
24.950710  446
24.974607  446
24.996712  442
25.058219  404
25.060292  679
25.069461  461
25.086161  477
25.096356  454
25.109431  410
25.118680  632
25.127909  456
25.130421  680
25.132494  461
25.151467  673
25.184177  413
25.239890  407
25.264204  468
25.287151  667
25.297158  424
25.381833  478
25.393355  433
25.431120  668
25.445433  484
25.449438  468
25.457729  674
25.468226  472
25.470399  431
25.485205  720
25.501052  680
25.522317  481
25.528235  709
25.551456  479
25.553049  499
25.609753  712
25.622428  484
25.626094  500
25.630878  477
25.639829  481
25.644074  503
25.650671  516
25.657448  458
25.665139  681
25.667032  679
25.688257  489
25.700752  507
25.715320  697
25.723850  715
25.738777  489
25.767012  715
25.793881  485
25.805442  486
25.853208  518
25.866842  515
25.875413  524
25.882230  659
25.893352  555
25.902242  651
25.904694  642
25.924366  484
25.938315  700
25.966406  758
25.996961  643
26.002819  630
26.011516  746
26.063825  623
26.067571  612
26.086411  608
26.090437  504
26.110088  585
26.112520  721
26.140836  551
26.150946  718
26.176316  506
26.200273  575
26.207909  493
26.220384  495
26.232260  507
26.245669  546
26.280968  722
26.282841  516
26.307637  596
26.313511  529
26.315923  729
26.323040  810
26.331770  761
26.349275  762
26.374585  819
26.379749  609
26.398662  610
26.421605  577
26.442591  812
26.476256  606
26.495268  769
26.528108  793
26.534346  591
26.543276  798
26.551806  574
26.565255  795
26.579267  567
26.625907  584
26.648050  586
26.668825  591
26.673310  576
26.681460  546
26.683253  546
26.700013  735
26.713747  512
26.715440  726
26.740557  708
26.807431  474
26.816760  475
26.823039  473
26.831449  455
26.850136  491
26.862991  687
26.895878  489
26.914351  448
26.929198  483
26.946698  698
26.969702  487
27.023480  515
27.071299  740
27.101481  537
27.163020  531
27.193559  732
27.222400  529
27.308442  531
27.399313  731
27.427739  507
27.470556  516
27.475420  729
27.513089  732
27.650780  734
27.689474  499
27.694378  523
27.703907  702
27.723358  724
27.737251  511
27.763464  505
27.779210  717
27.792583  711
27.811260  503
27.817498  502
27.820449  507
27.851247  723
27.960044  513
27.973857  498
27.984839  512
27.987211  717
28.007313  721
28.022534  716
28.034349  486
28.043618  698
28.047843  483
28.052068  695
28.061846  473
28.064118  693
28.068223  455
28.073726  449
28.083464  665
28.085037  442
28.110711  621
28.132201  592
28.149106  373
28.166404  363
28.180644  365
28.187541  326
28.196750  321
28.200890  321
28.226076  540
28.230720  331
28.242440  285
28.244013  315
28.249496  524
28.264992  521
28.288675  474
28.290288  473
28.298492  258
28.307810  256
28.309423  456
28.310032  454
28.408428  224
28.422156  214
28.423869  412
28.439462  373
28.441055  156
28.445340  162
28.449372  376
28.453757  368
28.455410  151
28.470575  368
28.472608  145
28.481058  142
28.498918  371
28.521802  366
28.587236  126
28.598718  90
28.600891  122
28.605715  335
28.644328  330
28.653124  121
28.659362  120
28.661674  123
28.749914  103
28.752326  308
28.761076  301
28.765461  84
28.767634  87
28.774131  304
28.778016  83
28.779849  303
28.789592  75
28.799300  70
28.810031  294
28.829853  283
28.844281  61
28.876188  58
28.890756  56
28.895161  26
28.906044  273
28.913695  267
28.932028  264
28.941092  49
28.943943  49
28.948068  260
28.956643  267
29.006608  33
29.010993  237
29.014878  232
29.020896  19
29.025341  18
29.029586  235
29.033731  18
29.058509  32
29.062794  22
29.072003  239
29.116884  38
29.159909  0
29.170152  243
29.206784  35
29.215294  38
29.228594  251
29.296292  241
29.321687  246
29.416124  36
29.424774  29
29.431990  36
29.456821  251
29.507707  252
29.575754  35
29.588788  255
29.594846  29
29.601383  35
29.628173  37
29.737602  3
29.758654  255
29.773202  262
29.801863  265
29.819641  277
29.861792  266
29.872275  49
29.877259  48
29.881983  254
29.907453  261
29.909506  49
29.911479  45
29.929378  269
29.939562  56
29.942254  39
29.958222  40
29.966512  261
29.981540  266
29.992222  277
30.007828  46
30.034771  69
30.038636  61
30.058270  73
30.060382  38
30.095155  283
30.134104  47
30.150234  257
30.152546  294
30.175256  70
30.205615  62
30.214166  59
30.217672  262
30.228204  74
30.232589  74
30.248336  289
30.257712  278
30.263870  63
30.265443  85
30.284360  81
30.290538  298
30.294843  41
30.300721  67
30.316328  268
30.326951  299
30.338312  316
30.342397  71
30.385128  86
30.396212  98
30.417577  55
30.446499  302
30.465751  85
30.483475  65
30.498862  311
30.505419  286
30.507552  73
30.518654  299
30.526724  93
30.539919  325
30.552973  323
30.578443  289
30.586973  112
30.591458  113
30.593411  106
30.615490  304
30.619635  57
30.621688  110
30.626153  114
30.633434  115
30.645555  115
30.649700  325
30.655938  75
30.672419  100
30.676624  88
30.694343  324
30.700720  330
30.758297  123
30.767527  83
30.779452  89
30.806734  331
30.825991  324
30.835855  113
30.868462  333
30.872348  304
30.882548  103
30.886514  331
30.910891  115
30.941246  338
30.961798  334
30.971167  118
30.973160  118
30.981670  128
31.003055  336
31.042279  341
31.053262  115
31.059340  116
31.065717  124
31.078319  348
31.098750  361
31.139625  144
31.152420  89
31.164576  153
31.179783  339
31.188613  94
31.201408  348
31.207486  132
31.223632  117
31.232382  136
31.253647  357
31.265688  125
31.274598  344
31.287353  138
31.295963  352
31.322445  141
31.324218  354
31.338172  343
31.340065  144
31.348435  141
31.350987  151
31.363682  139
31.381589  356
31.421687  130
31.449868  150
31.467175  363
31.481623  366
31.503128  346
31.511479  145
31.582139  116
31.586871  147
31.634551  150
31.661493  358
31.671556  365
31.704422  375
31.730965  354
31.748085  148
31.788117  358
31.804283  145
31.814306  165
31.822236  171
31.837044  378
31.861801  140
31.882080  371
31.890830  377
31.911422  382
31.945650  176
31.988267  178
31.994724  156
32.001721  375
32.005407  134
32.013937  169
32.032790  141
32.050409  168
32.078711  375
32.085009  380
32.095472  164
32.101990  380
32.123274  173
32.127439  397
32.152163  175
32.166117  385
32.181165  181
32.198005  172
32.207668  187
32.209281  386
32.226900  174
32.234091  178
32.238775  182
32.243898  167
32.256534  178
32.258666  182
32.277912  170
32.313273  392
32.326467  376
32.344068  404
32.392243  179
32.425710  395
32.427323  191
32.449468  150
32.460231  156
32.486000  182
32.505858  398
32.521065  401
32.527543  400
32.529995  185
32.551401  400
32.587674  401
32.615256  200
32.624300  188
32.637974  188
32.646404  200
32.651467  200
32.653360  404
32.662030  405
32.701741  185
32.703634  188
32.714354  406
32.731612  177
32.743381  183
32.745274  405
32.766338  409
32.770364  201
32.834838  202
32.848572  164
32.853157  204
32.871196  208
32.886986  209
32.919190  176
32.956729  204
32.985927  402
32.990642  411
33.000712  194
33.016200  433
33.025269  199
33.038144  210
33.073003  417
33.077288  410
33.104830  213
33.106663  200
33.109894  183
33.120237  212
33.124582  217
33.126395  421
33.137638  208
33.156811  425
33.159323  211
33.175928  208
33.182345  217
33.184058  213
33.196333  425
33.203349  433
33.212553  213
33.219170  431
33.224828  223
33.249165  235
33.255203  234
33.267938  450
33.295002  452
33.327835  232
33.335706  227
33.347287  451
33.355178  243
33.377302  249
33.386152  185
33.388125  234
33.393209  443
33.412609  448
33.421798  229
33.441309  202
33.443961  446
33.466323  445
33.481331  443
33.488148  236
33.517744  226
33.526714  439
33.542855  448
33.579216  250
33.601280  214
33.608397  259
33.619458  238
33.629922  248
33.638332  234
33.685679  240
33.723685  240
33.875846  244
33.903741  224
33.928472  261
33.941406  254
33.945551  449
33.968870  465
33.982086  479
33.994961  464
34.001838  237
34.039792  448
34.043777  266
34.048082  234
34.051868  468
34.060577  460
34.070620  243
34.101654  251
34.108011  236
34.109624  262
34.117754  268
34.121939  472
34.132581  259
34.140421  476
34.148257  266
34.192431  256
34.202454  267
34.235060  259
34.251020  274
34.278829  479
34.303940  480
34.314422  487
34.332161  484
34.384868  266
34.388374  277
34.399722  479
34.401675  483
34.405800  238
34.424993  239
34.436035  265
34.440240  487
34.444345  269
34.450563  279
34.457284  489
34.486728  483
34.490873  487
34.497251  481
34.547596  484
34.560271  485
34.585881  275
34.599456  260
34.606318  234
34.629815  482
34.638784  271
34.642510  259
34.652199  272
34.658816  483
34.708684  274
34.762597  274
34.928522  491
34.982362  494
35.008111  257
35.023559  497
35.041053  501
35.081038  284
35.102503  488
35.109680  293
35.115778  275
35.117951  276
35.139545  278
35.160589  295
35.177956  512
35.182421  268
35.189078  289
35.202672  495
35.215227  308
35.246184  274
35.253748  280
35.271248  287
35.273301  501
35.282170  279
35.304659  290
35.315601  500
35.329813  285
35.341115  513
35.361108  504
35.368579  505
35.382473  293
35.416633  502
35.439471  300
35.447282  296
35.450393  286
35.455158  505
35.461715  505
35.480327  288
35.486804  260
35.489416  295
35.498445  509
35.505222  504
35.530591  258
35.546369  499
35.547942  501
35.561351  498
35.583169  290
35.585721  500
35.590386  277
35.604119  489
35.619156  494
35.631431  286
35.657259  276
35.659751  250
35.677901  249
35.695900  270
35.703396  278
35.704624  277
35.706197  280
35.720469  490
35.730058  494
35.732190  272
35.767799  275
35.787131  272
35.818688  270
35.830069  495
35.885088  492
35.986076  497
36.012504  492
36.062392  491
36.103841  277
36.122538  492
36.137180  280
36.142084  487
36.170789  244
36.183158  242
36.187982  279
36.199823  481
36.207260  269
36.218381  266
36.221967  482
36.229882  481
36.234087  264
36.272883  268
36.286896  252
36.308305  248
36.317714  468
36.339798  248
36.372409  467
36.386130  250
36.451853  259
36.459823  465
36.464228  220
36.466001  459
36.480214  242
36.503864  460
36.533011  456
36.539249  455
36.543654  458
36.553323  452
36.584896  445
36.589621  445
36.598411  234
36.602955  239
36.606721  440
36.640593  235
36.647913  233
36.662345  438
36.666590  228
36.678495  225
36.680388  440
36.693862  444
36.726788  212
36.735419  211
36.750900  201
36.757498  417
36.773104  193
36.791941  405
36.806016  188
36.847898  173
36.858954  181
36.867444  387
36.869856  141
36.875814  388
36.879939  161
36.896110  371
36.900095  371
36.911617  155
36.920607  367
36.925072  364
36.928837  366
36.935634  360
36.963648  356
36.974411  144
36.982841  354
36.988699  154
37.015188  147
37.033830  350
37.041106  140
37.052449  136
37.056674  348
37.067617  353
37.103870  139
37.108035  133
37.131293  355
37.146640  137
37.165913  352
37.179108  139
37.198729  115
37.203314  119
37.207799  113
37.212384  77
37.214397  322
37.221254  323
37.225679  110
37.231197  109
37.235662  319
37.237575  315
37.247064  99
37.253562  312
37.257547  311
37.261972  314
37.292880  101
37.299138  313
37.311813  104
37.330211  114
37.356341  113
37.367164  113
37.369317  313
37.379564  104
37.396656  102
37.400901  318
37.450287  102
37.465774  313
37.469899  87
37.487099  301
37.506492  93
37.522178  91
37.526962  97
37.531087  91
37.535092  300
37.538878  56
37.543542  300
37.546928  83
37.555997  297
37.560182  299
37.589906  305
37.629570  306
37.635708  86
37.639673  95
37.699903  303
37.714810  84
37.716963  292
37.724779  296
37.774860  85
37.824914  302
37.828200  94
37.836035  304
37.870375  98
37.881751  92
37.891874  85
37.903730  301
37.915965  87
37.935916  302
37.940641  315
37.949531  325
38.047226  118
38.060041  108
38.102645  321
38.111415  359
38.139617  98
38.149641  109
38.175150  112
38.177303  318
38.207798  325
38.215055  335
38.216868  114
38.254774  329
38.259239  119
38.265477  136
38.274226  327
38.275999  121
38.279944  328
38.287215  57
38.291380  329
38.312730  344
38.318288  138
38.320101  353
38.331263  355
38.383022  115
38.385694  120
38.395243  354
38.417967  125
38.433574  143
38.450761  145
38.457778  154
38.479632  90
38.485910  329
38.493441  122
38.504864  352
38.529001  140
38.546800  144
38.562627  136
38.577055  357
38.579168  146
38.622752  360
38.645830  162
38.650235  358
38.660758  81
38.665762  162
38.672027  149
38.685202  356
38.693752  111
38.698196  362
38.706506  159
38.713264  129
38.717329  163
38.719422  375
38.723767  380
38.743020  379
38.792446  171
38.802929  145
38.815165  365
38.837124  378
38.867358  182
38.870664  166
38.872417  340
38.875588  169
38.887189  160
38.891814  371
38.900964  162
38.916111  382
38.924941  384
38.930699  164
38.946706  136
38.971637  142
38.976042  160
38.984792  382
39.016798  383
39.020444  172
39.027740  384
39.052857  170
39.057482  179
39.059675  381
39.068725  112
39.079827  380
39.084132  377
39.087478  128
39.096827  375
39.098780  379
39.102066  159
39.114047  374
39.123036  377
39.127361  162
39.129993  370
39.167958  157
39.176532  151
39.192557  173
39.201474  160
39.210484  372
39.225131  365
39.240798  170
39.260350  169
39.270573  374
39.281195  159
39.333656  372
39.335549  148
39.364011  153
39.373000  369
39.394265  156
39.400886  132
39.404652  154
39.453545  166
39.457550  372
39.461775  127
39.470925  370
39.479875  126
39.495896  158
39.623071  147
39.640292  376
39.734639  383
39.777129  156
39.800986  375
39.832467  161
39.838785  376
39.873025  174
39.879462  373
39.893691  164
39.906026  373
39.909392  373
39.919739  375
39.921712  157
39.941264  396
39.945070  403
39.952147  179
39.953820  179
39.968935  404
40.027690  155
40.031436  180
40.042358  169
40.046903  389
40.101515  193
40.118535  392
40.127485  190
40.131330  170
40.149823  403
40.169975  390
40.178665  408
40.181217  177
40.196424  401
40.211851  187
40.232896  405
40.241646  184
40.245971  170
40.264464  191
40.271728  407
40.280738  163
40.308121  202
40.320002  158
40.324587  406
40.329032  196
40.333617  193
40.346512  412
40.351216  409
40.359833  196
40.368963  196
40.382298  410
40.384231  413
40.390888  198
40.394174  198
40.398718  414
40.403443  413
40.454497  190
40.459282  202
40.475743  202
40.498870  414
40.515951  415
40.547588  165
40.556158  206
40.562695  413
40.583101  201
40.589199  420
40.649135  410
40.662071  200
40.690992  414
40.693045  197
40.711904  177
40.723566  201
40.733589  417
40.742518  189
40.753026  417
40.772832  169
40.775244  211
40.783654  173
40.785467  416
40.794196  203
40.798201  201
40.802726  180
40.820605  204
40.835953  211
40.852020  213
40.856225  430
40.860590  214
40.866575  215
40.876898  445
40.915601  202
40.940081  214
40.963899  417
40.986377  428
41.001864  225
41.017751  235
41.023470  205
41.032119  224
41.046113  222
41.061060  223
41.090043  430
41.091856  212
41.098413  214
41.107303  441
41.122796  440
41.131706  229
41.164260  219
41.168185  224
41.170497  225
41.196068  190
41.198041  225
41.218946  214
41.225644  197
41.232302  226
41.259644  447
41.263450  198
41.275232  220
41.281810  233
41.284402  209
41.292232  446
41.303714  451
41.346645  452
41.364753  454
41.417470  232
41.502523  224
41.511632  246
41.516117  238
41.542047  239
41.560600  242
41.580053  443
41.594081  224
41.603070  239
41.609188  234
41.617478  242
41.644147  232
41.651778  226
41.658155  237
41.665032  250
41.685264  246
41.689029  214
41.701165  227
41.716732  239
41.734092  251
41.746687  212
41.752985  239
41.766858  245
41.768431  213
41.774009  239
41.809088  244
41.811001  243
41.815346  243
41.820465  247
41.825249  246
41.830513  244
41.837250  249
41.864313  246
41.918464  253
41.925835  232
41.929789  255
41.932321  254
41.944022  257
41.984159  255
41.988864  219
42.003573  242
42.008297  250
42.030721  248
42.085746  262
42.104399  265
42.164713  254
42.189524  241
42.244043  275
42.256359  260
42.258791  220
42.273638  256
42.280535  237
42.282408  247
42.284501  247
42.312710  266
42.320910  248
42.325535  249
42.327108  253
42.333505  260
42.340142  256
42.342095  264
42.353816  265
42.379912  265
42.381825  271
42.393207  264
42.437157  271
42.443954  270
42.454257  276
42.495594  270
42.514353  272
42.518238  266
42.529899  268
42.539409  279
42.549532  273
42.558736  271
42.587877  276
42.616638  277
42.625988  273
42.641578  257
42.644150  274
42.670139  277
42.674544  267
42.685886  273
42.705478  246
42.714368  280
42.724571  258
42.742490  270
42.759369  282
42.763674  248
42.765507  275
42.774237  248
42.789992  280
42.794277  272
42.798402  246
42.805339  275
42.815402  272
42.822399  276
42.840525  277
42.842518  276
42.844171  270
42.855413  278
42.863403  273
42.931425  274
42.959240  286
42.965777  278
42.967690  282
43.011943  277
43.052015  283
43.137529  282
43.139122  273
43.146638  279
43.225719  273
43.301801  279
43.304892  274
43.316572  254
43.318365  277
43.320857  279
43.345502  278
43.352338  272
43.356543  270
43.361547  277
43.411543  274
43.444538  271
43.468786  283
43.479496  277
43.488305  279
43.519002  247
43.521594  277
43.537519  270
43.544576  283
43.547787  271
43.560981  276
43.643500  265
43.650149  276
43.661131  269
43.664457  266
43.698719  258
43.725031  247
43.747925  243
43.764464  257
43.772040  221
43.779896  255
43.789733  250
43.791426  249
43.800495  243
43.806872  244
43.829968  250
43.843482  246
43.847422  242
43.850014  240
43.859923  241
43.909572  223
43.930101  235
43.940871  228
43.947329  227
43.978077  195
43.979810  222
43.993643  219
43.998947  216
44.000760  224
44.014893  221
44.025795  220
44.038135  210
44.085945  215
44.087678  207
44.094515  212
44.105917  209
44.108109  207
44.167816  200
44.192663  202
44.209308  171
44.213053  199
44.222142  193
44.229039  189
44.233324  186
44.239382  186
44.254299  182
44.258804  179
44.263329  178
44.275330  180
44.311787  161
44.322824  167
44.332971  160
44.336532  157
44.368479  156
44.381334  153
44.387332  161
44.388905  148
44.402963  156
44.466594  147
44.470399  141
44.483288  143
44.487573  143
44.529687  130
44.549419  124
44.553984  81
44.560561  111
44.578621  125
44.584539  120
44.594402  117
44.607137  117
44.615437  117
44.621075  116
44.631867  124
44.655285  100
44.670612  121
44.676970  111
44.730212  110
44.733878  119
44.735471  107
44.750503  112
44.760806  116
44.771628  100
44.800390  102
44.804535  96
44.807761  98
44.815971  96
44.822093  95
44.855129  87
44.856722  89
44.875474  96
44.877267  56
44.887930  88
44.912261  90
44.922883  90
44.932072  88
44.941322  85
44.948417  85
44.963484  65
44.975979  79
44.980224  67
44.983670  70
45.024167  69
45.026459  61
45.034989  72
45.036982  62
45.054442  72
45.058707  72
45.101982  65
45.127139  73
45.128872  71
45.133218  74
45.162014  61
45.188644  45
45.221950  69
45.378037  72
45.395201  66
45.413199  72
45.422189  92
45.437236  101
45.460274  83
45.483719  103
45.565374  104
45.575716  89
45.601732  91
45.606277  126
45.634179  117
45.643576  93
45.658364  128
45.664941  133
45.669606  122
45.694737  146
45.697249  126
45.709625  164
45.717915  133
45.722839  119
45.742492  124
45.789407  131
45.799370  169
45.801902  144
45.803475  137
45.815092  165
45.837895  175
45.846604  149
45.850670  153
45.854795  91
45.869243  179
45.876380  176
45.883057  69
45.898105  115
45.920164  118
45.942008  150
45.957096  177
45.974280  94
45.981876  175
46.025865  183
46.041812  167
46.049982  183
46.052614  73
46.058892  142
46.061025  171
46.067942  183
46.076252  84
46.078305  178
46.086775  190
46.092993  189
46.104654  185
46.107166  87
46.108739  188
46.122303  181
46.133294  142
46.148532  192
46.173148  198
46.179566  182
46.181279  148
46.224109  116
46.230347  200
46.241189  199
46.245694  206
46.298193  176
46.308337  125
46.323124  171
46.327130  120
46.348360  201
46.349953  179
46.351886  207
46.374131  198
46.412539  147
46.437269  178
46.450743  192
46.464705  186
46.476660  179
46.484216  184
46.494219  173
46.505041  168
46.512018  170
46.513891  149
46.529912  154
46.537883  165
46.539936  154
46.559089  161
46.563633  143
46.603545  144
46.617259  132
46.621324  156
46.628061  143
46.639303  118
46.645581  146
46.656123  131
46.660406  140
46.671648  137
46.673261  126
46.688688  114
46.696938  123
46.704829  110
46.706762  127
46.708735  121
46.728647  124
46.755981  132
46.771983  110
46.847755  150
46.849948  135
46.851901  116
46.865095  130
46.921240  138
46.934424  126
46.971416  132
47.014626  139
47.088926  128
47.093611  125
47.112385  112
47.113958  143
47.177107  111
47.247839  136
47.259715  118
47.311963  121
47.313596  144
47.328583  152
47.398501  153
47.403480  131
47.408424  156
47.411076  164
47.429175  147
47.454585  142
47.486992  146
47.495982  149
47.502240  135
47.512822  136
47.514655  121
47.531642  149
47.533395  151
47.549855  168
47.575445  120
47.615209  176
47.623959  155
47.642532  138
47.651122  166
47.656066  150
47.673486  132
47.680323  148
47.685067  159
47.689372  163
47.700314  162
47.709064  156
47.713289  122
47.718887  162
47.725784  173
47.732662  159
47.776825  145
47.833600  162
47.886338  150
47.898794  165
47.903179  141
47.944016  159
47.953485  162
47.964128  170
47.972278  134
48.126908  175
48.152725  176
48.162094  182
48.245196  169
48.247369  195
48.258965  168
48.266001  187
48.270426  177
48.277043  143
48.294143  166
48.300362  156
48.306560  156
48.314895  162
48.333808  169
48.342998  149
48.344831  149
48.360178  164
48.386027  162
48.392304  149
48.403326  184
48.407332  168
48.416042  142
48.436568  151
48.481820  203
48.498859  157
48.511263  167
48.524817  174
48.534110  173
48.535783  161
48.541107  187
48.544373  181
48.566636  188
48.588200  190
48.590073  177
48.594338  164
48.612360  192
48.658915  180
48.662980  173
48.676275  184
48.684965  204
48.695827  216
48.704757  193
48.714306  177
48.725668  198
48.733939  208
48.742849  172
48.758536  173
48.770812  197
48.772984  176
48.792836  197
48.809816  170
48.814041  179
48.815674  203
48.824604  201
48.828589  184
48.830682  200
48.847682  206
48.857825  201
48.872839  204
48.876465  174
48.878318  195
48.900122  180
48.953750  200
48.967979  200
49.006716  202
49.013873  204
49.035037  204
49.043607  185
49.052701  224
49.057845  207
49.061670  184
49.070400  199
49.085668  214
49.089933  222
49.116523  182
49.143906  194
49.150703  202
49.167803  231
49.178406  205
49.189782  203
49.203596  219
49.205569  231
49.232478  202
49.247126  209
49.288317  189
49.308429  210
49.310062  209
49.318792  213
49.328975  220
49.344082  215
49.357244  225
49.359057  210
49.363342  200
49.385286  206
49.417394  183
49.434394  213
49.473838  216
49.475671  211
49.483182  217
49.492551  195
49.496556  216
49.498709  228
49.500802  228
49.509972  203
49.524838  232
49.541218  234
49.547296  220
49.549728  207
49.554013  215
49.572013  233
49.576198  243
49.652427  225
49.664962  230
49.686636  201
49.693014  247
49.696879  208
49.704130  214
49.725060  229
49.731297  224
49.745350  227
49.765901  218
49.774012  211
49.787794  221
49.800769  227
49.819602  246
49.836242  214
49.845032  236
49.849177  217
49.853642  222
49.868790  217
49.951030  233
49.978833  235
50.000757  239
50.005202  232
50.044068  222
50.048333  251
50.052638  214
50.076855  248
50.116780  216
50.137265  231
50.150994  230
50.170806  238
50.194023  262
50.224837  242
50.244010  231
50.248415  222
50.261597  224
50.274132  223
50.296949  234
50.316161  249
50.324471  233
50.344843  248
50.353253  234
50.370160  236
50.409132  229
50.437833  247
50.449729  239
50.498477  224
50.500250  253
50.509627  240
50.513992  253
50.515785  240
50.528900  232
50.558794  265
50.560847  228
50.576274  256
50.658775  245
50.695667  229
50.712627  269
50.735673  256
50.757491  232
50.764475  242
50.792981  234
50.801571  251
50.820583  240
50.831525  268
50.840015  250
50.850977  252
50.858468  257
50.863612  238
50.866044  247
50.886829  245
50.914576  235
50.939926  256
50.994271  254
51.003501  258
51.007906  267
51.017035  249
51.021660  251
51.039140  250
51.048404  249
51.057653  237
51.066777  234
51.082683  241
51.088250  248
51.089903  252
51.169745  258
51.175109  246
51.188104  249
51.201478  262
51.212874  238
51.224615  241
51.249405  248
51.251178  260
51.322675  253
51.343606  265
51.373965  265
51.383174  250
51.423919  242
51.456431  263
51.478455  250
51.520039  251
51.528289  257
51.536998  256
51.541683  261
51.565420  252
51.574888  248
51.586509  241
51.592946  261
51.597232  251
51.620137  254
51.628907  256
51.631479  245
51.681583  250
51.685608  260
51.702972  256
51.713075  253
51.720191  237
51.799850  248
51.802062  253
51.817620  239
51.831243  242
51.850435  245
51.859104  252
51.865062  249
51.869546  246
51.870974  245
51.881251  237
51.886155  238
51.923236  229
51.989420  233
52.000862  222
52.013407  233
52.024756  229
52.029600  246
52.040943  245
52.058202  240
52.068210  250
52.074527  249
52.080010  240
52.101074  236
52.111696  242
52.113729  229
52.120985  241
52.129015  243
52.130543  239
52.155330  247
52.164060  238
52.176984  230
52.188820  231
52.198830  232
52.208586  218
52.245936  239
52.265627  233
52.277548  232
52.301332  214
52.305577  215
52.317258  213
52.324814  211
52.326502  210
52.335232  218
52.343982  221
52.356237  208
52.358589  210
52.402530  204
52.456062  201
52.466665  194
52.479300  196
52.483745  189
52.488210  200
52.493035  193
52.496940  198
52.500925  186
52.505570  193
52.513900  190
52.520212  197
52.524537  195
52.532986  164
52.541496  171
52.544237  160
52.545850  172
52.550974  171
52.575872  166
52.582650  163
52.600450  155
52.604935  159
52.619942  169
52.626559  145
52.647344  145
52.675994  156
52.696226  153
52.711621  140
52.718797  141
52.740701  142
52.746319  141
52.764498  136
52.770856  139
52.782912  132
52.796087  121
52.834759  113
52.843493  105
52.857406  113
52.861971  114
52.866576  109
52.870681  116
52.876386  104
52.892846  116
52.899284  120
52.925592  118
52.951915  119
52.976051  110
52.980995  117
52.998396  126
53.004354  106
53.090671  109
53.145064  116
53.171694  103
53.236209  116
53.244899  116
53.246952  99
53.253569  110
53.357145  122
53.360950  125
53.378291  111
53.465525  143
53.566862  114
53.589406  135
53.595604  133
53.637081  112
53.652668  139
53.661198  117
53.669448  118
53.679171  141
53.692465  136
53.709031  158
53.744326  148
53.768647  140
53.770939  136
53.785846  154
53.821159  151
53.849481  152
53.868094  135
53.881216  150
53.905493  184
53.925285  165
53.932281  145
53.953641  153
53.970542  160
53.981144  173
53.988061  157
53.998383  186
54.017075  185
54.020341  156
54.024346  139
54.038287  171
54.058828  161
54.106304  179
54.113321  196
54.119539  164
54.132174  171
54.138745  181
54.140418  188
54.142491  173
54.154412  184
54.156005  182
54.172585  195
54.183568  119
54.189426  175
54.211409  177
54.221632  188
54.252440  140
54.280590  167
54.282782  145
54.307787  187
54.318777  164
54.324582  183
54.375807  191
54.392915  126
54.399332  191
54.407482  124
54.446325  201
54.451529  197
54.461872  207
54.478072  150
54.500248  190
54.506626  173
54.508639  184
54.531864  185
54.577026  189
54.582624  187
54.586809  193
54.588382  186
54.590694  158
54.595678  183
54.601077  190
54.605262  179
54.618776  181
54.626152  177
54.630717  171
54.635202  178
54.649850  172
54.658040  171
54.672848  184
54.682492  181
54.717810  180
54.724926  185
54.728931  187
54.763938  173
54.782630  173
54.785856  189
54.796028  174
54.851679  172
54.870079  163
54.877755  175
54.891671  177
54.913216  170
54.917761  167
54.922166  182
54.924438  176
54.929262  174
54.971313  153
55.003301  168
55.016445  158
55.020850  165
55.025195  178
55.031833  157
55.048114  159
55.057922  168
55.081839  166
55.095653  177
55.107554  175
55.117917  181
55.137129  170
55.260083  180
55.413124  161
55.443542  176
55.461201  167
55.471464  164
55.531468  171
55.535273  174
55.550628  180
55.563363  178
55.599842  174
55.618349  176
55.629451  166
55.669449  171
55.715239  170
55.722655  195
55.763092  168
55.790109  181
55.791882  192
55.815419  175
55.817332  175
55.821557  186
55.844835  179
55.846428  179
55.881926  178
55.907836  191
55.919078  170
55.938331  182
55.951506  166
55.965120  179
55.966713  175
55.975743  185
55.998230  179
56.000582  186
56.004967  189
56.011151  198
56.034449  203
56.036182  184
56.067116  194
56.094419  195
56.098824  196
56.106994  203
56.114405  179
56.132671  192
56.139189  189
56.177121  178
56.185991  190
56.198607  201
56.203132  211
56.223742  164
56.228047  186
56.232392  195
56.263800  212
56.265473  151
56.271671  197
56.288610  150
56.292895  197
56.301325  207
56.306269  205
56.316932  200
56.320997  155
56.384119  159
56.393428  196
56.429560  192
56.442834  166
56.447139  200
56.478034  216
56.479987  207
56.490729  156
56.516226  205
56.517859  161
56.549646  159
56.585113  208
56.597568  218
56.601713  193
56.619413  200
56.621526  199
56.663083  205
56.684777  209
56.692967  227
56.703430  182
56.724186  204
56.739747  223
56.745386  222
56.755789  162
56.772039  205
56.783241  161
56.795537  205
56.800701  162
56.804706  169
56.808671  212
56.812756  163
56.819534  206
56.825092  172
56.855547  217
56.889248  169
56.904063  207
56.915665  214
56.924415  212
56.933625  182
56.942435  165
56.952998  168
56.962647  213
56.988457  221
57.002055  194
57.021526  187
57.029402  222
57.034087  170
57.044789  230
57.069257  183
57.088491  232
57.101813  227
57.103666  201
57.114948  233
57.123438  230
57.186580  217
57.212045  205
57.222652  262
57.244517  179
57.249062  236
57.269234  262
57.281350  188
57.294865  231
57.317829  239
57.319782  190
57.321415  202
57.328152  241
57.330345  194
57.339788  202
57.376688  249
57.409576  200
57.421477  212
57.423470  237
57.429388  206
57.440210  244
57.454018  201
57.460795  253
57.482575  249
57.508572  211
57.522845  214
57.527849  217
57.533907  252
57.540305  255
57.549242  260
57.607364  263
57.620778  217
57.625063  259
57.635335  242
57.639400  264
57.671072  243
57.700466  248
57.712821  211
57.724466  209
57.743843  220
57.867883  206
57.869556  256
57.939803  208
57.986240  266
58.004629  204
58.041790  218
58.051818  211
58.066031  259
58.071215  204
58.085508  219
58.117459  205
58.139582  218
58.153554  244
58.172709  243
58.189179  208
58.191351  248
58.221404  252
58.242173  250
58.251151  216
58.267168  257
58.284093  267
58.305531  263
58.337074  255
58.370752  217
58.371801  257
58.378997  204
58.383203  211
58.387488  204
58.453842  202
58.464180  206
58.471556  237
58.492925  201
58.501634  189
58.503587  232
58.506913  194
58.530378  194
58.532630  192
58.542948  180
58.554070  230
58.556722  183
58.559933  177
58.598444  165
58.610843  172
58.635733  138
58.638345  141
58.653646  168
58.689103  122
58.710652  108
58.742928  103
58.749785  109
58.753790  92
58.769476  101
58.774161  100
58.778586  92
58.783251  97
58.787656  89
58.791581  89
58.830358  128
58.852626  86
58.872397  75
58.884497  77
58.906000  69
58.910345  56
58.911958  67
58.917741  106
58.919714  61
58.926771  55
58.956232  46
58.962130  52
58.983006  39
58.984719  42
59.002398  63
59.015872  29
59.038110  19
59.066076  19
59.077746  29
59.082191  17
59.112553  22
59.119050  16
59.168996  68
59.192714  15
59.203476  16
59.226293  20
59.233130  25
59.237575  12
59.239388  60
59.245967  19
59.248499  10
59.313372  21
59.331340  63
59.354918  8
59.379187  6
59.386930  8
59.391775  0
59.431047  5
59.462893  3
59.484003  42
59.499171  1
59.507441  5
59.517884  9
59.533810  16
59.543633  11
59.548377  1
59.553162  15
59.563832  4
59.637210  18
59.654290  16
59.696605  10
59.700870  13
59.705215  5
59.713525  5
59.734891  13
59.739475  11
59.745133  4
59.753443  4
59.755775  15
59.786510  0
59.796673  0
59.808135  0
59.816665  0
59.821070  0
59.840641  0
59.846439  8
59.852896  10
59.861973  11
59.870809  9
59.891060  4
59.899870  0
59.917630  0
59.924288  8
59.975295  15
59.981872  13
