# t(s) W_ledbat(bytes)
10.057319  65535
10.153011  65535
10.279711  65535
10.407220  65535
10.543216  65535
10.691328  65531
10.697406  65525
10.709273  65504
10.715550  65523
10.719615  65494
10.725593  65519
10.729898  65496
10.738748  65473
10.743073  65511
10.745505  65418
10.749440  65379
10.754012  65400
10.760429  65507
10.762102  65427
10.764195  65333
10.767901  65300
10.775497  65198
10.778089  65475
10.780421  65334
10.784866  65459
10.789351  65427
10.791943  65288
10.793596  65130
10.797302  65195
10.799514  65411
10.801507  64994
10.803999  65261
10.806112  65149
10.808025  64926
10.812130  65020
10.815361  65379
10.817933  64790
10.821608  64955
10.826053  65363
10.830018  65182
10.832670  65121
10.834363  64941
10.836855  64627
10.843413  64300
10.846125  64825
10.848317  65194
10.852842  64739
10.854695  64136
10.856788  64851
10.860094  65109
10.862247  63807
10.867291  64939
10.869963  64854
10.871756  64565
10.878173  64478
10.890428  63642
10.892161  64304
10.898839  64217
10.902864  64042
10.906929  64683
10.910922  63310
10.913836  65478
10.916428  63144
10.920454  64598
10.922647  63954
10.924220  62810
10.926892  65450
10.928485  64427
10.931077  64341
10.935342  62642
10.937155  63778
10.939367  64169
10.942019  64083
10.944012  63605
10.946224  63365
10.947817  65393
10.950489  62251
10.955221  65365
10.959407  62882
10.961639  63690
10.963432  62055
10.966978  64956
10.969370  63513
10.971662  64670
10.976306  64580
10.980012  64399
10.982664  64308
10.984757  62639
10.986690  62150
10.989122  61708
10.990695  63247
10.992428  64126
10.994720  60818
10.997392  62713
10.999884  60367
11.008594  59457
11.010706  62444
11.012399  58995
11.014072  61903
11.016704  58064
11.019396  64035
11.021229  64750
11.023202  64337
11.025574  64129
11.027407  61630
11.029460  61082
11.031572  63712
11.036197  61660
11.038509  63852
11.041081  63502
11.043074  60709
11.045007  59820
11.047539  63081
11.051584  63665
11.054116  61462
11.056029  58976
11.058162  62869
11.060315  63289
11.064600  57264
11.066972  56383
11.068565  54592
11.071157  62444
11.073289  63100
11.075322  62222
11.077554  57405
11.079367  62230
11.081200  56071
11.086064  61800
11.088236  60988
11.089809  53667
11.092481  61777
11.095887  60880
11.098159  61075
11.099772  51785
11.102204  60425
11.103817  59508
11.106489  59043
11.108622  60749
11.112927  50810
11.114500  59322
11.116752  55388
11.118845  53451
11.120977  52448
11.122830  48823
11.127155  58420
11.129228  60040
11.134032  56587
11.136524  56831
11.138357  55641
11.140090  59681
11.142782  58959
11.144974  55682
11.147107  53337
11.149739  53716
11.152331  52719
11.154444  58282
11.156517  56911
11.159009  52113
11.160622  56209
11.162455  53923
11.164967  50688
11.167099  49607
11.168672  48291
11.173336  49632
11.176562  47474
11.180738  50403
11.182451  52732
11.184903  46346
11.187076  44035
11.190231  49339
11.191944  50295
11.193537  47165
11.195190  49018
11.199994  46396
11.201747  46028
11.204978  42819
11.206731  43698
11.208843  42471
11.210436  47789
11.212269  45011
11.213902  45676
11.216074  42156
11.218706  40632
11.220899  44571
11.223052  39945
11.225424  37469
11.227976  42305
11.230608  35692
11.232341  38603
11.233974  41112
11.235947  31961
11.238279  39616
11.239872  35824
11.241525  38656
11.246935  37350
11.248728  34327
11.250881  31202
11.253053  29483
11.254886  34646
11.257278  25844
11.261313  33189
11.262886  29878
11.265358  30146
11.267950  23595
11.270083  37885
11.271996  34265
11.274488  18668
11.276660  25421
11.279352  22802
11.283417  32113
11.285350  16961
11.287682  27520
11.291947  24840
11.296572  28471
11.298465  24924
11.300637  14946
11.302610  5646
11.305162  22898
11.313492  13035
11.315545  18864
11.324195  2920
11.328440  14930
11.330453  2920
11.332646  18487
11.334918  4987
11.365492  2920
11.385724  15756
11.387837  4247
11.390069  2920
11.435756  46939
11.440281  44157
11.452624  42679
11.459801  39619
11.472196  37971
11.474049  34532
11.479627  32519
11.482039  28243
11.485405  25782
11.547586  17838
11.557629  12097
11.567252  2920
11.877960  65535
12.208068  65535
12.267388  65535
12.490539  65535
12.753237  65535
12.908982  65535
12.959927  65535
13.237439  65520
13.252431  65513
13.262347  65498
13.266732  65488
13.268305  65468
13.277055  65458
13.290617  65435
13.293249  65424
13.296455  65401
13.299506  65385
13.314514  65352
13.321271  65336
13.361317  65523
13.365462  65517
13.369567  65522
13.371440  65505
13.376504  65516
13.378157  65503
13.380689  65489
13.390813  65460
13.393125  65496
13.395218  65446
13.402135  65477
13.406620  65375
13.418321  65468
13.421555  65340
13.427416  65269
13.432440  65234
13.434353  65447
13.436545  65163
13.440830  65437
13.447615  65128
13.449268  65057
13.451400  65022
13.464615  65416
13.472226  65406
13.482769  64951
13.484662  65385
13.487833  65375
13.496024  64911
13.497637  64831
13.511091  64791
13.515656  64709
13.527477  64668
13.529550  64586
13.538419  64545
13.552054  64463
13.556259  64422
13.643777  64350
13.657546  64314
13.687941  65316
13.700695  65276
13.711364  65256
13.823997  64242
13.830234  64206
13.837836  64134
13.860180  65364
13.868411  65342
13.883258  65331
13.923295  65234
13.934097  65190
13.938801  65168
13.950137  65124
13.954242  65102
13.956714  65058
13.961019  65036
13.966857  64992
13.971189  64970
13.977587  64926
13.979759  64904
13.983784  64860
13.988269  64829
13.990042  64767
13.992634  64736
13.994387  64665
13.999231  64630
14.000864  64559
14.010547  65300
14.014592  64524
14.019177  65285
14.023303  65254
14.045137  64453
14.052065  64418
14.057009  64347
14.058842  64312
14.060475  65234
14.065339  65193
14.070523  64241
14.075208  65173
14.081366  65123
14.083778  64098
14.085591  64026
14.092008  65098
14.094061  63990
14.096194  63918
14.101138  65048
14.103430  63882
14.112954  65023
14.116979  63810
14.119431  63774
14.125889  64973
14.128241  64948
14.132446  64894
14.135617  64867
14.137290  64813
14.148532  63702
14.151224  63666
14.152797  63593
14.155249  63557
14.162620  63484
14.169258  63448
14.177528  63375
14.179880  63339
14.181593  64785
14.185478  63266
14.198653  63225
14.200626  64729
14.203018  64701
14.206744  64645
14.209056  63143
14.221114  64617
14.230997  64561
14.233549  64533
14.235502  64475
14.242958  64446
14.249779  63102
14.251752  64388
14.255977  63019
14.257790  62978
14.264906  62895
14.274135  62854
14.283619  62771
14.285971  62726
14.300499  62636
14.305044  62591
14.307097  62501
14.368328  62456
14.387361  62366
14.418995  62321
14.429578  62220
14.431790  62169
14.440121  62067
14.448351  62016
14.456941  61914
14.749025  64206
14.752451  64135
14.758069  64100
14.760102  64029
14.764506  63994
14.768611  63923
14.771203  63888
14.777541  63817
14.779653  63782
14.791729  63711
14.794181  63676
14.798706  63604
14.801238  63568
14.803291  63496
14.816245  64359
14.818258  64301
14.820670  63453
14.827108  64272
14.829301  64214
14.833406  64185
14.836038  64127
14.838230  64098
14.842056  64040
14.844308  63367
14.848753  63324
14.852858  64011
14.855051  63224
14.857323  63174
14.859456  63953
14.861948  63074
14.867152  63924
14.869245  63016
14.875948  62899
14.878660  63857
14.883564  63824
14.886770  62841
14.890795  62719
14.895280  63757
14.900444  63718
14.906582  63639
14.911566  61863
14.916251  63600
14.917924  63518
14.920156  63477
14.922269  62658
14.926015  61761
14.928707  63395
14.931399  62536
14.934111  62470
14.938376  61710
14.941702  63354
14.943775  61608
14.948259  63272
14.949912  62338
14.959188  61557
14.964092  62272
14.969731  62137
14.972383  61454
14.981812  62069
14.985518  61933
14.990162  61403
14.994507  63231
14.996320  61300
14.998572  61862
15.004431  61249
15.006184  61720
15.010808  61649
15.012641  61146
15.017845  61095
15.023464  63148
15.032313  63107
15.042876  63024
15.051526  62983
15.053479  62900
15.055691  62858
15.059017  62774
15.064624  62732
15.072894  62648
15.075346  62606
15.077319  62522
15.087661  62480
15.094932  62396
15.100196  60991
15.102348  60939
15.104401  60835
15.107033  60783
15.109226  62354
15.111079  60679
15.113371  62270
15.125966  62227
15.132244  60627
15.137682  60523
15.140234  62140
15.142446  60471
15.144059  60366
15.148433  62097
15.155373  60314
15.157366  60209
15.204100  60157
15.221460  60052
15.228936  60000
15.234655  59895
15.242705  59842
15.258638  59736
15.263383  59674
15.271314  59549
15.280783  59487
15.334977  59362
15.339361  59300
15.352525  59175
15.359369  59112
15.361182  58986
15.370172  58917
15.385540  58779
15.392557  58710
15.396563  58524
15.403819  58431
15.422912  58244
15.440511  58150
15.450175  57962
15.493633  57868
15.507109  57679
15.660301  61577
15.673404  61432
15.685026  61359
15.695634  61213
15.698106  61140
15.699999  60994
15.705263  60921
15.723002  60774
15.742934  60701
15.744647  60554
15.760113  60480
15.774241  60332
15.779085  60258
15.781238  62050
15.790742  61956
15.794667  61909
15.803506  65534
15.808011  60109
15.810583  60035
15.814509  61815
15.816861  59886
15.821885  61768
15.823738  59812
15.827444  65533
15.829856  61674
15.832308  61627
15.838926  61532
15.841138  59662
15.845563  59587
15.847436  59437
15.849548  59351
15.855726  59178
15.858258  61485
15.859991  65532
15.862483  61390
15.867008  59092
15.868701  61343
15.870274  61248
15.872446  58918
15.874339  61201
15.879143  65531
15.883388  61106
15.889106  61059
15.896010  60964
15.900555  60911
15.904680  65530
15.907292  57589
15.909445  58831
15.911638  60804
15.916110  60751
15.920115  57408
15.921828  58654
15.923441  60643
15.925014  60589
15.929818  58566
15.932330  58388
15.934902  60481
15.938907  58299
15.942692  60427
15.944645  57318
15.950703  58120
15.952416  58031
15.954848  60319
15.964504  60265
15.974039  60139
15.981256  60076
15.982989  59950
15.987614  57852
15.996023  59882
15.999789  59745
16.004613  57136
16.013383  59677
16.015356  59539
16.017568  57045
16.023886  59470
16.031597  59332
16.033929  56863
16.036421  56772
16.038354  56589
16.057540  59263
16.059935  56497
16.067526  56313
16.070098  59125
16.076935  59056
16.078568  57755
16.080341  57560
16.082853  56221
16.087338  58916
16.089850  57462
16.091843  57266
16.094475  58846
16.099794  58705
16.102166  57168
16.106611  56036
16.109043  55943
16.112928  56971
16.115220  56872
16.117293  55757
16.123970  56674
16.126582  58635
16.133160  56575
16.135093  55664
16.136726  56376
16.143343  58494
16.147608  58422
16.149641  58277
16.152033  55477
16.159349  58205
16.163195  56276
16.166961  56076
16.169673  58059
16.173785  57986
16.177550  55967
16.179343  55383
16.183169  55195
16.185801  55101
16.187374  55748
16.205061  54912
16.214231  54817
16.219930  55638
16.221583  54627
16.226327  54532
16.238562  54341
16.283085  54245
16.288523  54053
16.295260  53957
16.381403  53764
16.390013  53667
16.396131  53473
16.406833  53369
16.408966  53159
16.412891  53054
16.422544  52843
16.458191  52737
16.467341  52525
16.472113  52419
16.478051  52205
16.495030  52098
16.536593  51875
16.541137  51763
16.550426  51651
16.574066  51539
16.590815  51427
16.637424  51293
16.642982  51159
16.650598  50997
16.655202  50835
16.657794  65517
16.662398  50672
16.671427  50508
16.674558  50343
16.685340  50177
16.704569  55531
16.714851  65490
16.723141  65477
16.752976  65450
16.758060  55317
16.760512  65437
16.763144  55210
16.767948  65424
16.810165  65405
16.816402  55103
16.830354  54995
16.834189  54887
16.841066  54779
16.858305  54671
16.864407  54562
16.867039  54453
16.871903  57906
16.873916  54344
16.876368  54235
16.885144  57746
16.887796  57666
16.889849  54126
16.896246  57505
16.899337  54016
16.901989  57425
16.906054  57345
16.908506  57264
16.913870  65386
16.917975  57183
16.924691  53906
16.930130  57102
16.934056  65367
16.935929  57021
16.938301  56940
16.944611  56859
16.949795  65348
16.956612  56778
16.961916  56695
16.965027  53796
16.969172  65329
16.971444  56611
16.974116  53686
16.976488  65310
16.983964  53575
16.985877  65291
16.991320  56527
16.996867  65272
17.000617  53463
17.003189  56443
17.005861  65253
17.011544  53351
17.013297  56359
17.015669  56275
17.019714  56191
17.030744  56107
17.032497  56023
17.035288  55938
17.040272  65234
17.042524  55837
17.045475  65215
17.047248  53239
17.057463  55736
17.059795  50052
17.068049  53127
17.072973  53014
17.075605  55632
17.082881  65196
17.092664  49927
17.096809  52901
17.098442  52792
17.104280  49802
17.107211  55528
17.109723  65177
17.112335  49676
17.114547  52683
17.117538  55424
17.119511  55320
17.121863  52573
17.128005  65158
17.129778  65139
17.135800  55215
17.141829  65120
17.144361  65101
17.150805  55107
17.152678  49550
17.154870  52463
17.157142  49424
17.158735  52353
17.160588  52243
17.166171  49297
17.168803  49170
17.171235  54995
17.174186  49043
17.176179  54882
17.178551  48915
17.180963  54769
17.183415  54651
17.191397  54533
17.193789  54415
17.195981  48787
17.197774  54297
17.200106  54177
17.201919  48659
17.204391  65532
17.206743  54057
17.213819  48530
17.216311  53947
17.221442  53837
17.223694  53727
17.226166  65529
17.227859  48401
17.230051  48272
17.232004  53617
17.238146  65526
17.243030  48142
17.245502  65523
17.247155  48012
17.249707  47882
17.252219  53508
17.257757  47751
17.263640  65520
17.265333  47620
17.270696  65517
17.272549  53399
17.275720  65514
17.277453  53290
17.282856  47474
17.285807  65511
17.287840  47328
17.291570  53181
17.293902  47181
17.299126  65508
17.311214  65505
17.313466  65502
17.315259  47034
17.320123  46886
17.322435  46738
17.329571  46589
17.333476  65499
17.341212  65496
17.354499  65492
17.364506  65488
17.366379  65484
17.382130  53092
17.384322  53003
17.385975  52914
17.389900  52825
17.394025  46461
17.398749  46333
17.404072  46204
17.414598  46075
17.433435  52133
17.436701  52023
17.442819  51913
17.445710  45946
17.460690  51803
17.463741  45816
17.484211  51692
17.487637  45686
17.490049  45556
17.491662  45425
17.498479  51581
17.506594  65481
17.510719  45294
17.524538  51470
17.533687  45162
17.544888  65478
17.547540  65475
17.552364  65472
17.557538  65469
17.559710  65466
17.564514  45030
17.566167  51359
17.571670  44898
17.584030  44765
17.607783  51247
17.609496  44611
17.616093  44456
17.618485  44301
17.642190  44145
17.648846  43989
17.653890  21994
17.653890  21685
17.655463  21398
17.659708  21107
17.665016  20814
17.675998  20518
17.691437  20217
17.719928  65074
17.724053  65047
17.734560  65463
17.737651  32731
17.737651  32724
17.764984  65020
17.767296  64993
17.805352  32767
17.805352  32775
17.807964  64967
17.812289  32783
17.828754  51135
17.835958  32791
17.845966  51023
17.850790  50911
17.855634  32799
17.858166  25455
17.858166  25230
17.863030  32807
17.869677  32814
17.879912  25001
17.882464  24774
17.886948  24545
17.891552  32821
17.899168  52735
17.901480  32828
17.904172  32835
17.906664  24314
17.909296  52645
17.911748  52555
17.913321  32842
17.916212  52465
17.917865  52375
17.921076  32849
17.923748  64941
17.926040  32856
17.928532  26187
17.928532  26006
17.930704  24082
17.938754  25824
17.943598  32863
17.946030  32470
17.946030  32418
17.948742  25640
17.950475  25456
17.952807  32366
17.954580  25274
17.962835  25091
17.965347  23850
17.967979  32314
17.969552  24906
17.971804  23617
17.973737  32262
17.975330  23385
17.980084  32210
17.982396  24723
17.988079  32159
17.994543  23151
17.997235  24539
17.998848  32108
18.001160  22915
18.003552  24354
18.005285  24168
18.007677  23981
18.013240  23795
18.015812  23608
18.018284  23419
18.021834  32059
18.023627  23229
18.026598  32010
18.028391  22681
18.030863  23041
18.036254  19934
18.040359  22450
18.045690  22216
18.048062  22852
18.052866  31964
18.056971  19655
18.066646  21981
18.069218  21744
18.073150  19372
18.075322  22664
18.076915  31919
18.078728  19085
18.081200  21506
18.083872  22475
18.085585  22284
18.087238  21265
18.090129  31875
18.091762  31831
18.095352  22095
18.097844  31788
18.099777  31746
18.105667  21907
18.107380  18799
18.110511  21027
18.113163  18509
18.115635  20787
18.117388  20544
18.119001  18216
18.120614  17919
18.123745  21719
18.126437  17617
18.128230  21529
18.130462  17309
18.132395  21338
18.135007  21145
18.137499  20953
18.139871  20759
18.141664  17000
18.145793  20563
18.147466  20365
18.152697  16686
18.154510  32728
18.157441  16367
18.159474  32735
18.161087  16050
18.163359  15727
18.164992  32743
18.167384  15404
18.169976  32752
18.174190  15075
18.175963  14738
18.179329  14395
18.188188  32761
18.190780  14044
18.193941  32770
18.196513  32779
18.199724  13689
18.201557  32789
18.204668  13325
18.207240  12953
18.209592  32800
18.211405  32813
18.214416  32826
18.216049  12584
18.219849  32842
18.222281  32859
18.227385  32878
18.231610  32898
18.233183  32918
18.236034  32767
18.236034  32801
18.250526  32842
18.253657  32883
18.256229  20375
18.259320  20205
18.263229  20035
18.265102  32925
18.271918  19869
18.277816  32969
18.292109  19704
18.294581  19544
18.300403  33014
18.303554  32952
18.326366  19383
18.331554  33059
18.333607  33104
18.339050  33149
18.340703  32986
18.342336  33020
18.345986  33055
18.348198  33090
18.349931  33125
18.353963  19226
18.367640  19085
18.372479  12382
18.376504  12177
18.387360  11968
18.419816  31767
18.433429  31788
18.436899  32925
18.438612  32987
18.443384  33176
18.445037  33227
18.448427  33049
18.457236  33212
18.461301  33275
18.468745  31809
18.470598  31830
18.480246  33338
18.487122  33401
18.488975  33112
18.493839  33175
18.495452  33238
18.497045  31854
18.501090  33301
18.517375  18987
18.526464  33364
18.537410  18889
18.542274  18790
18.547777  33427
18.550489  9395
18.550489  9196
18.555073  33490
18.560297  33552
18.564182  8998
18.572317  8795
18.575408  8588
18.580611  33615
18.586224  33677
18.590937  33739
18.592530  8376
18.595965  33801
18.597698  33863
18.599771  31881
18.601364  33925
18.602997  20313
18.604870  8173
18.611327  20261
18.619841  33987
18.622233  31908
18.628862  20209
18.631334  20157
18.633846  31935
18.637132  20105
18.642555  7965
18.645207  31962
18.647839  7751
18.650191  7531
18.652523  20049
18.655035  19997
18.657347  31989
18.659859  32016
18.668901  32043
18.673206  7305
18.675478  19945
18.677451  32069
18.681081  7072
18.685166  32099
18.687478  32130
18.690389  6853
18.697170  6636
18.702828  32164
18.710551  32202
18.712144  32243
18.719517  32284
18.721110  32324
18.722963  32364
18.726174  33290
18.729105  33353
18.730798  33416
18.734433  33479
18.738598  33542
18.740171  33605
18.742024  33667
18.744436  33729
18.746968  33791
18.750119  33853
18.754228  33915
18.756580  33977
18.758173  34039
18.766894  34101
18.772005  33464
18.774477  34162
18.776989  34223
18.779161  16732
18.779161  16858
18.791676  16983
18.794288  17107
18.796640  17230
18.804670  17352
18.824106  17473
18.826418  34284
18.840830  17593
18.843302  17713
18.848006  17832
18.850518  34345
18.852930  34406
18.855462  34467
18.867204  34528
18.869756  5984
18.869756  6017
18.872148  34589
18.911053  32429
18.925653  32494
18.927286  34049
18.932797  34111
18.935329  34650
18.937841  17325
18.937841  17447
18.940193  34172
18.947689  17950
18.950261  18067
18.952693  32559
18.955245  32623
18.968167  18184
18.975583  18300
18.977695  34233
18.983533  34294
18.985126  17147
18.985126  17270
18.988876  32687
18.993840  17392
19.015309  17513
19.031634  17633
19.034645  6722
19.039789  17752
19.044713  17871
19.060593  17989
19.065165  18106
19.067297  18222
19.069010  18338
19.072181  18453
19.074653  32751
19.076306  18567
19.078578  9972
19.078578  10082
19.087882  18680
19.090194  16375
19.090194  16504
19.093125  16632
19.100222  16759
19.102434  16885
19.104107  17010
19.105740  17134
19.116454  17257
19.118027  17379
19.121218  17500
19.136117  17620
19.140581  17739
19.142434  17858
19.145086  17976
19.146699  18093
19.149670  17568
19.151303  18209
19.153116  17688
19.155368  17807
19.158694  17925
19.161346  18042
19.165555  18159
19.167408  18275
19.170878  18390
19.173909  18503
19.176141  18616
19.178034  18729
19.180486  18841
19.186177  18953
19.193074  19064
19.195546  18415
19.197918  19174
19.199511  18529
19.203296  19284
19.208180  18643
19.210592  18756
19.212385  18868
19.217516  18980
19.237076  19091
19.238729  19393
19.250784  19201
19.256487  19311
19.258739  19420
19.261091  19502
19.262704  19610
19.264337  19717
19.277860  19757
19.279593  6228
19.281189  19775
19.319067  18325
19.327137  18440
19.333479  18793
19.338412  18905
19.340248  19793
19.342520  19899
19.344832  19016
19.357708  19528
19.359361  19636
19.361554  18554
19.368018  18667
19.380841  19743
19.387148  19127
19.389580  19850
19.401740  19237
19.403972  9618
19.403972  9837
19.406624  18780
19.409236  10046
19.427040  10249
19.443325  10448
19.445437  3361
19.445437  3790
19.449982  10644
19.455046  10836
19.463855  11031
19.465588  11222
19.471071  11410
19.476842  11595
19.478415  11777
19.480068  18890
19.482300  11953
19.483993  10268
19.494475  12125
19.496068  19000
19.499119  19109
19.510414  19217
19.512407  19325
19.514003  19375
19.557869  19956
19.559482  9978
19.559482  10189
19.616275  3114
19.616275  3792
19.664755  12299
19.666508  12470
19.669020  9949
19.669020  10161
19.672770  12639
19.693354  12806
19.744403  4347
19.758870  5134
19.758870  5545
19.766146  9687
19.766146  9905
19.770951  5926
19.826191  10396
19.877601  4349
19.928653  10369
19.930426  5184
19.930426  5591
19.946712  6403
19.946712  6733
19.998505  2920
19.998505  3644
20.005402  6282
20.014351  10118
20.067651  5198
20.067651  5604
20.111399  2920
20.111399  3644
20.154126  5969
20.156618  2984
20.156618  3692
20.160663  4264
20.172823  4224
20.177647  7046
20.228440  4724
20.230692  2920
20.230692  3644
20.239122  3141
20.239122  3814
20.251497  5059
20.251497  5476
20.311743  2920
20.311743  3644
20.375484  2920
20.375484  3644
20.380828  4224
20.385812  4724
20.403651  4759
20.408835  5647
20.412960  6021
20.423442  7346
20.425595  7921
20.430000  8187
20.435718  8703
20.441356  8945
20.450605  9417
20.471949  2920
20.471949  3644
20.476014  2920
20.476014  3644
20.478586  4224
20.501148  5862
20.505154  6583
20.522334  6904
20.564795  2920
20.564795  3644
20.567467  4224
20.571652  4724
20.574763  65535
20.689891  2920
20.689891  3644
20.692163  4224
20.705097  4724
20.709322  5171
20.715192  6372
20.717165  7035
20.722049  7284
20.762231  9614
20.766317  10000
20.775347  10161
20.797315  2920
20.797315  3644
20.801290  2920
20.801290  3644
20.803303  4224
20.805196  4224
20.812772  4724
20.817396  5171
20.820108  5579
20.825794  4724
20.830039  5171
20.842509  7210
20.858507  7796
20.937635  5171
20.939508  5988
20.941660  6341
20.945965  7007
20.950909  7308
20.987590  7343
20.999292  7461
21.102548  7519
21.106198  5579
21.108091  6336
21.111222  7634
21.113714  6669
21.116226  8039
21.117959  7303
21.122244  7592
21.125710  8148
21.132267  8407
21.134619  10312
21.197536  2920
21.197536  3644
21.207424  4214
21.233418  4325
21.235870  4433
21.238042  2920
21.238042  3562
21.277064  8471
21.279776  8676
21.343448  7590
21.361106  7538
21.369277  8091
21.382319  8083
21.404785  10374
21.408710  7293
21.425949  7149
21.440625  65530
21.444950  65520
21.446623  65515
21.453000  65501
21.456566  65494
21.467907  65480
21.470019  65473
21.471852  65459
21.476836  65452
21.489356  65436
21.494221  65428
21.507222  65412
21.509574  8593
21.513499  8790
21.525140  65402
21.530252  8698
21.531845  65382
21.534477  8291
21.537169  65372
21.542867  8084
21.557124  6674
21.569060  10420
21.575757  10511
21.603885  10410
21.627123  2920
21.665271  2920
21.665271  3052
21.669676  3178
21.675019  3299
21.679224  3416
21.681516  3529
21.687227  3638
21.689619  3744
21.711111  8713
21.716949  8787
21.723206  8823
21.735232  65358
21.740655  65351
21.748925  65337
21.788210  6420
21.794588  7946
21.798972  7807
21.806169  7523
21.813273  7378
21.817458  7092
21.824721  10280
21.828087  5932
21.831573  65334
21.833246  5668
21.835418  65327
21.844482  5116
21.848690  65324
21.850982  65317
21.858726  65314
21.866837  65307
21.869229  65304
21.871362  65297
21.878379  65294
21.880112  65287
21.884077  65284
21.892547  65277
21.902149  65272
21.904761  65261
21.907852  65256
21.914409  65240
21.916821  8669
21.921665  65232
21.937311  65216
21.947047  65207
21.949100  65189
21.958568  65180
21.961774  65156
21.966798  65144
21.969964  7872
21.974269  65120
21.979892  7436
21.987108  65108
21.989560  65084
21.991872  65072
21.996357  7206
22.000702  65038
22.005187  65021
22.009592  64987
22.012004  6968
22.024599  6696
22.026971  4810
22.046972  6943
22.048925  10148
22.062754  6054
22.065106  5699
22.137214  2920
22.137214  3052
22.141558  3178
22.189737  8539
22.203751  8275
22.221510  64970
22.227668  64935
22.232912  64918
22.246167  64883
22.252793  64866
22.264733  64831
22.306411  10014
22.312249  9743
22.320918  6791
22.329748  4485
22.331921  3787
22.341070  64814
22.342783  64779
22.346014  64762
22.348826  3354
22.350399  2920
22.352571  64719
22.355283  64698
22.357136  64655
22.368358  64631
22.374156  64582
22.378521  64558
22.385138  64507
22.390696  64482
22.396794  64431
22.403930  64406
22.406123  64355
22.412141  64330
22.414433  64279
22.416366  64254
22.418658  64203
22.423322  8107
22.424975  64175
22.426868  7763
22.431213  64118
22.433325  64090
22.435518  64029
22.444507  63999
22.476035  63938
22.482452  63908
22.484085  63847
22.488650  63817
22.490263  5322
22.494428  63756
22.499966  63726
22.510899  63665
22.515104  63635
22.516837  63574
22.519069  63544
22.521401  63470
22.523054  63433
22.531783  63359
22.534115  63322
22.536228  63248
22.544084  63211
22.548529  63137
22.562023  63100
22.563896  63026
22.566328  62989
22.577925  62915
22.581036  62878
22.582729  9604
22.589307  9118
22.676326  2920
22.746987  7574
22.759630  7187
22.763975  6983
22.773444  62804
22.780761  62767
22.782434  62692
22.788971  62655
22.790864  62581
22.793256  6636
22.795029  62544
22.799134  8804
22.804952  6318
22.811749  62470
22.816661  62433
22.827284  6020
22.828917  62359
22.834635  4918
22.841954  4481
22.848052  7969
22.851777  5189
22.867283  7508
22.872446  6529
22.909145  62322
22.915083  62248
22.922459  62211
22.928217  62137
22.937387  62100
22.939040  62026
22.948129  61988
22.965608  61912
22.969338  61874
22.971650  61787
22.974222  61744
22.976375  61657
22.979047  61611
22.982253  61519
22.986438  6681
22.988611  6049
22.990763  61473
22.995428  61373
23.000272  61323
23.002405  61223
23.009102  61172
23.016059  61070
23.022137  61019
23.033679  60917
23.037884  60866
23.045639  60763
23.047811  60711
23.049924  60605
23.055088  60552
23.056901  60444
23.063585  60390
23.067191  60282
23.069763  4002
23.075007  60224
23.076880  60107
23.081344  60049
23.091867  59933
23.094179  59875
23.096312  59759
23.101276  59701
23.107634  59585
23.111739  59527
23.114945  59410
23.119789  59352
23.121602  2920
23.124134  59235
23.125867  59177
23.128099  59060
23.134617  59001
23.138663  58883
23.141295  58824
23.143288  58706
23.148312  58647
23.154190  5966
23.161128  58528
23.163620  58469
23.168404  58350
23.181019  5350
23.187516  58291
23.193634  58172
23.201425  58111
23.205730  57988
23.208102  57927
23.212087  57801
23.214339  57738
23.224562  57611
23.233012  57545
23.244993  57412
23.246866  57346
23.251390  57198
23.256055  57124
23.257928  56975
23.366946  5602
23.370312  4637
23.384286  56916
23.390004  56797
23.394129  56737
23.395802  4636
23.399707  56617
23.403732  56557
23.407757  56437
23.411962  56377
23.419059  56256
23.421631  56196
23.423224  56075
23.425516  56015
23.430361  55894
23.439530  55833
23.446267  55711
23.448719  55650
23.464400  3721
23.466513  4572
23.468526  3170
23.475283  2920
23.491328  2920
23.516582  55534
23.525632  55476
23.529138  55359
23.538167  55301
23.540260  55184
23.550783  55126
23.554808  55009
23.567902  54950
23.574739  54832
23.591079  3911
23.601709  54773
23.605814  54655
23.608266  54596
23.609959  54472
23.613651  2920
23.616023  54410
23.620009  54286
23.624154  54222
23.634497  54094
23.637149  54030
23.641254  53889
23.645926  53819
23.648019  53678
23.655156  53607
23.657349  53463
23.660041  53391
23.662493  53242
23.668051  53167
23.672176  53017
23.673909  52939
23.678993  52782
23.680786  52704
23.687843  52548
23.690994  52470
23.693687  52314
23.700818  52236
23.703210  52079
23.705083  52000
23.716523  51842
23.729377  51763
23.731470  51614
23.741078  51543
23.747676  51415
23.763582  51351
23.769300  51223
23.777071  51159
23.790705  51031
23.805292  50967
23.811010  50841
23.822915  50778
23.832823  50652
23.846405  50589
23.850570  50462
23.865597  50399
23.874781  50272
23.892747  50208
23.907095  50080
23.916344  50016
23.922642  49888
23.926807  49824
23.933205  49695
23.944167  49631
23.957741  49502
23.968344  49437
23.977074  49307
23.999658  49242
24.001571  49112
24.012613  49047
24.020803  48916
24.030492  48851
24.043055  48720
24.052524  48651
24.062707  48497
24.069804  48420
24.080866  48266
24.091967  48189
24.103489  48034
24.113412  47956
24.121522  47800
24.136469  47722
24.142087  47565
24.150497  47487
24.161759  47330
24.174008  47251
24.178333  47091
24.195033  47010
24.203783  46847
24.213452  46765
24.225028  46601
24.229672  46519
24.238883  46354
24.249525  46272
24.262200  46105
24.282338  46021
24.288017  45853
24.296927  45769
24.301906  45607
24.312708  45526
24.321637  45363
24.334822  45282
24.343153  45118
24.356048  45035
24.362266  44868
24.372668  44784
24.386881  44607
24.393798  44518
24.406274  44340
24.416223  44251
24.435435  44072
24.449529  43982
24.453854  43795
24.455547  43701
24.508796  43510
24.511228  43414
24.513281  43222
24.517673  43124
24.522018  42927
24.524330  42828
24.530468  42636
24.539158  42540
24.554105  42346
24.562635  42249
24.573578  42054
24.582168  41956
24.600631  41760
24.606469  41662
24.627453  41464
24.631158  41365
24.640128  41166
24.654606  41062
24.695990  40853
24.702142  40748
24.709059  40537
24.719641  40428
24.730785  40210
24.736383  40101
24.749450  39881
24.751622  39769
24.757861  39545
24.764438  39433
24.776914  39189
24.786442  39066
24.798757  38820
24.807766  38696
24.820561  38440
24.832902  38310
24.842246  38048
24.852194  37917
24.860645  37654
24.870268  37522
24.919936  37257
24.931797  37124
24.933390  36856
24.936062  36721
24.944712  36450
24.947204  36314
24.950710  36038
24.953282  35899
24.957367  35619
24.974607  35478
24.985749  35195
24.988281  35053
24.996712  34770
25.013397  34628
25.023501  34342
25.036415  34198
25.041140  33908
25.054334  33762
25.065416  33468
25.074565  33320
25.084548  33022
25.096356  32866
25.107818  32553
25.121172  32395
25.127909  32075
25.134487  31914
25.159068  31589
25.170728  31425
25.175687  31095
25.182284  30929
25.189676  30594
25.201298  30425
25.212880  30084
25.223983  29912
25.246587  29566
25.248899  29391
25.259103  29038
25.264204  28853
25.281533  28480
25.301184  28292
25.304410  27912
25.306782  27720
25.317585  27332
25.326994  27136
25.343715  26740
25.353484  26539
25.359642  26134
25.375775  25929
25.381833  25502
25.391242  25285
25.397121  24847
25.416992  24624
25.421417  24174
25.435805  23945
25.445433  23475
25.451231  23235
25.459782  22750
25.468226  22511
25.487238  22028
25.489770  21781
25.507310  21281
25.520045  21026
25.526642  20509
25.542647  20244
25.548884  19707
25.559727  19431
25.572862  18871
25.580298  18583
25.585776  17997
25.598351  17695
25.607121  17080
25.622428  16750
25.626094  16047
25.637696  15680
25.650671  14896
25.661174  14484
25.668665  13635
25.706850  13184
25.851016  12252
25.853208  11748
25.859825  10696
25.868655  10119
25.870848  8898
25.875413  8193
25.879698  6661
25.882230  5394
25.883963  2920
28.598718  3150
28.603443  3577
28.749914  2978
28.765461  3128
28.767634  3291
28.769806  3517
28.772178  3690
28.778016  3477
28.781422  3830
28.789592  3191
28.799300  3743
28.844281  3613
28.876188  3278
28.878141  3917
28.880253  4184
28.882126  4684
28.884638  4907
28.890756  4117
28.892589  4652
28.895161  4051
28.896954  4889
28.899566  5236
28.941092  3953
28.943943  3335
28.945856  4062
29.006608  3478
29.008541  4335
29.020896  5032
29.023029  5735
29.025341  4175
29.027294  5033
29.033731  6046
29.035704  6637
29.042888  6906
29.058509  5528
29.062794  4204
29.067938  5025
29.073756  5368
29.116884  4675
29.121448  4980
29.144494  5804
29.146587  6329
29.149019  6570
29.155844  7424
29.158036  7664
29.159909  5639
29.161742  6388
29.164154  7034
29.206784  5575
29.215294  4410
29.218465  5051
29.226441  5331
29.244943  5388
29.280431  4678
29.288661  5315
29.292686  8130
29.294399  6053
29.299802  5595
29.306319  8350
29.308092  6348
29.312058  6912
29.317082  8778
29.319694  8981
29.339567  7250
29.341600  7670
29.348277  5689
29.350410  6295
29.379671  6718
29.396652  5840
29.416124  7859
29.417997  8228
29.424774  9335
29.427146  9505
29.428819  7347
29.431990  8404
29.434143  7634
29.435736  8187
29.438028  8749
29.448551  8914
29.486222  6347
29.488854  6580
29.496865  5596
29.505215  6101
29.555560  6569
29.571829  5861
29.575754  9816
29.577906  9966
29.579619  6369
29.582111  7171
29.586356  7670
29.594846  7877
29.601383  10263
29.604075  10407
29.608081  8281
29.628173  9235
29.633077  7094
29.635669  7337
29.637362  9390
29.641427  7807
29.717310  9695
29.719922  10691
29.722334  9842
29.726539  10829
29.728612  6333
29.733357  8445
29.734970  8945
29.737602  9175
29.739215  9625
29.741567  10133
29.743859  10274
29.792060  6805
29.793653  7240
29.795845  7444
29.805049  6603
29.809953  6780
29.832336  6988
29.840707  7393
29.872275  11055
29.877259  6968
29.883696  7141
29.885489  11166
29.887142  8473
29.890888  7479
29.895992  11386
29.898504  8849
29.909506  11493
29.911479  8996
29.915684  9286
29.919969  11706
29.931251  9426
29.939562  10485
29.942254  7989
29.946300  10588
29.951045  8346
29.958222  8514
29.959815  8845
30.007828  7616
30.034771  10747
30.038636  11792
30.040569  10825
30.044695  11963
30.053885  9839
30.055618  10258
30.058270  10967
30.060382  10404
30.064247  10692
30.066040  10832
30.068532  11037
30.116065  7952
30.118397  8113
30.134104  7562
30.141704  7892
30.175256  7996
30.180060  8202
30.205615  12046
30.207788  12211
30.214166  7612
30.228204  12274
30.230916  7874
30.232589  7965
30.235201  8145
30.237833  12400
30.242018  9564
30.245924  9837
30.263870  9937
30.265443  12446
30.267216  10135
30.271221  12538
30.284360  11093
30.288086  11205
30.294843  9002
30.298509  9311
30.300721  9411
30.305026  9609
30.342397  8215
30.385128  11252
30.391467  11346
30.394119  11392
30.396212  12565
30.398025  12619
30.402110  10970
30.404362  11485
30.407034  11243
30.409186  11531
30.417577  11352
30.421782  11568
30.465751  8355
30.469956  8424
30.483475  10228
30.507552  8296
30.512257  8482
30.526724  8529
30.533142  8623
30.565888  12646
30.569833  12700
30.582768  8233
30.584381  8407
30.586973  12707
30.588786  12721
30.591458  8405
30.593411  10270
30.595603  10290
30.597596  8401
30.600168  12728
30.608638  8399
30.619635  11671
30.621688  10317
30.623960  10330
30.626153  11532
30.633434  12733
30.635946  12735
30.655938  9691
30.661556  9854
30.668713  9934
30.672419  10004
30.676624  8486
30.678277  8609
30.680589  10039
30.751260  12740
30.758297  11507
30.763421  12742
30.765594  11495
30.767527  11803
30.771082  11868
30.779452  11982
30.789754  12038
30.835855  8617
30.839920  8633
30.882548  8648
30.888407  8699
30.895783  8724
30.947544  12747
30.959985  12749
30.971167  8386
30.973160  12747
30.975552  8359
30.978004  12746
30.979857  10343
30.981670  8323
30.987808  10370
30.992752  8251
30.995424  10383
30.997197  11483
31.009652  10410
31.012204  10423
31.018482  12744
31.024540  12743
31.028865  11458
31.033509  11446
31.048617  10074
31.050590  10143
31.053262  8637
31.059340  10149
31.061093  10162
31.065717  8608
31.067530  8594
31.136953  11421
31.139625  12667
31.146342  12629
31.147955  11409
31.152420  12094
31.160291  11384
31.164576  11323
31.173306  11200
31.184028  12206
31.186660  12261
31.188613  12358
31.193158  12406
31.207486  8206
31.223632  10424
31.232382  8515
31.237426  8475
31.265688  10154
31.287353  8676
31.293351  8579
31.322445  12561
31.326830  12527
31.340065  11153
31.348435  12458
31.350987  8027
31.356071  7936
31.361629  12424
31.363682  10352
31.367567  10316
31.369580  12502
31.372272  7751
31.379536  7657
31.392391  10244
31.394983  10208
31.401121  12355
31.406065  11058
31.407798  12320
31.415469  11010
31.421687  10120
31.437473  10103
31.440899  10069
31.443131  10052
31.447396  10017
31.449868  8405
31.463150  8264
31.465462  8192
31.511479  8515
31.537649  10914
31.540241  12250
31.546718  12215
31.554629  12144
31.564812  10866
31.566505  10768
31.577774  10719
31.582139  12521
31.586871  10610
31.589323  10555
31.591975  12559
31.608700  12578
31.612306  12616
31.619163  10172
31.634551  8047
31.637003  7973
31.674727  8386
31.682577  8321
31.684610  8189
31.697904  8122
31.706215  7987
31.729232  12109
31.732678  12038
31.748085  11992
31.752470  11899
31.755182  7561
31.757095  7367
31.765924  7268
31.772602  10099
31.774894  12635
31.778900  10062
31.780793  12673
31.783405  7066
31.800178  6962
31.801851  9988
31.804283  9940
31.807929  9843
31.814306  11827
31.820004  11681
31.822236  10458
31.826182  10262
31.830567  10000
31.832240  9965
31.855763  7899
31.857616  9948
31.859369  9913
31.861801  9878
31.863614  9807
31.875862  7749
31.880387  7673
31.945650  10153
31.947323  9933
31.949555  11607
31.955733  11458
31.967275  11383
31.969408  11231
31.988267  9817
31.990020  9582
31.994724  6724
32.003654  9462
32.005407  12670
32.009812  9218
32.012304  9093
32.013937  9751
32.015910  12663
32.022307  12660
32.032790  12635
32.035082  12623
32.050409  7433
32.057186  7310
32.095472  7875
32.104362  7647
32.106574  7530
32.117336  7291
32.123274  7145
32.124967  6847
32.152163  11138
32.161113  10950
32.179452  10855
32.181165  6531
32.182918  6133
32.191428  10662
32.198005  9553
32.200197  12598
32.201830  12586
32.206075  9452
32.207668  5903
32.210854  5424
32.215179  8966
32.226900  9240
32.234091  10559
32.236982  10351
32.238775  8692
32.243898  9723
32.245491  8551
32.251949  9553
32.254381  9132
32.256534  7009
32.258666  8881
32.266470  8752
32.277912  9461
32.281678  9275
32.284993  9181
32.288479  8990
32.292209  8893
32.311500  6852
32.319390  6531
32.324414  6363
32.381580  8263
32.383992  8114
32.392243  10243
32.394056  10025
32.401013  9914
32.405099  9689
32.414788  9574
32.421385  7811
32.427323  5150
32.433121  7654
32.435653  4571
32.442291  7333
32.447635  7166
32.449468  12562
32.453094  12514
32.460231  12482
32.470454  12418
32.486000  5994
32.487613  5799
32.529995  6660
32.534321  6274
32.547735  6069
32.556106  5645
32.560051  5418
32.565929  4943
32.575159  4683
32.583789  9340
32.592638  9221
32.615256  4208
32.621134  3419
32.622727  2934
32.624300  8609
32.628865  8318
32.637974  8943
32.640466  12386
32.642199  8800
32.643892  12321
32.646404  2920
32.651467  6948
32.664183  8168
32.666156  7861
32.675293  8509
32.677405  6499
32.679737  6259
32.687767  8359
32.697056  8794
32.699189  8594
32.701741  5588
32.703634  7702
32.705884  5149
32.708596  7377
32.710848  7207
32.731612  8478
32.735218  8242
32.743381  8108
32.749139  7835
32.770364  4855
32.781426  4230
32.834838  5748
32.840261  5470
32.842254  8053
32.846759  7894
32.848572  12278
32.853157  7496
32.857981  7287
32.871196  4845
32.875121  4493
32.890272  3732
32.899768  3274
32.903753  2920
32.906225  12192
32.912652  12149
32.917037  7033
32.919190  12030
32.930772  11970
32.932345  11849
32.953383  3872
32.956729  7647
32.958542  3089
33.000712  4373
33.020605  3709
33.025269  3293
33.029314  2920
33.060763  7072
33.070311  6628
33.104830  6367
33.106663  6616
33.109894  11779
33.111607  5823
33.113859  11637
33.118164  6394
33.137638  5890
33.141983  5526
33.144156  4899
33.148880  5617
33.159323  2920
33.175928  7445
33.180153  7029
33.184058  5011
33.187943  4672
33.212553  6796
33.216538  6314
33.224828  6027
33.226701  5425
33.240355  5091
33.327835  4475
33.331701  3547
33.343382  2962
33.345095  2920
33.386152  11563
33.388125  4228
33.389998  11413
33.397394  11337
33.401240  11184
33.441309  11082
33.453744  10876
33.592630  3737
33.595916  2920
33.601280  10753
33.605825  10504
33.638332  4697
33.676470  3842
33.681414  3320
33.716608  2920
33.889607  10377
33.891460  10119
33.903741  9971
33.913985  9670
33.958487  9515
33.960620  9200
33.964585  9037
34.108011  8662
34.111337  8467
34.405800  8264
34.413371  7847
34.424993  7625
34.433483  7168
34.472954  6925
34.484256  6422
34.606318  6164
34.608011  5625
34.836449  5330
34.935219  4707
34.943749  4354
34.954472  3591
34.961289  3129
35.008111  2920
37.207799  2932
37.209872  2957
37.212384  3218
37.218922  3759
37.225679  2963
37.227332  3990
37.229085  3048
37.231197  2969
37.247064  3154
37.248777  3360
37.292880  3034
37.311813  2989
37.313646  3124
37.319864  3188
37.379564  3025
37.383549  3158
37.396656  3151
37.399148  3237
37.402954  3404
37.446262  3456
37.447915  3644
37.450287  3018
37.452220  3207
37.469899  3792
37.471772  4077
37.506492  3286
37.508844  3532
37.522178  3656
37.523811  3897
37.526962  3016
37.528575  3203
37.531087  4010
37.532700  4230
37.538878  4293
37.541250  4856
37.546928  4227
37.548561  4517
37.567398  4653
37.569431  4917
37.577491  5041
37.635708  3385
37.639673  3303
37.644058  3525
37.661498  3291
37.663311  3463
37.685535  3544
37.687308  3703
37.696737  3779
37.698330  3928
37.705741  4334
37.708912  4537
37.714810  3579
37.719675  3912
37.726612  4064
37.732810  4357
37.748796  5105
37.769022  5284
37.771214  5400
37.774860  3734
37.777392  5627
37.779624  3892
37.785722  4195
37.803469  5736
37.805162  5950
37.816603  6053
37.828200  3184
37.830672  3471
37.846738  4634
37.848371  4824
37.853115  4915
37.867743  5094
37.870375  3995
37.871948  5180
37.875354  4127
37.879479  5350
37.881751  5429
37.886016  5579
37.887629  5795
37.891874  6244
37.898371  6336
37.901977  3629
37.911980  6212
37.915965  6507
37.917638  6590
37.924475  5584
37.927526  6754
37.933903  5659
37.991382  3831
37.998019  3926
38.000591  4113
38.005236  4191
38.007089  4317
38.011174  4378
38.031799  4498
38.034750  4556
38.040489  4672
38.047226  4648
38.053983  4600
38.060041  5704
38.062713  5726
38.076328  4493
38.077901  5770
38.085018  4758
38.095627  4883
38.097820  5127
38.106810  5243
38.139617  6804
38.145316  6904
38.147808  4335
38.149641  6924
38.151294  4607
38.153446  6965
38.159144  4735
38.162730  4984
38.175150  6977
38.182128  7002
38.203693  3602
38.205426  3856
38.216868  5773
38.218981  5779
38.231536  5782
38.244191  4576
38.250789  4527
38.253181  4502
38.259239  5757
38.261371  6406
38.263324  5745
38.265477  6953
38.267130  6783
38.269662  5720
38.272034  6855
38.275999  5701
38.281557  5663
38.287215  6959
38.294072  6805
38.296205  7302
38.303441  6705
38.307566  6654
38.310098  6551
38.318288  5589
38.327138  5438
38.368274  4202
38.376445  4376
38.385694  4435
38.392611  4401
38.417967  4290
38.420539  4233
38.433574  5344
38.440532  4118
38.450761  3967
38.455086  3653
38.457778  3436
38.459771  2975
38.464076  5152
38.467871  5053
38.473155  4850
38.477100  4744
38.479632  5336
38.483258  5518
38.493441  5502
38.500119  5470
38.529001  6488
38.530754  5102
38.532847  6360
38.543749  5333
38.546800  6284
38.551105  6129
38.562627  5273
38.568745  5151
38.573669  5089
38.579168  6044
38.581281  5871
38.602532  3974
38.606298  4204
38.615567  4527
38.620879  4414
38.645830  2920
38.652428  4181
38.658865  4058
38.660758  7412
38.663290  7629
38.665762  3633
38.669834  3396
38.672027  5773
38.673920  5573
38.680897  2920
38.693752  7671
38.695385  7755
38.704314  7796
38.706506  5437
38.708619  5158
38.713264  5431
38.717329  4997
38.725940  4665
38.731144  4487
38.802929  4250
38.804642  3991
38.806794  3853
38.887189  5145
38.889801  4994
38.900964  4669
38.903436  4495
38.930699  4109
38.934904  3903
38.946706  5026
38.950612  4898
38.957349  3468
38.959042  3224
38.971637  4811
38.976042  2920
38.994021  4633
39.008009  4312
39.012673  4524
39.018591  4625
39.068725  7835
39.070658  7913
39.087478  7919
39.089171  7931
39.167958  4483
39.176532  3682
39.180577  3323
39.201474  3075
39.203267  2920
39.281195  4327
39.283268  3977
39.285580  3787
39.298316  3387
39.303060  3163
39.305213  7937
39.335549  4244
39.342226  4118
39.386774  3857
39.389106  3718
39.400886  4580
39.402999  4488
39.461775  7953
39.477722  7961
39.479875  7981
39.482007  7991
39.495896  2920
39.623071  4383
39.750325  3574
39.753951  3274
39.761128  3110
39.807723  2920
39.821018  4166
39.842810  4052
39.849188  3818
39.885640  8001
39.887213  8021
39.891738  8031
39.901781  8051
39.903474  8061
40.111099  8071
40.252468  3694
40.256494  3437
40.280738  3217
40.286536  2920
40.320002  8018
40.322195  7910
40.338222  7855
40.340135  7745
40.547588  7675
40.772832  7596
40.779269  7435
40.783654  7344
40.787040  7160
40.802726  7050
40.807031  6826
41.225644  6670
41.252088  6351
41.261277  6184
41.263450  5835
41.268115  5650
41.284402  5205
41.286634  4964
41.742382  4711
41.744315  4177
41.746687  3865
41.748860  3189
41.751212  2920
44.553984  3196
44.557909  3700
44.560561  2957
44.564747  3030
44.591096  3065
44.592709  3135
44.615437  2932
44.617789  2956
44.619422  2968
44.621075  2926
44.629175  2938
44.655285  3040
44.656938  3271
44.659510  3378
44.676970  2945
44.683827  2994
44.720839  3018
44.725244  3066
44.730212  2963
44.731845  3048
44.735471  3192
44.740715  3305
44.744465  3089
44.750503  2938
44.752336  2975
44.771628  3397
44.773541  3577
44.800390  3143
44.802263  3295
44.804535  3054
44.806108  3312
44.807761  3389
44.809594  3573
44.815971  3049
44.819062  3297
44.822093  3073
44.823746  3412
44.825579  3331
44.855129  3096
44.856722  3135
44.859968  3439
44.875474  3023
44.877267  4027
44.879420  4628
44.881732  3222
44.884184  4889
44.887930  3723
44.889863  4004
44.902897  3577
44.910109  3844
44.912261  3477
44.916206  4134
44.918458  3757
44.920211  4387
44.922883  3087
44.929940  3403
44.932072  3896
44.938690  4164
44.941322  3171
44.943515  3551
44.948417  4302
44.950290  4570
44.954175  3968
44.956727  4208
44.963484  3664
44.965297  4192
44.975979  3415
44.977752  3779
44.980224  3587
44.983670  3804
44.990987  4238
45.024167  4437
45.026459  3416
45.028112  4818
45.032597  4008
45.034989  3978
45.036982  4613
45.038655  4357
45.043899  5043
45.046611  5240
45.054442  4395
45.056175  4754
45.058707  4530
45.065664  4863
45.074814  5619
45.078100  5795
45.101982  3679
45.104155  4993
45.106148  5331
45.113065  4096
45.115737  4319
45.117870  5489
45.119643  4742
45.122255  5797
45.127139  3645
45.128872  3791
45.131025  5942
45.133218  4740
45.135271  5067
45.139356  4081
45.141888  5220
45.162014  4439
45.168931  4920
45.170744  5241
45.173935  5391
45.188644  5172
45.192889  5708
45.197174  5018
45.204091  5318
45.212901  5684
45.221950  5552
45.224522  5823
45.226195  6094
45.230440  5708
45.232832  6011
45.235044  6137
45.237436  4189
45.244473  6298
45.246346  6613
45.248538  4413
45.250511  6763
45.252384  4838
45.256649  7056
45.261613  7196
45.263226  6155
45.265379  4240
45.267871  4441
45.269904  4260
45.271957  6436
45.274269  6570
45.276002  6223
45.277735  6834
45.282060  6960
45.284013  6477
45.286565  7209
45.289097  6599
45.293762  4907
45.298467  5118
45.302832  5524
45.305987  5459
45.308559  5735
45.311845  5866
45.318961  6123
45.323226  6226
45.327790  6361
45.332215  6626
45.334507  4825
45.336380  6753
45.376044  4275
45.378037  6987
45.380549  7100
45.382462  4735
45.386217  7322
45.388589  6246
45.390442  7429
45.392015  4948
45.395201  7452
45.399146  6487
45.403251  6603
45.405244  3262
45.408075  3577
45.411246  7575
45.413199  6838
45.415531  6831
45.420156  6953
45.422189  6886
45.423842  7180
45.428726  7290
45.432991  6995
45.437236  7651
45.439348  7688
45.441321  7048
45.444967  5357
45.450111  5951
45.460274  7587
45.466192  4934
45.468285  7664
45.470118  7817
45.474450  5304
45.481626  5476
45.483719  7845
45.485672  5809
45.487864  7901
45.491849  7329
45.493522  4646
45.495834  7565
45.498186  7679
45.499919  7928
45.502012  7983
45.504144  4817
45.506337  5147
45.534500  7506
45.536912  7611
45.543370  7818
45.549927  6417
45.557363  6633
45.563062  7051
45.565374  7090
45.569239  7111
45.570832  7153
45.575716  7879
45.582533  8000
45.594401  8059
45.601732  7801
45.603685  7861
45.606277  8009
45.612914  7984
45.614667  7763
45.616819  5032
45.621264  7934
45.625809  5405
45.628361  7800
45.630114  5578
45.632027  5914
45.636112  7980
45.641823  8038
45.643576  8145
45.649893  8198
45.652006  5001
45.653979  5342
45.658364  7750
45.661076  7725
45.662649  8303
45.664941  7893
45.666974  7674
45.669606  8293
45.673452  7810
45.677477  5712
45.679989  7768
45.683735  6075
45.686047  8272
45.691011  8262
45.692884  6246
45.694737  8136
45.697249  7117
45.699222  7043
45.701934  7006
45.703527  6578
45.707492  8072
45.709625  7862
45.716002  7754
45.717915  6893
45.722839  7974
45.729277  6836
45.731450  7956
45.736234  6721
45.740339  7947
45.742492  7906
45.745603  5501
45.747556  7886
45.749149  5811
45.789407  7812
45.791979  7775
45.793712  5545
45.797178  5909
45.799370  7520
45.801902  7611
45.803475  6651
45.805148  6510
45.807360  6438
45.809113  3720
45.811146  7388
45.815092  6128
45.817504  7483
45.822228  3996
45.824900  7683
45.826613  5965
45.828985  7640
45.835343  7554
45.837895  5567
45.846604  7472
45.848497  5354
45.850670  7397
45.852563  7222
45.854795  5988
45.860334  7305
45.866931  6144
45.869243  7070
45.871675  6904
45.876380  6580
45.878832  6410
45.883057  5960
45.885110  6254
45.887382  7220
45.898105  6262
45.899758  6061
45.902190  6279
45.904742  6287
45.906935  5301
45.908608  5876
45.910601  5600
45.912913  7535
45.914526  5495
45.916758  7423
45.918391  5291
45.920164  5597
45.922636  5591
45.942008  7042
45.950578  6951
45.957096  6624
45.961621  6452
45.965287  7247
45.972607  7630
45.974280  7708
45.981876  4910
45.984208  4668
45.987994  7862
45.993058  4159
45.997842  3874
46.006073  6099
46.017974  5913
46.025865  7102
46.028477  5528
46.031029  6935
46.035674  5322
46.041812  7097
46.043385  6843
46.049982  4853
46.052614  6048
46.054667  6310
46.057039  4596
46.058892  6239
46.061025  6701
46.062778  6410
46.065230  6095
46.067942  6592
46.072646  6412
46.076252  5918
46.078305  6239
46.080018  6041
46.082590  6128
46.084802  5844
46.086775  5393
46.089327  6021
46.090920  5149
46.092993  4005
46.097158  3666
46.102102  5886
46.104654  5678
46.107166  6666
46.108739  4651
46.110412  6840
46.112125  5246
46.117828  4376
46.122303  3202
46.125918  3790
46.128390  3452
46.130962  2920
46.133294  6784
46.134907  6670
46.137099  2920
46.146419  6612
46.162785  5080
46.166431  4639
46.179566  4374
46.181279  6044
46.182932  5874
46.185464  5787
46.191442  3811
46.219624  3488
46.221457  2920
46.224109  6146
46.225922  6151
46.248166  5012
46.250039  4522
46.254724  4124
46.258989  2924
46.260682  2920
46.264627  4373
46.285219  4251
46.286812  3673
46.298193  5978
46.300266  5622
46.304751  5433
46.308337  6268
46.309990  6228
46.323124  6076
46.327130  5582
46.336080  5764
46.338572  5563
46.349953  5362
46.356171  4945
46.363287  4719
46.395850  7937
46.398122  8087
46.412539  8056
46.414172  7992
46.420030  7960
46.464705  3334
46.470982  2920
46.475027  5946
46.481884  5795
46.484216  5587
46.494219  5622
46.496112  5281
46.502789  5154
46.512018  5603
46.513891  6535
46.515584  6379
46.529912  6286
46.544561  6096
46.563633  5201
46.570318  5038
46.603545  5344
46.605598  5162
46.639303  4361
46.643009  4336
46.652577  4324
46.656123  5105
46.671648  5092
46.673261  5552
46.678065  4951
46.680717  5527
46.688688  2972
46.696938  5495
46.700903  5479
46.704829  4781
46.708735  6094
46.713999  4905
46.716671  3076
46.722908  3126
46.726874  3224
46.731299  4965
46.733991  5084
46.739075  3271
46.747512  3365
46.755981  4993
46.771983  8002
46.776648  8086
46.789982  8127
46.793488  8210
46.851901  5164
46.859077  5193
46.865095  4915
46.867387  4876
46.871393  5251
46.876677  5279
46.881042  4879
46.887140  6089
46.889672  6087
46.907032  6082
46.909604  6080
46.932471  5142
46.934424  4825
46.941421  4800
46.971416  4768
46.989654  4712
46.991467  3410
46.995033  8251
47.001691  3500
47.014626  4222
47.016559  4013
47.052546  5463
47.054459  5431
47.060996  5415
47.062869  4597
47.071059  4539
47.080289  5382
47.086893  5366
47.090939  5257
47.093611  3491
47.099989  5313
47.101882  3472
47.108519  3463
47.110452  3444
47.112385  5412
47.115691  5460
47.130043  3435
47.136122  3415
47.142729  3405
47.160307  8333
47.164951  8373
47.177107  8450
47.181452  8488
47.239788  5307
47.241881  5364
47.244033  5392
47.246226  3904
47.254037  4775
47.255930  4723
47.258062  4697
47.259715  5435
47.269424  5456
47.277375  6078
47.280087  6073
47.294875  6071
47.307638  5350
47.311963  6066
47.316168  6064
47.335300  4645
47.344928  4619
47.377796  4480
47.379609  4360
47.381861  4298
47.403480  3365
47.405293  3284
47.416020  3678
47.422118  3559
47.424251  3312
47.454585  5190
47.456857  5108
47.463075  4172
47.465467  4108
47.480914  5477
47.486992  4912
47.489184  4810
47.491377  5508
47.493310  5603
47.498075  5650
47.502240  3222
47.503833  3094
47.510250  6059
47.512822  3022
47.514655  5690
47.519227  2920
47.521419  5710
47.541785  4566
47.560857  8526
47.566795  8601
47.569067  8638
47.575445  8679
47.582022  8699
47.642532  5397
47.649509  5357
47.656066  4446
47.657799  4199
47.660291  5275
47.662603  5234
47.673486  4084
47.680323  5978
47.681976  5813
47.689372  4643
47.709064  5704
47.710957  5482
47.713289  5744
47.732662  4030
47.737367  3678
47.776825  3928
47.779377  8739
47.788787  3847
47.824950  3179
47.829155  2920
47.866746  4296
47.869238  4109
47.870931  3717
47.878268  3682
47.880480  3596
47.886338  5154
47.898794  3491
47.903179  5707
47.904992  3009
47.907684  5632
47.915994  5367
47.920059  5594
47.921932  5131
47.932574  5518
47.942223  3485
47.946069  3078
47.972278  8734
47.978616  8723
47.990461  8718
47.992993  8707
48.060346  4990
48.069396  4906
48.073461  4734
48.083030  2920
48.085083  4645
48.090981  3508
48.093533  4463
48.111346  5008
48.115112  2920
48.121030  4755
48.125335  4622
48.142122  4348
48.144794  4203
48.146567  5480
48.148260  5402
48.209456  3327
48.211788  3232
48.213921  3035
48.216113  8702
48.217686  8691
48.294143  4308
48.314895  2920
48.342998  5338
48.358585  5209
48.360178  4019
48.364703  3634
48.367255  5143
48.373373  5009
48.378157  4940
48.416042  8671
48.418095  8631
48.424692  8611
48.436568  8537
48.443205  8500
48.511263  4144
48.513895  3802
48.524817  3585
48.526790  3123
48.544373  2920
48.566636  3305
48.568629  2920
48.590073  4777
48.598863  4439
48.662980  8421
48.673603  8261
48.814041  4250
48.818206  3854
48.828589  3615
48.832475  3104
48.876465  8177
48.885335  8008
48.900122  7910
48.904607  7711
49.043607  2920
49.116523  7605
49.143906  7338
49.146258  7200
49.363342  7046
49.364975  6730
49.385286  6551
49.387039  6182
49.395749  5987
49.627631  5785
49.631916  5367
49.836242  5118
49.849177  4576
49.851669  4273
49.868790  3624
49.875727  3242
50.096787  2920
52.796087  2995
52.798160  3141
52.834759  3019
52.836632  3211
52.843493  3076
52.845865  3373
52.857406  3301
52.859599  3476
52.861971  2999
52.863984  3153
52.866576  3578
52.868569  3776
52.870681  2987
52.872594  3119
52.876386  3513
52.878419  3782
52.884876  3870
52.890234  4053
52.892846  3002
52.894539  3163
52.899284  2959
52.912957  3907
52.918915  4149
52.925592  2991
52.927165  3226
52.928738  3369
52.931190  3131
52.933083  3437
52.935715  3571
52.951915  2960
52.956300  3039
52.958892  3077
52.960505  3153
52.976051  3239
52.978763  3448
52.980995  2982
52.982728  3103
52.984381  3161
52.996303  3190
53.004354  3285
53.006547  3263
53.011771  3561
53.026339  3688
53.032597  3934
53.036902  4049
53.041307  4273
53.057292  3298
53.060263  3369
53.084453  3182
53.088459  3306
53.090671  3059
53.092264  3325
53.093997  3365
53.099061  3482
53.103106  4263
53.106332  4485
53.121926  3635
53.123699  3762
53.129637  3538
53.131730  3650
53.145064  3002
53.147257  3163
53.149869  3546
53.151622  3737
53.167349  3827
53.169102  4004
53.171694  4390
53.175660  4618
53.209919  4140
53.212411  4311
53.219668  4590
53.227619  4796
53.230171  4894
53.234456  4393
53.236209  3814
53.238322  3917
53.240554  4554
53.242866  4631
53.244899  3704
53.246952  5119
53.249324  3811
53.253569  4777
53.255801  5226
53.262486  5437
53.264239  4847
53.266771  4986
53.271036  5053
53.274901  5187
53.277153  3239
53.278826  5252
53.280579  2998
53.282392  3388
53.285084  3075
53.289589  3459
53.306469  5538
53.310934  5737
53.319872  5833
53.324437  3967
53.326130  4066
53.328802  4114
53.330555  4088
53.332308  4210
53.335020  4253
53.339165  4257
53.357145  3388
53.358838  3427
53.360950  3431
53.364876  3440
53.370240  3239
53.378291  4328
53.379924  3218
53.386501  4477
53.393758  4549
53.397844  3330
53.402089  3444
53.412892  3453
53.415224  4726
53.416837  4938
53.423714  5039
53.431725  3457
53.436210  5237
53.444920  5332
53.446593  5519
53.452850  5609
53.465525  3292
53.467318  3206
53.485671  3863
53.487284  3447
53.489456  3965
53.491229  4014
53.493801  3683
53.498715  3793
53.504233  4112
53.512096  6022
53.514488  6113
53.527870  6293
53.530522  4160
53.532535  4255
53.534787  4350
53.541492  4395
53.547730  4301
53.551276  4393
53.560325  3388
53.562577  4485
53.565149  3459
53.566862  4669
53.568555  3598
53.571187  4727
53.578104  4843
53.589406  4830
53.591059  4804
53.593531  4791
53.595604  5620
53.602481  5625
53.606786  5636
53.609118  3384
53.637081  5310
53.645531  6380
53.647544  5425
53.652668  4445
53.654341  4364
53.656713  6553
53.661198  5466
53.662851  5548
53.667535  6637
53.669448  6713
53.677578  6750
53.679171  4345
53.681743  5588
53.683656  4247
53.690133  6824
53.692465  6820
53.696231  5668
53.698723  5707
53.701235  6811
53.703827  3528
53.709031  5555
53.711523  3112
53.713116  6807
53.717042  5477
53.718675  5318
53.723399  3665
53.725971  3186
53.727724  3222
53.730276  5237
53.744326  6743
53.749030  6711
53.768647  4319
53.770939  4758
53.772612  4742
53.776637  4228
53.780842  4182
53.785846  3977
53.789951  3870
53.796888  3118
53.800394  2936
53.805218  2920
53.821159  4606
53.824310  4536
53.827816  3437
53.834234  3542
53.840891  3593
53.851114  5641
53.865902  5652
53.881216  5611
53.885881  5528
53.925285  5028
53.932281  4181
53.934354  4047
53.936706  3731
53.939318  3900
53.945896  4108
53.948528  3978
53.950929  3837
53.953641  6667
53.955514  6578
53.958226  6533
53.960059  3764
53.970542  6408
53.975206  6344
53.981144  3370
53.983676  6215
53.986128  3150
53.988061  3623
53.990553  3491
53.996071  3217
53.998383  2920
54.012670  3665
54.014783  3797
54.017075  2925
54.018708  2920
54.020341  4359
54.022753  4267
54.024346  3763
54.031123  4078
54.035775  3695
54.038287  3920
54.039980  3591
54.050951  3412
54.052664  3034
54.058828  5455
54.060441  5306
54.070131  5230
54.074036  5075
54.106304  4874
54.119539  6139
54.125497  5985
54.128149  5906
54.130022  4557
54.132174  5709
54.134386  5607
54.138745  4380
54.142491  5388
54.147455  4012
54.150107  5274
54.151800  4207
54.154412  3799
54.156005  4987
54.158397  4836
54.168480  3349
54.172585  3041
54.174238  2920
54.183568  3782
54.185601  3884
54.187733  3258
54.189426  4569
54.195663  3933
54.197875  4428
54.211409  2920
54.223805  3329
54.252440  3538
54.280590  3174
54.290039  2972
54.318777  4986
54.320870  4804
54.324582  4648
54.339610  4325
54.346266  4152
54.356449  3790
54.392915  3334
54.407482  4247
54.409675  4328
54.418402  4367
54.420834  4282
54.424740  3980
54.433470  3818
54.437775  3480
54.451529  3195
54.453642  2920
54.478072  3613
54.480245  3444
54.500248  3168
54.502161  2920
54.506626  2920
54.517608  3592
54.525986  3174
54.531864  2928
54.548245  2920
54.590694  3823
54.626152  3435
54.628744  3219
54.658040  3115
54.664258  2920
54.796028  4228
54.840757  2989
54.851679  3954
54.853791  3808
55.048114  3611
55.057922  2920
55.288825  3507
55.293110  3293
55.306624  3179
55.485572  2943
55.494666  2920
56.265473  2934
56.275676  2962
56.288610  2938
56.290403  2975
56.312287  2975
56.314400  3002
56.320997  2971
56.325442  2962
56.384119  2980
56.385852  2934
56.490729  2953
56.494874  2935
56.517859  2920
56.549646  2920
58.635733  2924
58.638345  2967
58.689103  3043
58.691755  3279
58.710652  2920
58.710652  3136
58.742928  3150
58.744941  3576
58.749785  3308
58.753790  3211
58.755843  3741
58.769476  3771
58.771649  4142
58.774161  3518
58.776334  3913
58.778586  3211
58.780619  3741
58.783251  4324
58.785244  4673
58.787656  3979
58.789309  4427
58.791581  3979
58.793214  4427
58.830358  2957
58.852626  4637
58.854359  5039
58.872397  3286
58.884497  3272
58.886250  3900
58.906000  4203
58.907793  4743
58.910345  4730
58.911958  3316
58.915189  5298
58.917741  3044
58.919714  4942
58.921687  3282
58.924159  5451
58.926771  5308
58.928964  5820
58.956232  5577
58.957805  6108
58.962130  5033
58.964482  5579
58.983006  3141
58.984719  3481
58.988964  4357
59.002398  3295
59.004331  3961
59.015872  3796
59.017585  4690
59.022289  5051
59.038110  3737
59.039723  4232
59.066076  5790
59.070861  6428
59.075693  6715
59.077746  5884
59.079499  6462
59.082191  6143
59.084384  6755
59.086956  7033
59.091201  7567
59.102243  7265
59.106575  6725
59.108688  7519
59.110401  7231
59.112553  6404
59.114406  8010
59.116618  6969
59.119050  7817
59.120883  8301
59.125088  8529
59.129033  8973
59.131385  7229
59.133218  7730
59.137902  7964
59.139995  8419
59.144460  8240
59.146333  8634
59.150938  9053
59.168996  3311
59.171428  3944
59.184803  9184
59.186516  9596
59.188948  9793
59.192714  3865
59.197079  4851
59.203476  4384
59.207281  5245
59.214018  5605
59.226293  7484
59.227866  7973
59.231037  8202
59.233130  3845
59.235063  4758
59.237575  9268
59.239388  3624
59.241882  4243
59.244294  4507
59.245967  8688
59.248499  10196
59.251071  10389
59.252804  10769
59.255336  9688
59.259960  9889
59.261913  10952
59.274568  10283
59.279072  8900
59.289994  10472
59.294239  10844
59.296831  11023
59.298904  8648
59.301436  8859
59.313372  4774
59.315265  5536
59.317917  5864
59.331340  4238
59.335265  4755
59.337817  4985
59.345848  5386
59.347981  6016
59.354918  4705
59.360416  5556
59.379187  9356
59.381679  9572
59.386930  9310
59.389582  9524
59.391775  11338
59.394387  11524
59.400325  11890
59.404530  12067
59.415233  9996
59.416806  10199
59.422397  9944
59.424589  10145
59.426582  10597
59.428854  10788
59.431047  11394
59.433599  12417
59.436091  11573
59.437704  12587
59.441190  12922
59.443742  13085
59.448905  11926
59.452850  12097
59.454603  12435
59.456975  12599
59.462893  12928
59.468157  13088
59.484003  4313
59.485756  4988
59.488388  5279
59.499171  13406
59.501663  13562
59.507441  5272
59.509454  6047
59.511966  6385
59.517884  5959
59.524461  6625
59.533810  6329
59.539448  10539
59.541321  10728
59.543633  5169
59.545905  5926
59.548377  5934
59.550969  6256
59.553162  4928
59.554835  5699
59.559147  11164
59.561859  11345
59.563832  13865
59.566084  11702
59.567957  14013
59.570529  14306
59.572701  14449
59.574754  14733
59.577106  13404
59.587878  13558
59.590270  13863
59.595294  14012
59.613386  14307
59.615798  14451
59.617491  11100
59.619883  11280
59.621696  14737
59.637210  6181
59.638843  6783
59.654290  5364
59.658635  6068
59.664353  6924
59.666805  7196
59.673422  7719
59.680419  6641
59.682152  6957
59.696605  11870
59.698238  12202
59.700870  11622
59.703222  11788
59.705215  14871
59.707128  15146
59.713525  15281
59.716057  15548
59.730705  12363
59.732898  6924
59.734891  12115
59.737183  12682
59.739475  12836
59.741148  12274
59.742901  13141
59.745133  14876
59.746926  15152
59.748519  15679
59.750991  15939
59.753443  16068
59.755775  6032
59.757708  16324
59.762752  15287
59.766638  15556
59.769250  15688
59.770843  15950
59.778260  16079
59.779993  16335
59.786510  5679
59.788503  6423
59.796673  16453
59.805463  16709
59.808135  6716
59.812280  7345
59.816665  7094
59.821070  7534
59.825415  7814
59.827168  8355
59.840641  6416
59.846439  12599
59.848871  12757
59.852896  6571
59.858048  7170
59.861973  6680
59.869056  6972
59.870809  13292
59.872862  13591
59.875494  16835
59.877267  17086
59.879619  13737
59.881432  14026
59.883884  17209
59.885497  7533
59.888029  17454
59.891060  16461
59.892813  17575
59.894746  16711
59.897318  17815
59.899870  16837
59.901823  17088
59.917630  17211
59.921616  17456
59.924288  13070
59.926840  17577
59.928853  13223
59.930466  17817
59.945233  7690
59.947745  7964
59.949678  8494
59.964825  7075
59.969037  7373
59.972903  7946
59.975295  7964
59.976868  8440
59.981872  8668
59.991735  9112
59.993428  7258
59.998731  7836
