# t(s) QueuingDelay(ms)
10.228089  0
10.238269  0
10.288476  1
10.297506  0
10.307677  1
10.328029  11
10.341044  7
10.355572  2
10.380701  17
10.382854  9
10.402487  12
10.404619  20
10.410717  17
10.417814  19
10.424411  30
10.437770  24
10.446660  27
10.448813  36
10.453797  46
10.457762  39
10.459935  50
10.466013  40
10.474843  54
10.476955  37
10.479467  38
10.483692  31
10.494155  54
10.555524  60
10.566646  70
10.571071  120
10.583327  158
10.585919  57
10.588311  37
10.606752  40
10.628156  61
10.650704  61
10.674108  103
10.690489  98
10.708049  111
10.732106  108
10.755411  145
10.776248  138
10.780453  170
10.782046  55
10.791055  171
10.802217  175
10.817285  203
10.821570  218
10.838810  210
10.851427  216
10.856074  171
10.860638  216
10.881704  68
10.886069  221
10.888281  266
10.891767  248
10.909147  254
10.916024  272
10.918097  309
10.928959  333
10.931112  301
10.937369  342
10.947831  351
10.949724  299
10.962320  298
10.982271  350
10.990262  98
10.998672  221
11.027948  233
11.042056  286
11.043709  132
11.062051  301
11.064683  357
11.068489  307
11.081464  356
11.087581  166
11.089354  323
11.098164  316
11.114833  328
11.116626  238
11.120871  331
11.138018  341
11.151441  350
11.158078  358
11.162403  256
11.167267  357
11.181376  350
11.186854  366
11.189945  279
11.200668  377
11.209698  353
11.211651  380
11.229211  357
11.238200  387
11.256942  399
11.272140  382
11.286309  384
11.288881  390
11.305087  287
11.314416  396
11.321927  404
11.328664  385
11.345744  414
11.357066  412
11.371035  432
11.373487  428
11.390887  476
11.398138  507
11.400490  416
11.407202  451
11.414428  421
11.425371  467
11.430076  527
11.434381  489
11.449149  290
11.473599  500
11.479222  312
11.483567  505
11.504892  512
11.513402  438
11.515375  526
11.527897  332
11.533936  529
11.540413  445
11.567515  537
11.572060  584
11.590743  596
11.597400  601
11.604058  369
11.606310  447
11.610735  563
11.630167  386
11.631800  553
11.639216  459
11.647467  619
11.656018  629
11.679835  463
11.688324  661
11.709509  554
11.711482  493
11.714014  427
11.729462  508
11.741004  521
11.744410  547
11.746962  663
11.748975  438
11.765975  536
11.768187  451
11.772093  667
11.789223  680
11.791136  541
11.808896  546
11.815493  556
11.818979  713
11.831394  571
11.833706  722
11.851286  578
11.855771  735
11.864081  572
11.876596  744
11.883014  581
11.892084  586
11.904999  748
11.911337  601
11.921190  759
11.928186  462
11.933190  590
11.937775  776
11.942180  613
11.958467  784
11.962153  481
11.963966  592
11.969073  620
11.973101  597
12.000166  600
12.009950  788
12.019219  639
12.027010  795
12.028943  624
12.041268  661
12.043920  801
12.056141  628
12.058334  670
12.076827  641
12.090282  789
12.094407  651
12.131631  487
12.137709  642
12.159632  533
12.173247  678
12.189795  548
12.197765  684
12.215944  731
12.219350  587
12.230772  754
12.256342  670
12.263159  773
12.264792  672
12.271629  794
12.282352  798
12.291862  591
12.295907  774
12.299852  670
12.305016  783
12.309361  593
12.317911  759
12.336564  864
12.347347  870
12.360109  873
12.370132  667
12.394949  664
12.399094  909
12.425583  885
12.478689  594
12.503679  680
12.549226  885
12.554370  694
12.585326  900
12.607590  701
12.611915  667
12.622577  926
12.630014  892
12.646495  628
12.662342  912
12.681734  947
12.691837  621
12.698295  708
12.721253  730
12.731716  780
12.749176  983
12.752981  773
12.778891  985
12.791786  1010
12.813690  986
12.815683  1017
12.820288  782
12.833370  1101
12.835083  1040
12.854275  1067
12.868703  1050
12.894543  1061
12.896496  789
12.900422  1078
12.913256  789
12.938593  737
13.012028  631
13.078815  1101
13.094003  1103
13.135594  1126
13.140121  636
13.148953  1148
13.154217  1126
13.179868  634
13.213198  1148
13.242814  1149
13.333286  632
13.432237  637
13.480262  534
13.490844  529
13.500126  570
13.504271  567
13.510160  501
13.544080  568
13.556041  569
13.559906  573
13.565984  503
13.575958  466
13.586087  457
13.596989  456
13.605400  450
13.655194  532
13.676310  530
13.678023  527
13.697265  456
13.712493  527
13.779224  459
13.796943  467
13.835538  534
13.837651  471
13.875042  581
13.879427  474
13.922543  477
13.932186  1
13.944872  4
13.971535  21
13.991326  502
14.015208  519
14.044349  543
14.054513  556
14.070549  575
14.097678  2
14.139073  66
14.142938  67
14.149735  530
14.160577  82
14.166735  108
14.206118  92
14.228841  22
14.230814  10
14.237791  79
14.247200  647
14.253098  683
14.262207  681
14.310802  14
14.330075  87
14.339085  150
14.367958  92
14.374915  547
14.385089  549
14.392980  154
14.404442  595
14.414985  33
14.424853  687
14.455007  694
14.457199  138
14.483288  154
14.497441  710
14.510156  90
14.537625  114
14.560120  162
14.575807  708
14.601178  709
14.629168  728
14.639990  181
14.652246  184
14.673696  596
14.683819  191
14.737517  207
14.763966  45
14.799613  658
14.819226  666
14.849561  52
14.864369  119
14.878936  134
14.881029  129
14.925078  41
14.926831  175
14.950887  198
14.968227  181
14.999635  184
15.017888  685
15.034215  756
15.065268  759
15.069453  161
15.107100  191
15.131197  196
15.172501  214
15.176027  251
15.184860  712
15.205851  256
15.220959  83
15.242394  187
15.261347  729
15.265452  294
15.280619  736
15.292028  714
15.296553  724
15.310247  234
15.323122  793
15.329720  811
15.351904  238
15.372630  212
15.400953  245
15.405418  743
15.473345  812
15.478744  260
15.493920  280
15.541796  292
15.548533  291
15.590746  293
15.598776  6
15.600849  674
15.621280  307
15.640063  683
15.685783  710
15.736739  153
15.754240  221
15.783680  229
15.794462  222
15.806638  244
15.818994  261
15.838886  296
15.867769  303
15.870421  760
15.888819  297
15.919435  327
15.929798  91
15.957705  297
15.961530  777
15.999296  299
16.042144  115
16.062821  41
16.123799  359
16.151682  370
16.183811  372
16.196691  383
16.207854  309
16.226787  402
16.229359  820
16.240381  7
16.251883  912
16.253656  414
16.257841  338
16.275429  17
16.281527  417
16.301659  916
16.312682  920
16.319199  327
16.335519  933
16.404989  352
16.406602  412
16.422903  839
16.429140  381
16.464784  441
16.472038  30
16.487704  923
16.509990  110
16.554742  388
16.581555  757
16.681754  250
16.683847  775
16.691578  789
16.736759  392
16.809090  332
16.810823  257
16.835833  386
16.875378  350
16.898815  111
16.935375  203
16.949691  477
16.973660  831
16.981810  456
16.984382  121
17.020937  124
17.039299  450
17.060308  237
17.145967  535
17.178252  316
17.198706  573
17.227900  404
17.271763  443
17.286415  116
17.295804  507
17.298236  181
17.305952  535
17.342200  50
17.370766  433
17.390936  940
17.425040  462
17.430678  465
17.452485  550
17.482903  941
17.494155  143
17.508148  950
17.541058  153
17.570563  968
17.646414  887
17.690291  972
17.709603  369
17.714966  915
17.746343  468
17.755871  192
17.758563  411
17.817239  367
17.834606  466
17.906741  180
17.931061  44
17.950585  41
17.962306  179
18.064132  867
18.071348  323
18.086540  367
18.129757  412
18.176539  414
18.188479  479
18.212823  414
18.220259  467
18.224704  467
18.226896  464
18.264409  465
18.267021  463
18.294411  462
18.298416  463
18.331519  463
18.333851  195
18.349182  465
18.361601  465
18.366505  462
18.380063  101
18.388482  190
18.407039  981
18.429027  465
18.435064  465
18.439349  465
18.449956  116
18.457132  462
18.459764  992
18.473889  180
18.476301  180
18.480386  465
18.484591  467
18.498624  182
18.509946  218
18.516303  992
18.524278  466
18.535044  463
18.541621  188
18.558805  461
18.574750  987
18.587101  465
18.608857  219
18.631145  215
18.661639  466
18.666743  464
18.684567  128
18.689671  917
18.692043  165
18.753755  465
18.793674  414
18.802224  214
18.808466  410
18.811617  460
18.816002  359
18.825929  913
18.833605  454
18.836117  402
18.843413  459
18.858505  8
18.863629  360
18.887609  456
18.903854  364
18.906306  462
18.910411  175
18.913123  456
18.915934  364
18.924384  459
18.929108  458
18.931640  6
18.947965  455
18.950417  6
18.952809  401
18.956040  362
18.962757  172
18.967122  361
18.974118  169
18.977349  356
18.980735  399
18.983007  450
18.987911  355
18.993749  398
18.998340  167
19.018870  355
19.020443  354
19.036234  400
19.040079  355
19.053453  398
19.055985  398
19.057678  875
19.070916  311
19.077593  456
19.081798  455
19.083431  356
19.085963  402
19.088555  309
19.095611  303
19.101569  394
19.103961  301
19.108375  351
19.110108  350
19.116665  349
19.122028  448
19.129763  448
19.151999  349
19.182082  451
19.186886  449
19.189318  394
19.209228  396
19.219056  448
19.220649  449
19.222342  450
19.260723  459
19.272025  454
19.288239  456
19.307710  463
19.310282  448
19.316120  451
19.321703  355
19.323396  461
19.339047  189
19.342517  461
19.359610  190
19.361383  463
19.366314  190
19.394096  189
19.398001  189
19.399634  458
19.405117  459
19.413951  462
19.416483  987
19.418915  458
19.424038  452
19.429661  452
19.436278  454
19.437911  168
19.440123  451
19.444208  203
19.446660  451
19.452023  450
19.472567  168
19.474140  449
19.477191  448
19.481835  451
19.484267  161
19.485880  159
19.489071  445
19.491343  171
19.496287  195
19.505903  171
19.508295  173
19.511721  442
19.514812  171
19.518957  171
19.522627  442
19.534947  169
19.544696  441
19.556596  441
19.560681  971
19.574059  444
19.579198  439
19.580831  429
19.583523  184
19.586374  433
19.602643  432
19.604296  182
19.626723  181
19.630928  429
19.636012  130
19.637765  429
19.640696  130
19.663463  129
19.668407  425
19.695542  117
19.701980  111
19.706904  411
19.708557  409
19.715114  134
19.734214  407
19.740791  132
19.743103  354
19.746334  132
19.754157  160
19.765298  309
19.771196  303
19.777745  863
19.780097  407
19.782509  404
19.789685  404
19.792217  401
19.802265  350
19.808629  0
19.833563  307
19.848654  308
19.850487  401
19.855930  406
19.861653  123
19.869229  406
19.871921  309
19.874273  403
19.883232  1
19.885804  1
19.891327  122
19.901095  2
19.905100  309
19.907931  0
19.909804  119
19.913969  307
19.915542  112
19.917754  300
19.928796  400
19.930589  349
19.936087  347
19.937940  111
19.940492  342
19.942265  339
19.944897  106
19.947289  389
19.948862  292
19.954480  291
19.969427  337
19.971100  291
19.975325  326
19.978516  897
20.002500  383
20.005711  328
20.009976  287
20.015020  318
20.018670  270
20.020363  270
20.021936  312
20.023629  267
20.030306  366
20.035310  364
20.038541  362
20.041352  266
20.043504  362
20.046176  262
20.050841  261
20.069245  304
20.070998  346
20.078973  294
20.084951  345
20.086959  292
20.094035  334
20.096547  332
20.105680  324
20.140556  322
20.163944  316
20.166576  314
20.169248  310
20.171540  29
20.177549  216
20.179282  25
20.196740  40
20.199432  37
20.204676  36
20.206609  36
20.208961  33
20.211932  308
20.214404  31
20.218030  290
20.220442  41
20.227363  16
20.244887  289
20.246405  814
20.259759  0
20.264743  29
20.285210  0
20.289774  2
20.339267  764
20.361377  0
20.398506  0
20.410326  68
20.509564  104
20.521232  654
20.525517  98
20.531147  85
20.534258  0
20.538043  85
20.555876  83
20.563731  75
20.565604  73
20.571985  66
20.573578  62
20.592714  47
20.603461  46
20.613489  41
20.618533  30
20.620845  30
20.630412  624
20.644784  28
20.652754  7
20.680835  0
20.695602  476
20.734745  0
20.737097  473
20.803090  449
20.877943  0
20.898000  0
20.919490  453
20.926447  0
20.942672  332
20.944685  0
20.960797  0
20.984938  0
21.015244  359
21.029286  0
21.049871  0
21.136285  306
21.210902  0
21.213414  1
21.227333  292
21.229446  1
21.301458  0
21.306422  2
21.311326  2
21.327490  286
21.332335  284
21.456342  3
21.458514  23
21.465771  0
21.472149  20
21.478567  247
21.480680  26
21.482873  35
21.528217  7
21.546300  43
21.561987  44
21.582777  46
21.599117  46
21.614783  33
21.641572  35
21.650801  5
21.656025  76
21.671416  77
21.685229  76
21.692105  75
21.696130  74
21.717279  298
21.741460  302
21.801778  357
21.804470  45
21.836029  39
21.840254  74
21.841867  55
21.845872  79
21.848184  65
21.858260  71
21.863184  308
21.874247  324
21.881418  68
21.885763  65
21.893673  48
21.913348  48
21.915640  55
21.930427  53
21.932580  67
21.935192  75
21.943162  76
21.987982  324
22.014510  66
22.044534  76
22.080316  79
22.100705  360
22.108685  363
22.115242  363
22.126024  361
22.214077  57
22.268713  76
22.270306  120
22.275110  71
22.278935  115
22.280648  75
22.287165  114
22.293383  111
22.362856  75
22.393571  130
22.423306  340
22.452238  81
22.467565  363
22.521963  74
22.525429  78
22.568721  372
22.572566  85
22.577770  105
22.582880  175
22.594880  396
22.602691  77
22.612126  460
22.693368  61
22.725719  87
22.792287  117
22.800003  167
22.812199  172
22.820589  202
22.822242  377
22.838914  214
22.855799  223
22.857912  189
22.909822  128
22.929754  136
22.945421  132
22.993995  368
23.000552  162
23.032980  434
23.063634  223
23.065707  407
23.096461  168
23.098274  217
23.102040  176
23.107518  178
23.110210  234
23.121072  74
23.165998  479
23.179559  525
23.191460  274
23.204015  276
23.216391  85
23.223448  467
23.231918  584
23.267496  172
23.271721  305
23.273634  339
23.291432  243
23.295797  74
23.376132  592
23.382329  178
23.391158  54
23.393750  157
23.395343  94
23.448263  245
23.459445  247
23.470127  254
23.472120  561
23.476445  281
23.480850  274
23.485155  344
23.520082  351
23.614914  254
23.649807  256
23.676229  459
23.721745  586
23.730691  540
23.744445  332
23.751022  364
23.768562  594
23.813512  276
23.829519  345
23.836416  291
23.844966  78
23.875101  179
23.879526  270
23.881459  296
23.900631  641
23.903059  684
23.909596  412
23.911769  300
23.913402  432
23.930842  694
23.938493  308
23.947183  410
23.972992  548
23.979330  632
23.990956  718
24.024066  339
24.048143  339
24.054820  89
24.145999  725
24.156541  347
24.173905  183
24.179583  325
24.182095  182
24.207733  425
24.217023  327
24.218756  331
24.246996  353
24.286377  394
24.290862  404
24.297919  446
24.299812  364
24.301865  495
24.313368  454
24.367149  497
24.447494  373
24.466208  398
24.503538  373
24.585869  665
24.619630  717
24.651404  682
24.685670  503
24.698985  397
24.711959  533
24.722821  731
24.772487  405
24.781157  496
24.783190  432
24.844753  922
24.846466  446
24.852724  398
24.885111  939
24.887803  446
24.895574  491
24.902131  730
24.906716  634
24.923336  518
24.935959  453
24.953480  744
24.960717  459
24.974954  933
24.989961  502
24.995005  661
25.018087  668
25.034268  171
25.079718  509
25.092333  449
25.102481  447
25.113523  940
25.119381  475
25.126298  649
25.127037  656
25.130352  946
25.146778  722
25.196410  650
25.225154  446
25.246064  527
25.270042  502
25.275960  511
25.280005  634
25.283571  666
25.298971  673
25.306787  658
25.315057  941
25.316670  648
25.323787  644
25.338575  621
25.352172  538
25.400066  628
25.446820  553
25.588199  886
25.625431  945
25.653673  903
25.709203  641
25.716400  643
25.718233  968
25.807482  648
25.822973  663
25.840685  672
25.845310  694
25.854279  958
25.859523  628
25.876543  983
25.919460  692
25.985410  969
26.048773  319
26.148103  972
26.189145  658
26.239937  679
26.293682  660
26.296988  691
26.304803  694
26.312719  700
26.330243  993
26.337979  700
26.354963  973
26.363233  700
26.414331  704
26.452808  693
26.461832  692
26.598546  983
26.697349  705
26.789118  462
26.797101  685
26.822904  640
26.833846  698
26.871863  698
26.875868  871
26.914283  693
26.919327  693
26.926683  976
26.931067  698
26.955331  983
27.022566  689
27.070671  439
27.133681  661
27.139139  696
27.142130  703
27.157749  996
27.213119  675
27.234281  479
27.253218  700
27.302629  685
27.307393  685
27.309186  692
27.311858  689
27.314150  689
27.320607  978
27.322600  977
27.330136  688
27.339679  687
27.355637  978
27.357909  687
27.439409  691
27.590108  974
27.644717  688
27.759803  655
27.782081  665
27.784178  662
27.786530  650
27.788383  648
27.816935  849
27.830652  924
27.838328  912
27.842133  612
27.852361  902
27.861717  612
27.875311  896
27.877024  895
27.883646  892
27.919207  561
27.939582  557
27.946379  771
27.950224  857
27.954889  542
27.965640  541
27.968112  533
27.969725  530
27.989500  817
28.037529  496
28.044533  512
28.064863  506
28.067155  506
28.071165  500
28.081946  783
28.095399  480
28.105127  770
28.114336  479
28.116269  478
28.132853  470
28.134446  490
28.138631  763
28.212342  464
28.279160  460
28.318187  461
28.354400  743
28.380560  430
28.394653  441
28.398658  439
28.416222  440
28.500312  428
28.528788  434
28.540249  435
28.560380  654
28.567583  722
28.569596  716
28.571968  407
28.576952  690
28.584687  685
28.656501  409
28.659033  623
28.663937  391
28.665610  692
28.693825  689
28.728807  364
28.735284  377
28.736957  363
28.753063  381
28.787021  378
28.806555  385
28.810880  383
28.834744  680
28.839169  388
28.965972  378
28.986854  664
29.000808  377
29.014421  657
29.026582  643
29.041929  338
29.052571  332
29.061707  335
29.092005  301
29.106058  282
29.123224  278
29.129949  281
29.149346  499
29.151319  496
29.153951  569
29.156243  569
29.158555  277
29.160308  560
29.169625  258
29.208229  283
29.264243  282
29.321348  261
29.322961  274
29.342873  278
29.366004  265
29.372741  267
29.383104  266
29.396462  263
29.399808  252
29.404292  547
29.417680  224
29.425136  517
29.434665  171
29.449358  172
29.460460  465
29.462752  157
29.468770  426
29.477140  118
29.492168  121
29.509968  109
29.522228  102
29.540866  100
29.560998  320
29.562591  394
29.564464  392
29.576465  387
29.580890  97
29.591100  81
29.599650  386
29.622632  114
29.627536  113
29.654743  94
29.658049  92
29.667677  84
29.670983  387
29.713724  76
29.717889  67
29.728955  49
29.733540  51
29.743782  52
29.746254  51
29.749580  50
29.752591  334
29.754244  51
29.760411  339
29.769328  47
29.782821  21
29.807526  50
29.814063  338
29.817054  50
29.843882  47
29.845595  40
29.868762  48
29.878185  46
29.890245  47
29.904598  47
29.911555  47
29.915760  335
29.920784  263
29.933919  332
29.938644  46
29.949966  42
29.954331  331
29.958736  25
30.035056  49
30.130074  54
30.187469  60
30.219516  69
30.241801  60
30.289142  67
30.290975  47
30.309528  354
30.323293  70
30.399628  51
30.406739  70
30.437736  87
30.449197  94
30.456674  360
30.507806  57
30.521993  65
30.532376  65
30.546884  350
30.549596  52
30.562031  110
30.564104  72
30.603792  100
30.613261  103
30.620592  68
30.623024  339
30.635879  378
30.659696  57
30.677942  109
30.704930  76
30.717285  116
30.727168  86
30.734663  116
30.736915  117
30.740840  400
30.750715  88
30.758311  122
30.761837  359
30.774218  375
30.795283  103
30.802779  110
30.807603  385
30.834530  112
30.839729  112
30.841981  121
30.857786  123
30.875405  122
30.896994  405
30.906563  414
30.949551  127
30.960113  123
30.978638  123
30.985854  124
30.987927  126
30.990619  110
30.992592  415
31.001409  391
31.015502  114
31.037536  51
31.042360  90
31.097906  385
31.102331  131
31.108449  417
31.130347  58
31.137898  114
31.156529  92
31.207509  159
31.223175  62
31.243956  163
31.248221  128
31.255477  300
31.262573  410
31.264666  108
31.272106  173
31.273779  406
31.275732  324
31.295775  413
31.317818  125
31.332231  431
31.342940  134
31.354582  83
31.368836  132
31.411532  179
31.419842  199
31.421475  108
31.436342  453
31.478938  168
31.499995  132
31.509778  418
31.517294  345
31.524310  212
31.539361  159
31.541094  218
31.543426  130
31.551956  487
31.556701  493
31.565690  141
31.586635  125
31.601043  205
31.614266  220
31.626002  458
31.636194  170
31.648794  507
31.658518  222
31.671413  223
31.692638  167
31.730000  190
31.775333  236
31.783628  199
31.785741  222
31.792558  216
31.794331  105
31.804454  125
31.809418  422
31.836326  492
31.843962  497
31.867678  212
31.871268  234
31.876656  216
31.878449  499
31.884307  517
31.897086  232
31.899558  131
31.904622  108
31.918955  229
31.960329  169
31.962621  227
31.981538  517
32.003523  227
32.007589  184
32.018491  222
32.070152  228
32.072524  230
32.082907  232
32.097474  523
32.099746  515
32.105045  196
32.125516  125
32.139525  227
32.143690  224
32.159473  510
32.180538  232
32.184643  211
32.196324  525
32.238535  234
32.263711  442
32.365823  248
32.374313  199
32.420138  518
32.467765  237
32.476894  209
32.504109  210
32.527186  218
32.549570  532
32.568962  227
32.585488  232
32.620554  240
32.637920  231
32.644138  237
32.651175  236
32.659605  538
32.661458  211
32.669828  539
32.675766  238
32.683137  254
32.692805  242
32.742190  213
32.746255  235
32.748368  526
32.761483  546
32.764554  249
32.782074  245
32.787773  249
32.845910  247
32.881418  247
32.909165  251
32.934041  242
32.939719  227
32.950848  457
32.959837  225
32.961490  246
32.963403  528
32.967408  530
32.988625  238
32.995781  525
32.997614  233
33.034843  232
33.057405  239
33.059098  235
33.072946  237
33.076771  223
33.100157  539
33.121902  232
33.126607  238
33.149664  473
33.193295  244
33.207723  532
33.214920  220
33.218885  242
33.256971  220
33.274905  525
33.289733  219
33.309224  532
33.324151  531
33.349187  239
33.355685  237
33.454199  235
33.460238  524
33.472179  233
33.478876  233
33.482802  226
33.488940  447
33.503799  515
33.508324  514
33.515081  216
33.521898  214
33.523751  501
33.550564  227
33.580328  217
33.616814  243
33.623192  240
33.702574  241
33.746809  245
33.757531  242
33.813886  215
33.833148  230
33.843176  226
33.851066  525
33.872531  226
33.874704  523
33.893577  241
33.957937  233
33.977909  234
33.999381  227
34.005758  522
34.014308  217
34.016580  219
34.020745  218
34.027642  444
34.029795  207
34.061226  233
34.068481  516
34.167087  233
34.188472  222
34.197362  522
34.244101  233
34.250798  521
34.271768  229
34.285290  230
34.287802  225
34.293940  226
34.303018  206
34.330845  517
34.376818  237
34.415520  523
34.436601  228
34.491660  229
34.498118  228
34.540180  229
34.570472  213
34.581654  515
34.584126  222
34.585739  525
34.596146  526
34.626180  227
34.671007  519
34.680316  520
34.737632  238
34.819652  223
34.826509  239
34.837211  452
34.852483  453
34.854915  228
34.863245  231
34.870741  230
34.890921  533
34.896564  522
34.898836  269
34.900489  209
34.902901  242
34.906931  538
34.916060  229
34.969606  531
34.971319  266
34.973491  555
34.995554  254
35.002950  229
35.074400  231
35.078365  259
35.090105  263
35.100887  271
35.130275  270
35.138730  556
35.142715  249
35.147040  268
35.152344  246
35.155974  273
35.165104  556
35.167396  462
35.176885  489
35.181769  262
35.202366  255
35.231905  537
35.265559  225
35.288896  245
35.294763  240
35.303053  261
35.305485  258
35.310436  256
35.314721  252
35.315460  251
35.325303  240
35.337303  252
35.356519  239
35.363356  231
35.367980  236
35.380700  249
35.385564  249
35.389410  462
35.392082  460
35.400752  459
35.403444  457
35.411754  233
35.413567  243
35.415185  229
35.425417  234
35.427150  211
35.430141  526
35.436606  205
35.438998  509
35.444362  228
35.450100  223
35.475954  206
35.489063  234
35.507085  221
35.511889  527
35.521477  518
35.530965  227
35.534750  226
35.536503  221
35.541334  227
35.561951  228
35.569582  221
35.759265  251
35.833456  235
35.834974  234
35.842924  232
35.844717  224
35.847329  221
35.862061  216
35.883210  217
35.887175  211
35.891460  214
35.904815  219
35.932230  442
35.980730  228
36.003833  201
36.034486  208
36.036479  508
36.042397  505
36.062469  220
36.066953  216
36.071178  215
36.076242  205
36.080387  202
36.086285  195
36.103284  410
36.251238  212
36.285500  225
36.333740  505
36.393473  228
36.398218  229
36.414072  214
36.418497  215
36.424415  211
36.441415  426
36.443068  423
36.471216  202
36.472969  205
36.478113  483
36.479826  175
36.486743  201
36.496472  201
36.508967  178
36.533677  175
36.541253  184
36.543625  488
36.550143  489
36.573728  196
36.587543  201
36.596753  201
36.646916  180
36.664154  154
36.680260  181
36.705212  182
36.753277  477
36.757243  475
36.773909  178
36.797296  180
36.816054  459
36.822172  456
36.861774  163
36.869091  164
36.876202  166
36.880467  154
36.887598  163
36.914725  386
36.926386  162
36.949109  174
36.951082  465
36.953714  173
36.959412  454
36.965370  172
36.971827  147
36.996063  160
37.013002  149
37.017247  457
37.027489  457
37.034107  153
37.038112  161
37.045109  454
37.049234  156
37.058344  161
37.067154  161
37.071439  162
37.116949  382
37.144497  145
37.173158  159
37.179995  160
37.193589  155
37.195282  159
37.203058  158
37.212128  449
37.213881  153
37.220218  444
37.228549  370
37.243696  153
37.260925  152
37.282255  440
37.328931  147
37.341213  158
37.344918  144
37.349803  152
37.465043  178
37.616685  155
37.697004  174
37.745369  468
37.758045  154
37.795217  442
37.849883  161
37.863836  178
37.874838  189
37.898136  159
37.902181  375
37.913123  179
37.953221  470
37.954814  186
37.957226  459
37.974111  198
37.995455  207
38.012556  167
38.018554  471
38.022739  475
38.036054  180
38.049118  157
38.051550  482
38.058107  191
38.119606  196
38.147648  149
38.162435  178
38.183959  477
38.202157  210
38.216469  181
38.225865  175
38.235238  220
38.249685  494
38.258595  192
38.263639  204
38.284310  189
38.295552  191
38.297325  180
38.330443  487
38.358372  191
38.383248  204
38.392977  205
38.411969  192
38.414581  410
38.425663  207
38.430902  177
38.458242  489
38.475002  205
38.482864  492
38.485436  191
38.525264  192
38.536765  155
38.538518  176
38.545235  496
38.568120  191
38.594204  203
38.634027  411
38.640085  205
38.662034  178
38.680392  200
38.732628  212
38.741617  207
38.752047  499
38.771662  206
38.807334  212
38.830749  205
38.880228  423
38.907655  208
38.911660  209
38.932304  209
38.950246  213
38.957662  215
38.965078  196
38.969363  187
38.999118  193
39.002884  218
39.007788  220
39.020283  498
39.027720  222
39.038148  183
39.047696  196
39.057944  202
39.060636  504
39.063088  189
39.069226  202
39.071938  505
39.087325  203
39.091810  206
39.094482  506
39.198987  203
39.254927  208
39.264675  188
39.270972  497
39.291846  495
39.299102  191
39.301554  486
39.307392  189
39.319791  189
39.331580  189
39.334232  410
39.346093  476
39.356235  475
39.362812  169
39.380570  179
39.411597  190
39.432006  195
39.438443  409
39.459813  181
39.466470  184
39.482883  480
39.493755  181
39.503183  466
39.505276  472
39.521083  181
39.527701  158
39.543407  468
39.547272  156
39.551497  174
39.555802  464
39.570210  166
39.575174  463
39.600437  173
39.604442  172
39.682085  172
39.742658  183
39.791915  180
39.832703  409
39.834616  409
39.907738  186
39.979344  178
39.983589  177
39.990167  459
39.998417  456
40.003381  175
40.007406  149
40.020780  460
40.026183  150
40.030228  168
40.057220  463
40.070115  167
40.096171  174
40.201331  169
40.221961  175
40.256432  463
40.275534  460
40.287242  455
40.291247  159
40.306514  382
40.320008  447
40.325866  442
40.333182  135
40.349329  142
40.367587  150
40.390548  369
40.406894  142
40.411259  146
40.417577  150
40.419630  127
40.427600  141
40.431505  141
40.437583  423
40.439316  429
40.459588  121
40.461740  120
40.470470  432
40.474995  119
40.479680  139
40.481653  142
40.503686  135
40.559800  135
40.641445  416
40.656592  130
40.678499  130
40.684556  113
40.686249  420
40.696751  424
40.711099  120
40.712912  413
40.722101  120
40.724234  417
40.749924  405
40.782038  109
40.801230  122
40.807475  125
40.818597  339
40.829379  108
40.842454  108
40.851444  394
40.855829  389
40.860374  103
40.864579  386
40.868724  78
40.882887  395
40.887212  85
40.891737  102
40.898494  392
40.915441  93
40.919926  391
40.966908  106
41.012269  323
41.030253  107
41.082752  119
41.084365  116
41.100785  89
41.113464  99
41.149923  107
41.178286  100
41.278380  394
41.287430  110
41.303916  91
41.323489  107
41.346054  109
41.362161  96
41.533201  97
41.540417  87
41.544822  108
41.553093  90
41.557318  112
41.558931  112
41.569658  100
41.587497  115
41.595687  108
41.597660  123
41.623189  109
41.632059  113
41.646852  117
41.661140  102
41.696659  328
41.703018  111
41.723443  117
41.728367  116
41.733132  139
41.737157  120
41.743335  142
41.758302  95
41.767012  92
41.780247  131
41.784492  124
41.803285  146
41.812115  137
41.816480  107
41.848846  108
41.879934  117
41.904788  335
41.975604  116
41.997327  130
42.014527  127
42.016786  123
42.029760  120
42.039169  129
42.042615  148
42.064290  148
42.071441  144
42.075486  140
42.082603  141
42.085075  364
42.110517  138
42.129030  142
42.138998  119
42.142724  140
42.152480  128
42.191705  147
42.198463  151
42.205340  149
42.207313  162
42.218715  167
42.220708  165
42.238565  135
42.248114  136
42.254411  148
42.256524  116
42.260809  155
42.264874  139
42.284147  160
42.292557  157
42.346766  136
42.372576  156
42.397490  120
42.408772  124
42.474823  155
42.512977  147
42.532817  143
42.541916  149
42.544508  136
42.570991  170
42.572584  160
42.587111  170
42.594587  170
42.601404  192
42.603656  159
42.607562  133
42.649279  140
42.651372  192
42.683745  164
42.692196  167
42.713700  168
42.724163  201
42.733152  205
42.737877  168
42.748040  134
42.750372  212
42.755037  150
42.764127  204
42.766419  189
42.783659  142
42.788364  164
42.790457  213
42.801379  203
42.807657  213
42.822311  205
42.876268  166
42.880594  166
42.903218  174
42.909295  196
42.937617  164
42.953125  130
42.969415  192
42.985418  213
43.000883  173
43.040965  208
43.058693  206
43.066923  210
43.074206  175
43.075979  196
43.081917  212
43.088954  199
43.100176  214
43.130551  201
43.134596  172
43.138881  213
43.143186  214
43.149783  207
43.182309  214
43.187573  202
43.201785  213
43.219504  207
43.228214  209
43.266499  220
43.268612  148
43.280348  218
43.302452  202
43.310088  220
43.314952  185
43.319457  213
43.325864  217
43.328356  213
43.348626  213
43.377607  205
43.406512  208
43.468302  185
43.477491  150
43.496396  215
43.577047  221
43.626744  200
43.635179  200
43.646924  208
43.654480  215
43.659644  216
43.666360  210
43.668053  187
43.670305  218
43.696066  214
43.702703  218
43.706515  219
43.715824  190
43.722401  224
43.741937  205
43.760096  233
43.795087  222
43.797519  217
43.832163  206
43.834775  235
43.837347  208
43.842651  225
43.852267  226
43.857291  198
43.873157  219
43.893052  231
43.962270  230
43.974465  209
43.989544  217
44.022039  209
44.029815  239
44.050731  219
44.101979  231
44.122709  228
44.125321  232
44.134770  219
44.139574  228
44.159051  235
44.173364  212
44.175776  213
44.186997  219
44.195092  232
44.199826  212
44.236785  222
44.255402  198
44.261859  224
44.270708  208
44.284289  226
44.286282  225
44.296654  227
44.310247  224
44.324360  232
44.336041  223
44.338673  197
44.341365  223
44.351114  222
44.353506  201
44.365906  224
44.367284  223
44.369876  219
44.374800  214
44.380004  189
44.384769  202
44.388894  212
44.391286  205
44.392899  182
44.405294  199
44.429154  204
44.460790  205
44.490035  192
44.519054  168
44.527624  197
44.529816  195
44.539639  190
44.569542  174
44.603442  189
44.628744  198
44.638832  194
44.647982  200
44.654858  198
44.664367  197
44.667079  184
44.671084  196
44.676487  180
44.678639  188
44.690520  174
44.692193  179
44.694825  176
44.699470  150
44.717748  178
44.743827  174
44.745999  173
44.753435  160
44.765077  169
44.768883  159
44.778019  166
44.779752  165
44.782404  159
44.794470  154
44.808285  163
44.810178  140
44.813049  156
44.815561  135
44.820106  159
44.822418  134
44.824431  156
44.829335  151
44.833560  151
44.837685  126
44.844182  138
44.851226  144
44.888911  150
44.919883  144
44.941213  126
44.969114  113
44.978323  139
44.992584  142
45.008510  108
45.042155  126
45.062805  129
45.074186  125
45.081702  126
45.085228  122
45.087440  115
45.097463  109
45.109304  120
45.120805  85
45.167133  95
45.178974  97
45.187124  99
45.192228  97
45.223133  80
45.229890  85
45.232442  107
45.242110  100
45.246355  75
45.251040  85
45.256224  92
45.276894  97
45.290543  92
45.323689  95
45.332339  93
45.336424  76
45.366978  59
45.379458  91
45.388527  83
45.395125  55
45.410192  60
45.431136  76
45.444809  77
45.465754  70
45.467886  70
45.475877  57
45.487543  70
45.503688  73
45.507533  48
45.513011  46
45.548192  60
45.558795  67
45.569697  64
45.574042  63
45.578207  80
45.593654  52
45.607009  51
45.613227  77
45.617972  55
45.619925  77
45.624490  45
45.711136  72
45.733520  60
45.762597  73
45.841641  81
45.869328  76
45.989593  62
46.050685  82
46.118375  63
46.125432  47
46.130711  71
46.150103  73
46.158873  52
46.182051  51
46.202003  63
46.253503  86
46.259980  60
46.278634  79
46.286609  80
46.288282  80
46.304328  80
46.328804  52
46.335002  62
46.372258  80
46.400326  72
46.419119  80
46.425137  80
46.441417  67
46.445922  55
46.452220  73
46.462542  71
46.466567  77
46.479982  92
46.488432  89
46.541885  93
46.545791  80
46.555280  105
46.585456  75
46.624466  79
46.628831  65
46.632696  94
46.636741  118
46.667076  90
46.671301  99
46.684196  90
46.685909  110
46.699532  106
46.703698  80
46.723510  117
46.734632  103
46.739257  109
46.768239  86
46.803538  94
46.839718  106
46.854465  81
46.858350  104
46.881471  95
46.887815  108
46.899911  94
46.913485  102
46.919430  83
46.923615  89
46.930433  104
46.943288  116
46.966371  120
46.971076  110
47.024024  114
47.025817  134
47.037459  138
47.050253  142
47.055118  103
47.071444  92
47.116997  98
47.119669  93
47.124174  123
47.142100  119
47.175825  118
47.195716  117
47.203807  124
47.212177  125
47.219548  165
47.227203  122
47.236472  132
47.253492  106
47.265368  128
47.288885  146
47.295083  153
47.321711  147
47.324957  133
47.348634  116
47.352879  137
47.354792  118
47.367415  150
47.381563  147
47.395879  154
47.399345  154
47.401777  177
47.412478  140
47.416983  137
47.421168  126
47.435421  143
47.451642  157
47.455867  125
47.473826  178
47.523768  167
47.525801  164
47.534291  112
47.541068  167
47.557729  148
47.563926  177
47.578334  141
47.606456  181
47.616988  158
47.631001  158
47.650913  162
47.658010  166
47.659723  171
47.661336  177
47.675210  163
47.676843  182
47.713374  175
47.715726  179
47.744260  193
47.751691  179
47.770244  150
47.790734  166
47.806240  172
47.814810  164
47.838407  183
47.844964  179
47.875746  178
47.877459  192
47.888701  173
47.894819  186
47.914059  164
47.918004  195
47.941223  187
47.942976  168
47.954878  164
47.957090  177
47.963028  189
47.970045  192
47.974450  192
47.997963  202
48.041900  187
48.044072  191
48.079771  189
48.088581  187
48.090734  180
48.101735  181
48.125432  202
48.138567  168
48.155596  190
48.184756  191
48.186669  183
48.193865  182
48.220740  193
48.255592  201
48.267012  207
48.275442  205
48.290115  208
48.301044  209
48.346311  195
48.386573  193
48.422235  190
48.426740  195
48.438022  201
48.442826  202
48.448245  200
48.461680  208
48.471650  197
48.484705  211
48.493614  186
48.498299  215
48.505695  189
48.507328  205
48.513905  197
48.534336  212
48.545937  233
48.554786  200
48.598439  230
48.609601  230
48.656401  206
48.660686  205
48.674660  241
48.695110  170
48.700828  212
48.705412  200
48.720958  222
48.742657  223
48.757733  225
48.762897  213
48.769714  228
48.806915  233
48.838731  226
48.843456  238
48.857736  230
48.862561  244
48.865233  212
48.900704  230
48.934880  214
48.974854  241
48.982465  181
48.989142  236
49.004314  250
49.010261  239
49.047160  200
49.055874  245
49.062551  216
49.071853  230
49.074025  239
49.082275  244
49.098804  240
49.147256  242
49.169624  185
49.204252  238
49.209156  214
49.214819  238
49.236208  246
49.259749  224
49.284029  219
49.289927  243
49.292319  229
49.305538  240
49.307271  232
49.318939  233
49.342979  227
49.350375  227
49.364627  231
49.372797  178
49.377421  226
49.382265  226
49.401621  200
49.412303  198
49.433587  175
49.435320  183
49.448095  221
49.450467  164
49.464495  193
49.469199  175
49.497481  211
49.508507  158
49.522884  220
49.528127  219
49.548481  234
49.550813  230
49.568017  227
49.595938  235
49.619359  230
49.655405  228
49.707213  170
49.724022  168
49.731478  174
49.733451  218
49.767696  223
49.785870  183
49.803569  225
49.807654  223
49.815350  174
49.822047  229
49.828944  226
49.842757  214
49.866274  214
49.873790  213
49.889243  216
49.896340  211
49.897953  158
49.900106  158
49.911248  204
49.912646  205
49.914219  176
49.919802  171
49.938654  145
49.949895  152
49.967659  167
49.972123  146
49.973776  166
49.991774  173
50.006853  186
50.017082  175
50.043678  125
50.045890  123
50.047843  171
50.052355  165
50.054747  148
50.059072  163
50.063841  126
50.074930  174
50.091397  121
50.103099  177
50.146219  119
50.171188  109
50.176886  85
50.178579  87
50.209148  133
50.215185  81
50.221582  80
50.239906  80
50.246723  101
50.248456  115
50.272893  120
50.309050  109
50.314788  105
50.316921  56
50.356091  53
50.362528  63
50.383246  54
50.385718  82
50.404690  92
50.411567  55
50.425220  95
50.435084  45
50.445367  45
50.452903  98
50.455575  80
50.458027  90
50.462552  44
50.466777  42
50.474353  39
50.478638  69
50.481549  34
50.494644  85
50.550847  43
50.561089  23
50.568524  23
50.582032  64
50.595306  30
50.631850  64
50.638248  78
50.646358  72
50.656386  71
50.689726  69
50.693831  18
50.697916  68
50.723386  27
50.725439  13
50.739034  23
50.756093  16
50.758545  36
50.763509  9
50.772779  47
50.791361  0
50.798298  0
50.810441  3
50.814806  57
50.819511  43
50.821104  52
50.825649  12
50.831727  13
50.845995  7
50.859397  7
50.899727  65
50.932042  7
50.991447  13
51.003762  6
51.009525  6
51.011178  49
51.056584  57
51.063182  11
51.109263  20
51.207481  15
51.218043  20
51.337891  66
51.361451  29
51.405421  21
51.409906  54
51.412418  10
51.442274  13
51.467124  13
51.469556  16
51.486696  12
51.494587  21
51.534570  15
51.576055  27
51.580460  28
51.595691  67
51.600775  35
51.615412  37
51.632077  71
51.645199  21
51.649924  82
51.655602  36
51.662579  26
51.727626  24
51.739347  18
51.749555  20
51.772526  42
51.793066  26
51.801820  28
51.817091  38
51.821436  39
51.828113  83
51.860081  34
51.875628  33
51.881526  36
51.894680  37
51.921057  56
51.922870  22
51.943004  39
51.949841  35
51.951434  19
51.979585  39
52.004955  34
52.022336  57
52.026421  38
52.033837  44
52.040914  64
52.046792  66
52.058801  99
52.063066  100
52.072135  35
52.078613  108
52.082219  61
52.095803  49
52.160385  42
52.164610  62
52.179857  39
52.194764  39
52.203840  57
52.216624  60
52.223451  79
52.247068  47
52.274990  72
52.301508  129
52.314922  63
52.340040  63
52.344365  66
52.355207  67
52.386600  70
52.400619  78
52.403251  73
52.413967  55
52.415920  69
52.437117  73
52.445547  72
52.474562  64
52.484565  69
52.507602  74
52.510014  95
52.532485  98
52.539801  98
52.554588  166
52.558254  71
52.567103  98
52.577985  77
52.632492  100
52.656651  80
52.670484  74
52.676702  64
52.680767  30
52.687025  82
52.689197  72
52.691290  89
52.700239  90
52.704764  91
52.707096  128
52.714547  133
52.748133  73
52.757503  117
52.764300  123
52.771616  131
52.786784  106
52.791009  135
52.802824  102
52.830395  104
52.835060  109
52.841877  105
52.853180  87
52.862869  105
52.866215  128
52.880862  108
52.894076  127
52.907081  114
52.918462  27
52.921573  113
52.930402  122
52.932075  82
52.941065  112
52.966455  93
52.974765  116
52.996888  126
53.005218  124
53.011316  126
53.020525  130
53.024071  127
53.037165  135
53.056383  143
53.058176  134
53.086598  133
53.145525  104
53.177224  126
53.186173  58
53.188146  131
53.194383  129
53.219364  137
53.223229  144
53.255336  132
53.266478  142
53.298424  143
53.309087  134
53.338723  135
53.349545  145
53.356422  130
53.408806  146
53.426847  133
53.433525  132
53.435637  147
53.439423  138
53.443768  59
53.449766  146
53.452972  133
53.479307  133
53.500637  137
53.510586  148
53.520310  160
53.522882  153
53.525274  148
53.546365  143
53.551723  157
53.553456  141
53.559374  152
53.568642  170
53.589399  169
53.597369  183
53.601634  146
53.622294  156
53.628772  158
53.671397  102
53.715038  144
53.722275  137
53.732118  147
53.734111  79
53.742401  153
53.751690  171
53.758127  159
53.760020  173
53.794058  150
53.797963  155
53.799656  172
53.834228  154
53.875913  158
53.885522  171
53.888134  151
53.901677  177
53.918546  140
53.924943  154
53.938976  135
53.940769  156
53.950073  155
53.952345  163
53.962478  157
53.965644  157
53.967217  116
53.988171  155
54.009964  171
54.015687  178
54.044377  160
54.046569  177
54.054979  161
54.057331  162
54.072857  177
54.078235  175
54.091502  169
54.112814  183
54.138128  179
54.168466  181
54.193528  171
54.201838  178
54.209174  183
54.271896  180
54.273509  151
54.276740  167
54.297549  187
54.341639  185
54.351387  177
54.369939  186
54.387437  179
54.415936  181
54.418468  149
54.422533  180
54.446514  182
54.463600  177
54.466092  180
54.477873  177
54.503207  173
54.510204  175
54.512476  154
54.516226  176
54.518438  171
54.568430  182
54.583302  186
54.590098  173
54.591731  178
54.609282  182
54.615539  181
54.623794  187
54.626386  177
54.633602  185
54.636733  181
54.641637  178
54.669327  178
54.692639  175
54.695331  175
54.697803  173
54.702295  173
54.722965  173
54.731242  171
54.742543  179
54.778365  176
54.781136  174
54.789905  170
54.797740  171
54.807029  171
54.809481  168
54.826421  171
54.833597  167
54.875102  171
54.879227  168
54.883851  166
54.906119  168
54.908651  169
54.946424  168
54.986943  174
54.989215  173
54.999598  164
55.010173  172
55.015836  169
55.020480  168
55.029130  168
55.032840  166
55.034573  167
55.038905  160
55.042830  160
55.053971  164
55.057557  161
55.089757  157
55.092888  148
55.102636  156
55.118186  151
55.119779  151
55.122071  152
55.126855  152
55.128608  146
55.139629  157
55.142161  157
55.144034  157
55.148199  149
55.180694  140
55.189910  142
55.192122  142
55.194654  141
55.197206  139
55.221780  139
55.231408  138
55.241639  143
55.246403  148
55.274010  139
55.286165  137
55.296887  134
55.302231  142
55.306616  142
55.310981  139
55.319431  136
55.327501  145
55.342114  143
55.368870  141
55.373275  139
55.394958  133
55.397290  137
55.399982  135
55.419034  125
55.423865  111
55.426457  124
55.431141  122
55.443795  116
55.446507  116
55.466785  131
55.480373  122
55.488008  128
55.489641  124
55.496418  119
55.505966  117
55.511749  122
55.513722  115
55.517847  121
55.526557  121
55.529089  119
55.557978  120
55.560530  109
55.562403  108
55.565075  106
55.566768  109
55.570773  105
55.574718  113
55.577290  100
55.580261  102
55.583352  99
55.584925  98
55.594774  106
55.596587  105
55.617975  81
55.624412  80
55.626924  79
55.629256  79
55.631029  78
55.642331  76
55.657817  68
55.664115  69
55.672645  74
55.689734  59
55.714410  59
55.718415  61
55.726205  55
55.727838  54
55.765409  45
55.768061  40
55.788959  40
55.807292  36
55.814141  23
55.818886  36
55.829408  30
55.832000  29
55.850982  35
55.852895  33
55.863717  25
55.869954  32
55.874040  28
55.878625  23
55.885482  26
55.896664  23
55.902842  29
55.908680  30
55.934810  13
55.941147  19
55.954022  31
55.955815  24
55.964105  24
55.994760  7
56.011640  0
56.015965  0
56.059555  0
56.068065  0
56.116705  0
56.120651  0
56.153161  13
56.159238  12
56.170059  0
56.183275  9
56.198562  0
56.209064  0
56.222699  0
56.277110  0
56.282049  0
56.298614  0
56.305679  0
56.510904  0
56.606253  1
56.777482  25
56.803971  2
56.807717  36
56.891264  3
56.916693  19
56.979250  30
56.983255  30
56.985188  4
57.003487  25
57.013499  40
57.015672  47
57.031199  28
57.047806  40
57.059962  37
57.066144  31
57.072881  38
57.078879  0
57.094466  39
57.120155  36
57.178610  48
57.194471  44
57.210941  63
57.221329  34
57.266666  4
57.311112  55
57.337201  40
57.339234  1
57.343439  39
57.356114  26
57.375354  53
57.378720  60
57.397959  56
57.419803  57
57.429079  66
57.433204  60
57.448591  64
57.466190  43
57.473267  59
57.477093  39
57.485128  44
57.486901  55
57.488474  55
57.500270  60
57.512050  52
57.523731  65
57.589503  41
57.610499  68
57.624811  70
57.632962  68
57.637027  78
57.650102  70
57.651795  60
57.655480  97
57.695644  55
57.751188  37
57.776239  60
57.791846  61
57.804482  67
57.810959  76
57.815863  79
57.821941  40
57.852863  80
57.856968  72
57.858601  92
57.898313  46
57.905604  68
57.908116  69
57.910249  57
57.918939  85
57.929742  75
57.937039  79
57.941084  81
57.972225  66
58.015895  49
58.025383  89
58.050399  100
58.071788  64
58.102481  90
58.106926  105
58.113663  55
58.126518  133
58.166595  85
58.175145  88
58.204644  60
58.206597  110
58.215667  55
58.262082  77
58.302136  74
58.308074  76
58.333844  126
58.337250  89
58.355252  134
58.389293  71
58.398643  97
58.400256  87
58.415343  101
58.418889  120
58.423713  111
58.432502  115
58.445877  117
58.460905  122
58.465170  123
58.482530  124
58.505428  137
58.517216  128
58.528438  135
58.545798  148
58.582371  141
58.601617  137
58.603350  139
58.610846  95
58.612499  132
58.614631  143
58.626807  151
58.637908  137
58.657700  143
58.669716  134
58.715739  108
58.720084  106
58.721757  142
58.725902  111
58.753785  118
58.771965  140
58.789665  144
58.794604  142
58.804919  138
58.809364  148
58.843331  152
58.846817  146
58.849189  157
58.851242  144
58.855587  160
58.873426  153
58.905900  96
58.912418  161
58.916883  140
58.920848  112
58.931371  142
58.938687  145
58.955807  145
58.960012  130
58.970814  149
58.979863  151
58.991480  143
59.005273  163
59.026436  159
59.038637  152
59.049420  159
59.071312  154
59.089267  165
59.107505  173
59.126996  142
59.128869  169
59.134567  165
59.139372  150
59.148182  175
59.154719  173
59.156452  185
59.169546  174
59.214170  153
59.256248  142
59.260973  172
59.276541  151
59.309112  170
59.325453  164
59.329758  175
59.346170  154
59.350315  186
59.355120  154
59.359245  164
59.380254  181
59.399738  177
59.401631  185
59.416759  197
59.438643  168
59.452377  167
59.473469  149
59.475422  177
59.479727  192
59.486644  173
59.499586  183
59.506957  171
59.509988  151
59.522403  171
59.526908  185
59.538904  204
59.545981  183
59.548094  199
59.556938  206
59.562536  195
59.571805  156
59.591377  181
59.601040  197
59.609570  190
59.626260  186
59.654408  204
59.691001  184
59.695326  178
59.699492  209
59.708381  210
59.715018  156
59.719523  203
59.732444  202
59.740659  201
59.749648  197
59.769938  194
59.814030  209
59.828124  212
59.842278  193
59.851307  178
59.862529  199
59.878355  182
59.884053  209
59.888618  197
59.897488  202
59.899920  199
59.916481  199
59.953888  201
59.959251  214
59.967047  216
59.976636  210
59.996807  200
