# t(s) QueuingDelay(ms)
10.207071  6
10.209663  6
10.226423  0
10.236945  7
10.245775  1
10.257931  10
10.262296  14
10.283640  18
10.285553  16
10.323410  23
10.334412  32
10.362055  34
10.373157  51
10.382007  21
10.383960  29
10.395722  53
10.397994  38
10.408377  100
10.410929  70
10.420393  73
10.430815  79
10.432468  107
10.437792  110
10.443610  87
10.467547  93
10.486586  119
10.488838  101
10.507762  120
10.509555  105
10.516033  129
10.523409  108
10.542343  120
10.547327  133
10.557969  141
10.559762  122
10.561835  145
10.572237  131
10.588158  164
10.590610  139
10.593122  165
10.628808  145
10.638511  180
10.652292  150
10.672291  153
10.691324  205
10.693496  160
10.703679  208
10.706011  175
10.714821  223
10.723062  240
10.729923  14
10.731496  190
10.743397  197
10.747442  242
10.770960  208
10.772573  245
10.792395  209
10.800406  245
10.812801  216
10.825538  216
10.835410  15
10.846671  225
10.852889  256
10.856975  237
10.878519  273
10.884917  287
10.886830  249
10.908081  256
10.910014  56
10.925182  264
10.927654  59
10.935625  323
10.940589  271
10.953709  62
10.957854  334
10.970989  283
10.979319  76
10.990741  295
10.992854  375
11.006608  301
11.014878  319
11.020102  385
11.142052  333
11.148310  89
11.152455  356
11.156180  96
11.167362  396
11.168975  135
11.233869  137
11.240866  134
11.242459  256
11.252455  128
11.298124  12
11.304022  262
11.320862  266
11.336049  265
11.367189  15
11.379843  15
11.423280  259
11.455887  131
11.471074  139
11.477651  260
11.492386  141
11.498823  266
11.505180  278
11.509165  157
11.515363  168
11.518534  280
11.535233  175
11.600962  178
11.607899  185
11.618541  188
11.629303  223
11.633648  308
11.637374  225
11.653049  1
11.664531  229
11.684418  7
11.687030  2
11.699876  28
11.708406  334
11.714324  12
11.722854  41
11.730070  367
11.735848  120
11.748168  91
11.749921  123
11.769913  107
11.771606  130
11.788046  116
11.801080  296
11.803273  133
11.809551  121
11.829504  230
11.871824  150
11.884446  173
11.893799  302
11.902319  203
11.908936  245
11.922080  274
11.927938  382
11.939900  275
11.944085  394
11.959792  317
11.971828  425
11.978365  437
11.981057  322
11.991160  326
11.995485  24
11.997278  441
12.005688  335
12.008180  8
12.025740  344
12.035248  346
12.049287  350
12.059390  360
12.061642  370
12.078242  374
12.087646  35
12.098767  130
12.102493  47
12.113515  365
12.115967  376
12.126529  211
12.139863  375
12.142315  138
12.156363  471
12.164234  151
12.172269  388
12.185045  162
12.193615  150
12.222796  219
12.246694  390
12.252412  231
12.254405  414
12.256517  475
12.265267  448
12.273477  447
12.275370  498
12.288445  519
12.292810  245
12.295362  478
12.312941  164
12.314594  282
12.316407  240
12.342497  288
12.353780  263
12.360996  314
12.362629  194
12.375004  325
12.385767  206
12.387420  278
12.408152  299
12.419094  343
12.424038  324
12.444455  348
12.449100  341
12.461915  24
12.464127  490
12.503691  349
12.545607  372
12.570272  9
12.574297  493
12.583666  454
12.595543  10
12.607035  377
12.609208  519
12.633225  384
12.641095  418
12.645120  604
12.646933  496
12.660567  95
12.669537  351
12.678407  168
12.695059  176
12.706581  531
12.715730  515
12.742914  570
12.752263  321
12.778473  606
12.780166  357
12.807664  535
12.815400  360
12.828160  610
12.861946  375
12.867944  613
12.873982  414
12.892275  390
12.894967  543
12.928814  21
12.931326  400
12.959428  193
12.971724  630
12.980074  640
12.986552  629
12.994152  447
13.001149  697
13.005854  45
13.040794  331
13.057555  50
13.081202  407
13.086166  638
13.101960  447
13.110890  65
13.147613  86
13.149526  791
13.196342  450
13.212349  828
13.229189  622
13.235427  641
13.287342  669
13.310900  870
13.324854  670
13.344567  928
13.348932  475
13.364060  967
13.379461  975
13.386697  413
13.391162  675
13.421256  532
13.438416  550
13.472615  333
13.487583  986
13.541173  442
13.571096  22
13.594600  986
13.596373  62
13.616964  975
13.618837  336
13.656207  462
13.668922  236
13.693770  500
13.714035  248
13.768505  67
13.770677  349
13.792502  69
13.824029  962
13.868223  682
13.928771  389
13.986909  656
14.021906  1117
14.030023  1095
14.040485  1078
14.057748  407
14.069489  551
14.095030  286
14.119126  688
14.144436  699
14.166061  25
14.170146  102
14.371073  458
14.377511  110
14.407466  73
14.464937  332
14.493379  129
14.498723  474
14.508927  344
14.521682  492
14.532743  357
14.561785  713
14.568043  175
14.587756  376
14.592161  544
14.654702  717
14.670668  607
14.703379  505
14.743755  124
14.763927  223
14.824751  518
14.852194  661
14.913108  768
14.955525  536
14.968780  173
14.984047  561
15.001047  642
15.013023  386
15.028619  769
15.049744  386
15.085756  222
15.129186  395
15.174017  73
15.186513  301
15.216374  317
15.235687  617
15.255050  324
15.258936  140
15.298660  432
15.327001  632
15.358920  149
15.363045  563
15.367350  645
15.391548  206
15.432893  646
15.465762  652
15.487238  683
15.496108  659
15.501052  223
15.507810  436
15.509523  232
15.535453  446
15.567103  747
15.573281  465
15.597318  761
15.604649  232
15.641675  807
15.659988  761
15.751086  364
15.781080  285
15.836330  814
15.855044  308
15.857156  366
15.900205  880
15.975723  604
15.987984  614
16.016866  662
16.021291  733
16.029861  541
16.064900  692
16.073910  259
16.081461  773
16.129816  262
16.157064  707
16.197785  395
16.200057  731
16.220267  931
16.282052  734
16.306674  423
16.311698  1013
16.370120  676
16.400712  309
16.443268  736
16.472876  538
16.490654  676
16.534082  314
16.643003  739
16.683029  346
16.823486  424
16.835656  797
16.859016  768
16.861428  680
16.878479  598
16.903730  352
16.931935  682
16.976585  678
17.007620  755
17.025837  736
17.045233  547
17.056509  734
17.075350  707
17.083999  878
17.091695  12
17.144030  730
17.157112  925
17.170006  975
17.182112  78
17.184764  938
17.236517  681
17.239528  428
17.281089  423
17.313752  535
17.326491  165
17.347879  169
17.388329  554
17.407625  170
17.424369  111
17.426042  181
17.428234  316
17.455705  333
17.459051  331
17.469805  694
17.480012  690
17.490099  553
17.492631  323
17.507658  688
17.511168  321
17.520217  687
17.536107  320
17.548302  319
17.556772  544
17.558345  423
17.569451  426
17.597963  428
17.603207  430
17.605579  317
17.610603  544
17.613175  311
17.615407  542
17.622508  541
17.625379  541
17.631996  541
17.657843  665
17.672183  324
17.741534  336
17.745559  338
17.755507  13
17.767032  337
17.807379  339
17.820758  342
17.824783  420
17.826456  341
17.837083  410
17.840538  664
17.848453  658
17.858188  515
17.860680  321
17.862253  320
17.865284  314
17.867796  644
17.871326  511
17.873219  507
17.874852  312
17.878063  643
17.880655  506
17.895579  391
17.907360  643
17.923594  645
17.930151  390
17.936009  385
17.938541  507
17.947235  642
17.951180  640
17.953871  384
17.955784  384
17.958875  635
17.963779  381
17.968563  707
17.971015  380
17.980384  636
17.982836  637
17.984509  637
17.987340  637
17.994676  624
17.996329  486
18.007659  620
18.011045  620
18.015250  615
18.017542  613
18.026491  915
18.033807  51
18.035959  611
18.052636  45
18.078968  605
18.094730  912
18.100353  605
18.106315  239
18.112692  93
18.114789  917
18.122365  91
18.123958  913
18.125831  90
18.128203  233
18.137671  231
18.139344  344
18.141696  229
18.144028  456
18.145721  224
18.147414  219
18.150625  585
18.152438  331
18.154710  447
18.184275  452
18.194902  453
18.207626  453
18.218173  642
18.220006  327
18.222318  444
18.224670  443
18.228935  443
18.231467  68
18.234099  14
18.238983  14
18.247912  11
18.250504  66
18.259912  439
18.263897  438
18.366679  77
18.382984  229
18.389840  585
18.395223  597
18.402719  441
18.404951  595
18.407323  220
18.412386  447
18.414179  219
18.416391  218
18.421414  585
18.423886  217
18.433454  584
18.437699  206
18.440051  312
18.441704  198
18.460241  439
18.503457  320
18.522881  778
18.530357  335
18.540300  460
18.577010  580
18.592747  261
18.613976  265
18.622486  270
18.627030  272
18.635145  273
18.639849  277
18.644573  279
18.646945  285
18.652843  0
18.668953  283
18.671485  282
18.680914  280
18.693936  275
18.699040  0
18.737247  277
18.754914  277
18.771308  279
18.776711  337
18.779183  285
18.789634  345
18.799917  617
18.808678  461
18.810511  288
18.813083  290
18.821897  463
18.829213  483
18.840874  613
18.853450  361
18.858793  290
18.866769  483
18.881635  363
18.886479  483
18.892097  616
18.908341  363
18.910953  616
18.913185  690
18.915817  363
18.918209  614
18.920681  611
18.927198  611
18.930369  607
18.933360  472
18.946114  606
18.948586  604
18.954349  601
18.957360  596
18.966036  13
18.974471  29
18.977163  27
18.993799  586
18.997345  581
18.999657  880
19.004012  574
19.006444  205
19.008037  204
19.012561  63
19.018199  58
19.020631  884
19.042183  321
19.044016  205
19.046588  437
19.049000  206
19.051632  207
19.053285  574
19.062722  573
19.065953  318
19.075688  434
19.078100  434
19.088567  434
19.095204  315
19.104133  432
19.116861  630
19.133292  60
19.136383  11
19.157339  64
19.159232  11
19.160865  436
19.162458  434
19.166443  429
19.185679  57
19.202604  423
19.207708  559
19.219409  49
19.226466  0
19.228878  40
19.231570  179
19.234122  30
19.236075  171
19.241019  532
19.242792  165
19.250627  532
19.255971  389
19.264985  162
19.281329  271
19.291821  159
19.359756  274
19.364261  274
19.399308  278
19.412382  740
19.426495  392
19.433971  413
19.443579  162
19.452353  425
19.455065  426
19.462481  429
19.481099  229
19.483671  226
19.490448  223
19.504701  223
19.547651  225
19.551816  0
19.559711  233
19.564455  236
19.567067  236
19.572011  232
19.579707  0
19.581959  0
19.590209  226
19.592701  225
19.621521  224
19.666668  393
19.668800  199
19.670453  385
19.680840  197
19.692501  174
19.695193  364
19.697825  357
19.699977  349
19.702369  534
19.705675  307
19.740723  716
19.748179  0
19.757428  724
19.768130  257
19.769569  244
19.774001  127
19.786655  401
19.833501  166
19.860508  0
19.881680  302
19.996713  414
20.100571  0
20.196738  240
20.232832  467
20.251057  480
20.261240  0
20.275593  220
20.314217  16
20.373002  162
20.498452  392
20.816861  3
20.829816  5
20.890510  39
20.970793  125
20.981015  79
21.128775  396
21.151473  396
21.198273  400
21.200386  483
21.213920  498
21.217846  508
21.352964  8
21.402471  48
21.563685  84
21.567651  487
21.589914  113
21.600916  146
21.688452  257
21.698605  128
21.738472  143
21.791055  281
21.834130  303
21.850117  271
21.882987  155
21.995345  516
22.091551  607
22.098269  731
22.107458  736
22.225531  553
22.266698  203
22.297351  206
22.374107  215
22.479489  477
22.512316  492
22.556004  271
22.579781  301
22.607024  373
22.609217  430
22.698443  497
22.705739  329
22.756527  351
22.770948  342
22.799594  372
22.885729  165
22.918624  378
23.001555  584
23.032751  745
23.329561  207
23.335299  438
23.352383  434
23.354216  461
23.379853  488
23.530167  730
23.566488  512
23.583221  236
23.587426  749
23.607561  244
23.656243  86
23.788718  152
23.809467  517
23.843805  250
23.883024  252
23.936068  384
24.030604  865
24.075606  530
24.237913  756
24.292500  492
24.322582  864
24.348527  499
24.387747  497
24.411488  497
24.531684  747
24.559257  503
24.580945  240
24.668985  277
24.701102  511
24.715973  516
24.814671  609
24.822087  493
24.824499  224
24.855375  496
24.862651  222
24.897335  308
24.924382  493
25.032472  857
25.075419  833
25.121256  842
25.122869  841
25.124462  840
25.235137  743
25.304986  499
25.339953  487
25.341626  485
25.346450  485
25.364457  488
25.366130  488
25.370914  488
25.382614  484
25.585189  524
25.591526  522
25.593459  222
25.598987  519
25.624411  225
25.665954  253
25.679487  518
25.719711  521
25.725689  523
25.729634  522
25.818735  497
25.820608  239
25.825851  499
25.846077  500
25.851648  508
25.855513  508
25.862849  242
25.868392  243
25.890140  242
25.927758  549
25.971478  653
26.021857  729
26.138888  542
26.231755  742
26.268775  452
26.291736  439
26.307015  435
26.310665  435
26.316068  435
26.382894  705
26.390310  590
26.402090  338
26.406794  338
26.410499  337
26.417875  337
26.420507  70
26.427284  332
26.429456  573
26.434908  315
26.442044  568
26.447048  65
26.465606  47
26.467758  45
26.476392  768
26.491054  288
26.518325  212
26.520158  0
26.545486  211
26.550240  211
26.552133  209
26.573342  343
26.583389  342
26.594683  146
26.599682  314
26.603794  313
26.618686  582
26.637863  357
26.642108  235
26.676050  190
26.711047  0
26.724895  0
26.736004  211
26.742581  98
26.745153  0
26.752344  68
26.760019  63
26.797132  0
26.821602  0
26.856301  0
26.875719  0
26.878411  3
26.880623  0
26.887000  2
26.900134  262
26.921930  140
26.931066  20
26.947705  246
27.020631  136
27.033989  19
27.125707  0
27.142527  227
27.176957  104
27.182069  0
27.201130  224
27.367720  3
27.389309  17
27.580468  12
27.582980  110
27.595734  14
27.604563  26
27.631264  3
27.649918  6
27.651531  27
27.662253  33
27.666138  38
27.713682  36
27.719440  41
27.725937  43
27.758188  122
27.767995  23
27.777503  29
27.801112  21
27.878487  5
27.895252  17
27.901230  20
27.907008  27
27.915383  147
27.917276  34
27.919628  38
27.930431  38
27.969774  29
27.980896  41
27.987214  39
28.000748  46
28.019610  79
28.056811  38
28.059977  64
28.064282  55
28.071658  63
28.092308  271
28.101836  280
28.103509  151
28.117242  26
28.121108  52
28.134582  54
28.179659  51
28.228140  72
28.235277  82
28.239302  66
28.246518  56
28.249569  161
28.253954  79
28.258059  74
28.262164  73
28.265470  80
28.357874  87
28.366664  91
28.376372  246
28.418487  65
28.422659  105
28.436077  105
28.448358  299
28.465291  192
28.467084  333
28.472942  106
28.479579  103
28.481772  116
28.490842  82
28.492455  104
28.536961  282
28.554020  27
28.602450  97
28.616683  75
28.633543  75
28.636115  195
28.643791  77
28.651861  85
28.658838  77
28.662923  104
28.675818  78
28.723989  82
28.735485  83
28.745533  92
28.756176  98
28.772444  128
28.775810  152
28.844061  120
28.886574  341
28.892992  125
28.913569  128
28.943767  109
28.967907  327
28.978410  109
28.986980  60
29.036003  122
29.048308  135
29.056678  129
29.074457  122
29.084046  139
29.088331  358
29.092256  141
29.109080  138
29.113405  179
29.132339  167
29.158549  171
29.168218  142
29.172084  159
29.177328  149
29.184939  154
29.217904  100
29.223922  178
29.231278  183
29.307345  165
29.318886  217
29.324968  179
29.344599  168
29.357059  348
29.371091  400
29.374397  167
29.376969  187
29.405080  204
29.414409  173
29.438510  153
29.442775  186
29.460053  340
29.468163  406
29.470575  183
29.486101  107
29.560781  242
29.564646  150
29.568991  158
29.581570  165
29.592017  174
29.596202  182
29.600667  185
29.604752  51
29.614999  403
29.621616  195
29.629886  185
29.636643  182
29.645660  238
29.668430  223
29.722226  201
29.755890  228
29.769944  205
29.778834  186
29.793941  209
29.800518  299
29.804443  311
29.806156  257
29.812254  170
29.837194  252
29.912646  240
29.928492  229
29.940273  254
29.960943  241
29.965967  471
30.008021  250
30.025780  273
30.029266  242
30.030879  176
30.039629  344
30.050651  407
30.061453  262
30.064739  465
30.081503  195
30.098003  336
30.126425  324
30.129951  377
30.137807  255
30.141912  253
30.146736  295
30.148509  260
30.158242  261
30.165059  271
30.173848  322
30.176280  275
30.184590  267
30.194318  300
30.218808  299
30.299558  238
30.304003  291
30.321123  293
30.363812  316
30.380912  510
30.397977  292
30.502520  334
30.553274  340
30.560351  553
30.590348  414
30.603598  329
30.609061  325
30.616992  324
30.631086  466
30.640395  551
30.656081  320
30.728253  311
30.738735  309
30.754881  328
30.770449  314
30.808166  313
30.827658  321
30.850836  319
30.977194  315
30.979367  315
30.985864  338
30.996267  340
31.007893  317
31.014230  357
31.018955  388
31.024143  394
31.164619  339
31.222976  341
31.236984  556
31.250313  342
31.296624  419
31.319072  330
31.385179  436
31.393090  384
31.405785  319
31.409970  324
31.418999  374
31.424023  383
31.431854  352
31.448914  100
31.451526  109
31.453459  436
31.476902  417
31.482145  578
31.488143  417
31.511746  354
31.519462  390
31.591926  369
31.598024  435
31.614904  385
31.627580  401
31.670115  402
31.685142  395
31.701089  441
31.715364  663
31.721842  449
31.735477  449
31.743807  457
31.760141  436
31.800986  595
31.860590  420
31.877970  441
31.900853  416
31.937973  686
31.952101  442
31.984927  455
32.004998  643
32.010736  438
32.017893  445
32.019986  653
32.034239  428
32.062649  441
32.070779  530
32.077515  419
32.081860  424
32.083733  416
32.092763  421
32.096748  536
32.100793  420
32.113548  419
32.120944  436
32.128336  225
32.135153  222
32.137825  445
32.166727  677
32.188650  431
32.192456  425
32.209716  655
32.225843  426
32.274292  424
32.279236  530
32.301906  410
32.310536  411
32.333727  217
32.338132  430
32.339845  442
32.348714  415
32.354672  412
32.359116  663
32.363501  427
32.370478  421
32.394854  423
32.401151  422
32.420263  418
32.455032  417
32.480768  375
32.522924  401
32.532233  387
32.542536  404
32.559383  401
32.569012  640
32.585593  400
32.589518  633
32.598587  399
32.616634  403
32.634353  633
32.636066  394
32.642224  617
32.679437  399
32.694963  402
32.720134  501
32.724399  382
32.731536  383
32.735921  379
32.739347  376
32.750328  494
32.758239  178
32.762504  380
32.769968  170
32.789739  395
32.847888  398
32.855359  395
32.888832  398
32.934454  397
32.962764  379
33.074282  405
33.083192  409
33.095488  416
33.201564  412
33.227233  414
33.233850  395
33.248897  400
33.308613  628
33.327166  639
33.336416  395
33.338049  390
33.348912  635
33.352877  410
33.386571  414
33.403105  378
33.404838  395
33.416203  395
33.423039  381
33.451302  402
33.500495  403
33.511816  391
33.520806  403
33.531154  410
33.537871  405
33.581373  504
33.587251  392
33.607243  382
33.609096  384
33.635885  387
33.649020  376
33.662715  625
33.668993  376
33.700900  383
33.719260  380
33.733174  382
33.767900  409
33.778763  498
33.807448  377
33.818070  378
33.823868  397
33.840134  395
33.857093  615
33.861318  377
33.913598  612
33.951543  612
33.986642  611
34.008786  374
34.020266  383
34.029969  371
34.031782  489
34.033875  363
34.043544  370
34.045597  371
34.060090  486
34.061683  359
34.097934  169
34.105250  392
34.126774  371
34.159668  385
34.172089  380
34.194833  381
34.210973  395
34.242461  371
34.336424  380
34.357449  384
34.381527  396
34.423775  377
34.443107  378
34.458214  378
34.486934  615
34.491938  375
34.514262  373
34.516874  373
34.524505  609
34.531022  374
34.536980  357
34.546609  359
34.550434  370
34.560817  584
34.594887  607
34.596600  474
34.628760  357
34.637150  356
34.638843  363
34.640436  374
34.647313  348
34.649306  465
34.651618  353
34.658075  348
34.673504  356
34.719385  372
34.742727  163
34.784702  369
34.798356  607
34.806307  366
34.839294  357
34.874256  353
34.908928  162
34.911460  359
34.941303  357
34.987563  366
34.991728  371
34.996353  368
35.000438  366
35.068459  363
35.091730  590
35.098687  144
35.122783  355
35.124636  354
35.131493  590
35.133725  344
35.150239  371
35.159648  360
35.172942  367
35.177067  582
35.186595  357
35.205892  575
35.218552  342
35.220704  343
35.235791  339
35.238822  355
35.243773  450
35.248857  333
35.251229  333
35.259379  324
35.267414  323
35.270860  444
35.283966  327
35.296570  338
35.313454  342
35.325874  355
35.337981  126
35.353955  318
35.362355  329
35.365326  328
35.371663  322
35.378879  319
35.381031  317
35.385616  318
35.408617  315
35.411169  422
35.417566  310
35.430340  330
35.433866  295
35.462092  309
35.468649  307
35.471181  306
35.479056  305
35.481169  102
35.485414  316
35.487107  304
35.500321  557
35.504706  316
35.521099  315
35.541430  310
35.556182  315
35.561446  314
35.565191  314
35.570282  304
35.588807  319
35.604953  412
35.610037  313
35.624230  316
35.642968  538
35.654949  301
35.659194  312
35.668423  293
35.672908  293
35.687560  301
35.691525  535
35.701042  311
35.711611  299
35.724355  309
35.726128  523
35.729339  523
35.731991  294
35.735876  521
35.739107  517
35.741539  513
35.746363  511
35.749834  508
35.754079  279
35.757270  520
35.777623  300
35.779536  391
35.781828  391
35.783501  270
35.786173  272
35.795846  274
35.798717  271
35.800510  268
35.805095  390
35.817350  54
35.819622  251
35.823392  251
35.834234  254
35.838259  34
35.851380  227
35.859850  221
35.888329  225
35.890601  335
35.895465  224
35.914191  244
35.918036  331
35.943945  205
35.950162  4
35.955007  215
35.961304  201
35.968161  210
35.979782  208
36.002712  208
36.004964  207
36.013359  204
36.017823  194
36.036600  209
36.054630  306
36.059494  202
36.069182  196
36.074880  419
36.091844  193
36.102766  177
36.104998  189
36.106771  175
36.109662  178
36.112868  0
36.114601  416
36.116833  414
36.118766  414
36.121218  412
36.125802  185
36.134890  172
36.145532  181
36.170216  402
36.176840  168
36.179552  409
36.197211  167
36.199763  183
36.202000  278
36.208327  159
36.219969  155
36.222022  272
36.269176  164
36.273166  163
36.297628  155
36.300260  265
36.302472  264
36.304545  155
36.320411  166
36.322983  260
36.349699  144
36.367539  140
36.398193  134
36.400785  130
36.403077  128
36.418743  143
36.426374  227
36.432232  133
36.442779  355
36.464902  109
36.469986  126
36.474391  114
36.483301  347
36.488959  354
36.495476  130
36.513735  339
36.527049  335
36.529242  334
36.531594  101
36.546168  342
36.563128  87
36.569046  81
36.573471  84
36.586106  78
36.611103  88
36.634505  83
36.638191  193
36.639984  81
36.657904  98
36.659897  193
36.689831  76
36.707331  75
36.737106  88
36.738939  85
36.771155  77
36.773327  101
36.825579  100
36.838495  337
36.862192  324
36.863785  322
36.890174  323
36.891907  332
36.902259  75
36.908361  73
36.947288  82
36.953806  84
37.029723  97
37.197603  6
37.270193  76
37.283582  73
37.349069  82
37.382488  195
37.384161  103
37.422311  12
37.427096  112
37.428689  89
37.437059  91
37.455432  92
37.459737  104
37.465435  105
37.472951  108
37.477236  332
37.495196  94
37.505179  93
37.511617  119
37.524202  123
37.553202  107
37.557087  109
37.567610  20
37.571935  109
37.618696  346
37.625573  346
37.640921  103
37.662426  102
37.675881  33
37.681939  112
37.723576  129
37.726148  110
37.753711  120
37.761067  216
37.767525  130
37.769238  234
37.787850  115
37.849151  351
37.850804  113
37.854949  107
37.857281  102
37.859074  114
37.864592  121
37.907382  114
37.947160  33
37.950846  121
37.963381  227
37.974982  329
37.984865  340
37.993035  343
38.008523  354
38.013447  103
38.023770  114
38.047894  104
38.061989  41
38.071319  119
38.080248  111
38.123918  115
38.142451  134
38.177064  124
38.210197  119
38.228176  363
38.232221  123
38.243637  137
38.246828  120
38.262476  119
38.270452  138
38.272505  130
38.290744  127
38.292617  143
38.309557  143
38.318007  119
38.319660  150
38.345083  145
38.351461  126
38.388599  47
38.399581  353
38.422839  370
38.435582  121
38.450850  121
38.462771  144
38.470742  132
38.486925  59
38.494636  137
38.505278  149
38.528223  116
38.557996  129
38.581933  149
38.586038  245
38.592116  134
38.602020  250
38.612043  156
38.619419  153
38.646008  76
38.659322  386
38.670425  401
38.691510  139
38.695795  160
38.699601  149
38.716347  169
38.724717  173
38.728902  173
38.741737  191
38.754352  162
38.769858  148
38.780201  137
38.790045  170
38.801427  159
38.816615  180
38.821040  261
38.855200  88
38.860124  390
38.868934  154
38.872719  428
38.890640  155
38.905695  168
38.919069  171
38.920662  178
38.928013  102
38.935189  170
38.939694  177
38.950876  174
38.971782  174
38.974094  189
39.009119  203
39.014470  180
39.046650  191
39.048663  284
39.076205  288
39.080750  191
39.084056  193
39.113277  104
39.128564  180
39.141159  181
39.150948  190
39.164402  187
39.186187  193
39.200715  198
39.214070  195
39.220268  209
39.253155  204
39.257421  203
39.270536  199
39.285004  200
39.296706  305
39.328913  426
39.330566  429
39.337363  182
39.343941  173
39.360269  178
39.370932  189
39.393424  199
39.397459  190
39.400230  130
39.416252  192
39.429167  201
39.447899  187
39.466812  222
39.474163  215
39.482693  216
39.489794  201
39.501394  233
39.514369  315
39.531985  316
39.564571  455
39.568356  325
39.571602  227
39.587256  215
39.598877  132
39.626303  208
39.638104  212
39.643800  204
39.650037  214
39.659066  196
39.669429  218
39.691996  225
39.712661  233
39.726669  241
39.737750  220
39.747387  232
39.778834  238
39.790650  337
39.803025  135
39.816039  148
39.821917  461
39.825682  434
39.834072  200
39.835705  476
39.846467  206
39.854797  208
39.878774  221
39.882619  220
39.886624  145
39.895294  223
39.899479  222
39.909152  225
39.935745  216
39.968513  236
39.979575  219
39.993009  237
40.022310  244
40.024163  443
40.034465  244
40.043494  476
40.048558  231
40.054536  341
40.103071  222
40.120650  228
40.143189  230
40.161495  241
40.181608  223
40.185693  235
40.210309  244
40.332440  151
40.334113  458
40.339517  223
40.358542  477
40.368765  221
40.382439  232
40.400938  239
40.405063  223
40.408889  155
40.416559  226
40.425756  241
40.432334  238
40.456458  229
40.505783  231
40.518778  254
40.554165  361
40.556377  246
40.582127  483
40.590117  252
40.592709  366
40.610116  270
40.618206  258
40.639571  169
40.645729  176
40.647322  261
40.673631  268
40.679988  263
40.688987  493
40.693252  243
40.701682  236
40.707940  252
40.714557  271
40.723886  254
40.725459  264
40.740027  272
40.759278  263
40.764662  283
40.766575  245
40.775845  256
40.784055  270
40.786487  282
40.801634  288
40.808531  271
40.831094  279
40.841477  379
40.845342  179
40.858278  195
40.865215  510
40.871093  193
40.876017  258
40.878609  266
40.880742  518
40.887340  256
40.895570  516
40.903106  266
40.911077  270
40.923612  266
40.942869  269
40.958675  273
40.960308  278
40.964453  278
40.986099  285
40.999553  271
41.028080  285
41.049252  383
41.081983  483
41.087581  383
41.094937  291
41.135474  282
41.146936  277
41.150701  265
41.165029  187
41.169154  257
41.173039  270
41.205937  276
41.221902  258
41.284989  498
41.286602  255
41.299002  271
41.315535  274
41.322559  379
41.412931  501
41.434360  516
41.478066  263
41.483804  261
41.486995  189
41.491667  277
41.494179  263
41.523143  291
41.525755  275
41.586619  283
41.600093  293
41.646518  524
41.652895  293
41.656640  279
41.662977  390
41.674977  298
41.686078  279
41.716418  196
41.728168  197
41.731734  204
41.734086  214
41.749777  278
41.759156  284
41.762806  279
41.773177  275
41.778041  277
41.785038  270
41.788169  283
41.792674  293
41.831110  279
41.849312  279
41.850925  293
41.857302  287
41.866256  293
41.870006  295
41.872518  281
41.883934  279
41.916448  392
41.931754  203
41.937332  200
41.943993  296
41.951100  296
41.959210  270
41.968003  299
41.987863  303
41.989716  283
41.998605  287
42.011220  275
42.015984  273
42.028044  274
42.029757  271
42.039305  282
42.041018  281
42.044209  280
42.048074  276
42.061859  297
42.063432  283
42.076715  281
42.139124  299
42.151504  509
42.155549  508
42.160114  386
42.172222  290
42.173855  287
42.178679  287
42.190702  384
42.251369  286
42.255194  202
42.261811  196
42.264263  272
42.278970  276
42.286066  273
42.288418  264
42.294456  263
42.306440  256
42.309112  258
42.311344  267
42.325557  273
42.336759  273
42.348222  271
42.352807  259
42.368393  271
42.370665  270
42.376443  266
42.383200  268
42.385772  256
42.419025  254
42.443360  175
42.445652  173
42.447485  173
42.454409  270
42.456062  171
42.463325  251
42.467950  249
42.483077  231
42.484790  230
42.487122  226
42.489614  238
42.498603  217
42.504106  226
42.508271  146
42.510324  219
42.514369  220
42.520906  228
42.523398  226
42.533186  193
42.558120  193
42.564737  166
42.575299  195
42.593342  188
42.594995  186
42.606176  192
42.612694  197
42.638597  186
42.680977  185
42.691619  190
42.695744  103
42.699969  101
42.706546  175
42.716162  131
42.717855  162
42.721081  140
42.728996  153
42.736532  138
42.751380  127
42.759690  141
42.768205  138
42.772790  150
42.775242  148
42.777494  137
42.784272  132
42.802842  134
42.831428  47
42.837206  40
42.841311  126
42.842884  135
42.855978  109
42.859424  120
42.862016  110
42.868213  96
42.877742  102
42.882890  104
42.890046  113
42.894191  112
42.901074  94
42.941510  120
42.943902  92
42.950064  126
42.954309  111
42.957021  109
42.965850  119
42.970255  118
42.972128  117
42.976513  115
42.979868  114
42.984532  103
42.987918  98
42.992562  100
43.007324  112
43.015874  94
43.027136  93
43.039312  7
43.053066  93
43.059903  103
43.061516  76
43.067634  89
43.082665  96
43.097417  81
43.112484  91
43.116849  88
43.121645  86
43.135822  84
43.139768  80
43.211356  84
43.251239  76
43.272943  66
43.293395  86
43.301665  96
43.308143  96
43.363248  74
43.376463  0
43.393710  87
43.395383  76
43.424261  80
43.477280  81
43.515392  104
43.671182  90
43.696680  97
43.703058  92
43.779267  79
43.785805  105
43.788437  106
43.797267  96
43.827694  104
43.830006  93
43.862554  114
43.885738  117
43.898014  99
43.903418  123
43.911549  27
43.922931  113
43.924664  28
43.933633  114
43.947621  98
43.954418  87
43.976869  102
43.985520  102
44.034993  69
44.039577  119
44.043422  94
44.050099  113
44.051932  123
44.059389  128
44.078820  135
44.094387  110
44.107502  106
44.120917  28
44.156549  111
44.158462  102
44.161253  124
44.165898  113
44.172775  127
44.174728  107
44.178613  122
44.205835  116
44.247640  127
44.256617  95
44.281068  137
44.288245  118
44.290637  35
44.306124  123
44.315647  109
44.319592  128
44.333480  119
44.335613  106
44.362242  113
44.368640  111
44.406091  123
44.411909  96
44.420539  125
44.428749  137
44.436819  135
44.443975  136
44.467240  129
44.476210  126
44.493190  126
44.504492  46
44.537281  113
44.541226  136
44.609704  111
44.661131  132
44.672131  146
44.689396  132
44.708649  46
44.721444  127
44.738684  121
44.753217  117
44.778168  112
44.803706  139
44.827903  152
44.832727  103
44.867097  139
44.868870  142
44.900897  150
44.913553  153
44.915366  51
44.928960  72
44.959355  125
44.960988  122
44.975843  141
44.979609  136
44.989964  147
44.996162  132
45.003399  136
45.008957  147
45.036739  149
45.044770  142
45.059657  161
45.083155  162
45.093058  163
45.101423  174
45.103036  133
45.104709  166
45.111566  152
45.133114  77
45.148102  157
45.150474  149
45.163190  141
45.179850  141
45.186188  127
45.200876  142
45.204801  160
45.231783  171
45.252281  175
45.254454  132
45.256527  174
45.278132  168
45.287441  169
45.304082  178
45.318159  175
45.329980  160
45.340942  176
45.349792  161
45.360915  83
45.371677  88
45.385398  160
45.404610  133
45.406323  160
45.414853  157
45.419298  162
45.423243  182
45.436257  160
45.477694  182
45.512368  184
45.542443  171
45.557790  191
45.566280  193
45.569986  89
45.593859  101
45.605640  179
45.609946  170
45.622047  176
45.635381  170
45.636994  165
45.660750  173
45.666967  189
45.678269  172
45.701945  183
45.706290  186
45.707903  157
45.744202  194
45.761370  208
45.764062  196
45.778535  198
45.780448  191
45.787085  193
45.790991  198
45.808690  198
45.810802  179
45.819252  199
45.824416  105
45.843668  162
45.847933  109
45.875123  177
45.879348  182
45.888398  196
45.902635  184
45.924719  200
45.931437  189
45.945212  174
45.951969  173
45.955615  211
45.957708  185
45.987970  206
46.000326  215
46.031347  202
46.033520  211
46.035433  222
46.042270  204
46.046635  212
46.056309  125
46.068549  125
46.084116  221
46.088081  187
46.091447  206
46.096910  199
46.103196  206
46.104829  206
46.118602  208
46.127851  189
46.133130  200
46.150317  190
46.151890  219
46.166202  207
46.168315  226
46.170727  230
46.206106  177
46.215555  180
46.225379  201
46.238574  215
46.257686  224
46.265957  227
46.267970  233
46.276939  208
46.285310  235
46.305608  229
46.314138  131
46.322068  221
46.333350  250
46.339808  140
46.375121  211
46.384744  207
46.388749  204
46.390622  240
46.395846  213
46.397879  142
46.405582  219
46.413653  228
46.421783  225
46.430693  222
46.432606  237
46.446880  210
46.472790  249
46.477994  212
46.495873  249
46.553907  252
46.560684  258
46.569654  167
46.595065  243
46.599330  216
46.603695  252
46.610372  247
46.622868  256
46.625240  245
46.640427  224
46.647064  252
46.656994  224
46.662799  239
46.676153  219
46.679459  243
46.689607  267
46.699036  282
46.701608  237
46.732761  260
46.739398  221
46.757591  261
46.764787  251
46.785098  263
46.789763  267
46.791856  263
46.803637  279
46.807642  221
46.817325  257
46.826634  258
46.846686  268
46.852544  259
46.903711  248
46.906223  256
46.912421  178
46.917066  248
46.935664  249
46.945572  258
46.949777  241
46.952229  263
46.961298  245
46.967485  264
46.982412  259
46.984005  270
46.991982  248
47.011059  264
47.069633  271
47.073288  267
47.079046  260
47.093411  179
47.097836  181
47.118920  259
47.138156  266
47.142441  280
47.154190  254
47.315984  280
47.334097  263
47.352327  267
47.367039  271
47.377415  179
47.402163  253
47.450328  258
47.471039  271
47.478722  249
47.485559  272
47.495068  252
47.497260  261
47.515833  271
47.522749  262
47.534901  287
47.539985  271
47.561394  272
47.571123  271
47.587288  277
47.593785  265
47.600042  275
47.617645  181
47.635464  281
47.637836  263
47.640388  260
47.658997  265
47.677156  253
47.693081  264
47.695094  263
47.706055  254
47.712807  275
47.715638  263
47.717830  248
47.769441  256
47.771893  231
47.791992  268
47.826100  274
47.835629  269
47.843719  275
47.846351  274
47.847944  264
47.850276  261
47.856873  270
47.868562  265
47.882415  171
47.896108  163
47.899973  233
47.922836  235
47.928274  242
47.930027  162
47.938422  234
47.950702  245
47.964775  232
47.971452  217
47.980980  245
47.990309  232
48.030065  256
48.048823  238
48.071637  244
48.073370  243
48.075542  233
48.082606  242
48.090381  147
48.092094  146
48.099190  220
48.107480  232
48.109113  221
48.114197  218
48.118722  221
48.122607  218
48.131057  219
48.133449  217
48.135601  230
48.137394  227
48.144111  204
48.148216  203
48.152181  211
48.165035  200
48.172870  204
48.185250  219
48.215767  231
48.234884  189
48.239049  211
48.254855  183
48.256428  183
48.270562  177
48.276006  210
48.277939  202
48.286549  203
48.288801  192
48.291513  192
48.310994  191
48.336408  106
48.340793  177
48.356340  172
48.357953  171
48.361958  175
48.363671  95
48.368795  168
48.381571  180
48.384083  180
48.384842  167
48.394051  165
48.399949  154
48.402341  163
48.403934  153
48.410371  177
48.416769  164
48.423525  176
48.439550  174
48.442042  162
48.444254  159
48.459641  162
48.477879  164
48.484596  160
48.491652  66
48.500049  146
48.510232  140
48.514337  153
48.518962  148
48.531457  147
48.535562  160
48.562950  147
48.565562  132
48.570246  146
48.571899  137
48.580069  157
48.581942  146
48.584114  129
48.585767  137
48.610018  140
48.611297  103
48.613410  123
48.637207  93
48.639359  121
48.645757  120
48.650182  113
48.652354  112
48.666235  112
48.674795  113
48.697653  88
48.714732  95
48.716305  19
48.719731  100
48.729347  93
48.744395  82
48.748260  75
48.766543  97
48.768955  85
48.787402  82
48.798964  91
48.816803  99
48.820648  98
48.829198  4
48.838148  83
48.844705  81
48.850823  84
48.859393  84
48.867069  82
48.871494  89
48.888353  72
48.893377  61
48.900154  66
48.905872  74
48.908524  72
48.912989  57
48.918133  80
48.925704  48
48.934535  71
48.958641  47
48.971903  87
48.978361  79
48.994207  86
48.998792  73
49.016565  0
49.019616  54
49.036022  70
49.037975  57
49.044233  64
49.051470  56
49.064665  53
49.069290  46
49.073295  53
49.082364  66
49.090040  66
49.091673  65
49.102783  51
49.114169  67
49.142044  85
49.269900  77
49.415681  74
49.430735  82
49.449848  82
49.499894  88
49.506531  68
49.512809  6
49.523071  74
49.527416  85
49.534014  99
49.536067  92
49.552354  92
49.584980  84
49.611029  82
49.617087  96
49.631755  100
49.661859  66
49.677146  97
49.681511  98
49.702082  100
49.725559  107
49.745486  30
49.750190  80
49.761472  89
49.785949  78
49.794755  85
49.820859  86
49.837419  106
49.839132  95
49.868872  109
49.877802  94
49.899427  100
49.903772  104
49.926815  110
49.931340  112
49.952053  93
49.958730  89
49.978962  95
49.994090  120
50.000788  100
50.016474  122
50.037380  90
50.059591  84
50.061444  123
50.065569  99
50.089520  128
50.129822  109
50.141364  90
50.145349  110
50.155692  42
50.164022  95
50.165695  47
50.167268  116
50.175258  87
50.185820  93
50.190245  119
50.201901  112
50.209811  111
50.227391  120
50.237035  110
50.252948  128
50.269608  129
50.290041  123
50.294525  88
50.296178  136
50.324840  131
50.331817  116
50.348318  121
50.384311  126
50.398859  138
50.422386  120
50.427690  143
50.446904  105
50.464603  112
50.470421  117
50.477258  142
50.478971  144
50.492445  150
50.499762  67
50.504467  111
50.510605  152
50.522047  151
50.528665  137
50.544566  131
50.558179  127
50.581378  127
50.583610  71
50.589448  133
50.608226  143
50.615203  146
50.632284  134
50.643146  145
50.645059  132
50.650837  117
50.669296  161
50.685796  93
50.693946  167
50.707780  157
50.714178  159
50.718483  164
50.720835  147
50.742914  165
50.745166  162
50.753776  134
50.777694  145
50.814386  151
50.818751  167
50.828280  150
50.852205  170
50.864370  138
50.872126  127
50.886654  154
50.917727  130
50.919640  172
50.928169  137
50.930821  170
50.948262  178
50.974119  152
50.992732  152
50.994685  94
51.007440  158
51.025046  94
51.035009  143
51.067476  164
51.082943  171
51.089461  142
51.093786  159
51.123828  106
51.139563  178
51.154531  168
51.158936  175
51.170018  177
51.171631  169
51.194466  188
51.207649  189
51.211794  167
51.229613  165
51.234358  167
51.267579  171
51.274436  199
51.278981  144
51.285219  176
51.323484  147
51.332534  165
51.347349  160
51.358258  180
51.376931  185
51.378604  159
51.389815  195
51.394140  169
51.395793  198
51.419809  217
51.432384  187
51.455608  115
51.477113  169
51.480938  118
51.497778  188
51.504215  176
51.510173  204
51.535942  192
51.551988  184
51.555494  155
51.570629  192
51.583744  206
51.595805  137
51.607362  216
51.620616  200
51.627414  217
51.631379  203
51.642042  196
51.657988  206
51.669470  200
51.686490  192
51.726095  197
51.747220  204
51.794576  176
51.799400  197
51.810821  178
51.812434  216
51.823736  208
51.837458  211
51.853899  218
51.860636  206
51.867073  215
51.909204  201
51.930510  198
51.941812  143
51.946077  202
51.970572  193
51.972205  145
51.978263  186
51.988985  209
52.000047  205
52.021972  206
52.030982  210
52.042784  210
52.049821  184
52.077704  211
52.112117  224
52.135328  213
52.154629  225
52.171850  231
52.183492  208
52.192482  215
52.227816  212
52.240431  232
52.247068  212
52.260083  201
52.271612  240
52.280003  189
52.290565  206
52.307785  200
52.338220  230
52.351575  207
52.356320  243
52.360285  209
52.366203  220
52.379896  254
52.403307  221
52.407592  232
52.422544  210
52.442444  152
52.444796  215
52.449815  230
52.452207  172
52.472933  180
52.477118  230
52.485469  229
52.496591  216
52.532168  228
52.550502  244
52.555446  223
52.571012  223
52.574978  235
52.581635  244
52.594410  247
52.603220  255
52.622353  240
52.624546  248
52.630604  181
52.666816  256
52.668389  251
52.690234  256
52.698344  247
52.703169  253
52.752695  258
52.758433  239
52.771498  242
52.783114  257
52.799287  219
52.808037  229
52.816747  248
52.818999  259
52.823791  229
52.845076  257
52.854900  257
52.871345  247
52.876549  270
52.889324  255
52.896041  270
52.909443  277
52.935073  257
52.939338  242
52.960523  229
52.971205  181
52.973118  236
52.986712  243
52.996815  192
52.998708  242
53.003572  236
53.012142  242
53.022832  231
53.028970  240
53.031362  256
53.057180  262
53.075159  252
53.077032  239
53.083489  271
53.091840  254
53.120988  277
53.140799  280
53.164296  206
53.172706  263
53.174519  267
53.187600  274
53.224572  254
53.242595  255
53.250590  275
53.275300  258
53.296470  290
53.300835  259
53.303047  273
53.308685  250
53.321193  253
53.340385  252
53.351827  271
53.356272  242
53.362950  284
53.374253  283
53.382564  277
53.393406  290
53.407479  267
53.412542  288
53.414255  292
53.425836  292
53.438391  279
53.470443  266
53.517675  262
53.529376  216
53.537047  273
53.539379  253
53.545437  217
53.550640  280
53.557971  255
53.569951  273
53.584802  275
53.601268  266
53.622078  280
53.625963  290
53.633120  277
53.658814  279
53.660547  292
53.720352  278
53.729980  280
53.756393  276
53.766301  269
53.775070  277
53.806528  266
53.816357  262
53.845936  290
53.858750  278
53.865774  253
53.900257  284
53.903623  268
53.913121  280
53.935968  277
53.938580  288
53.940992  286
53.962585  269
53.994163  259
54.016014  266
54.020878  251
54.039615  207
54.058033  205
54.075864  260
54.113711  279
54.136119  284
54.138251  258
54.142856  277
54.145148  272
54.158422  273
54.168330  274
54.178777  284
54.188246  278
54.199248  272
54.227313  194
54.237600  185
54.241485  261
54.263513  187
54.276946  179
54.278719  178
54.287828  175
54.303894  219
54.312703  239
54.332660  209
54.337404  239
54.349748  210
54.362148  215
54.371038  236
54.386804  208
54.392407  236
54.411924  231
54.418760  232
54.423664  245
54.426296  245
54.432793  231
54.434171  245
54.438995  156
54.474792  196
54.488606  211
54.497755  194
54.502814  138
54.533859  182
54.536111  182
54.537764  132
54.539557  132
54.542548  175
54.544161  174
54.548466  122
54.553550  190
54.568133  179
54.576951  201
54.579503  173
54.584028  191
54.586740  190
54.598076  189
54.602940  189
54.609521  192
54.625954  202
54.636735  200
54.638928  199
54.649830  199
54.663559  118
54.666111  118
54.668623  113
54.670276  113
54.671909  191
54.694005  110
54.696237  110
54.700722  104
54.702360  104
54.726177  155
54.733933  171
54.753425  143
54.755637  169
54.769086  146
54.771678  143
54.781406  151
54.787723  167
54.792567  142
54.801396  137
54.804702  157
54.813651  134
54.826715  157
54.836071  173
54.837724  171
54.844361  169
54.851498  93
54.857436  87
54.888190  149
54.896140  76
54.902617  132
54.912300  70
54.917503  124
54.923421  68
54.928085  110
54.934643  68
54.939447  136
54.948596  116
54.950808  135
54.953040  104
54.955013  120
54.959797  122
54.961530  122
54.984058  126
54.990915  123
55.004089  125
55.021589  40
55.023462  39
55.035024  109
55.041542  27
55.077462  81
55.093409  62
55.097475  93
55.105905  60
55.114975  65
55.120339  84
55.132399  53
55.139196  78
55.146886  71
55.150791  73
55.152884  75
55.157449  64
55.169264  0
55.200951  0
55.210819  44
55.221376  40
55.230424  28
55.232557  0
55.241807  52
55.256214  40
55.259900  70
55.260922  55
55.270271  58
55.299633  66
55.304018  0
55.319325  74
55.339277  0
55.342983  66
55.385473  38
55.405366  59
55.455806  45
55.619987  56
55.723999  44
55.737054  71
55.753794  34
55.758379  61
55.769721  77
55.782796  80
55.805520  9
55.824992  14
55.874407  6
55.883517  58
55.900478  23
55.919056  30
55.938229  32
55.960214  78
55.987776  37
55.989689  16
56.007168  86
56.038545  18
56.053852  90
56.099814  56
56.113348  78
56.114941  27
56.133075  80
56.159525  47
56.163770  20
56.168355  65
56.172840  74
56.174613  94
56.182983  25
56.198689  20
56.224499  33
56.236994  80
56.256447  35
56.272093  108
56.295511  47
56.306314  80
56.308566  59
56.329117  78
56.331588  84
56.346136  99
56.360330  40
56.378842  95
56.387752  113
56.409304  36
56.426904  109
56.453992  87
56.469708  102
56.484456  79
56.493232  41
56.497358  89
56.527983  46
56.543209  44
56.551399  82
56.557637  118
56.561223  44
56.571526  101
56.575352  107
56.583688  47
56.626043  89
56.642604  93
56.646549  51
56.670326  100
56.676803  60
56.697895  102
56.699908  70
56.706425  95
56.709117  93
56.711190  122
56.728596  110
56.732581  118
56.743191  116
56.769349  57
56.778518  65
56.802201  131
56.808299  132
56.817388  55
56.824960  65
56.841800  125
56.855394  130
56.868250  123
56.878660  78
56.894187  102
56.913720  79
56.930460  134
56.942082  132
56.944454  80
56.956477  93
56.981567  139
56.990117  130
57.000880  95
57.009790  79
57.028643  80
57.048215  83
57.056585  85
57.063062  87
57.077770  114
57.096869  88
57.124769  122
57.136711  98
57.141356  143
57.147733  156
57.152877  132
57.165092  82
57.166905  136
57.173542  89
57.181753  143
57.186058  97
57.194915  96
57.211919  148
57.218246  104
57.241515  152
57.248012  107
57.250145  97
57.297107  176
57.312434  180
57.325149  118
57.327102  172
57.336192  148
57.359491  154
57.368799  99
57.377470  177
57.393037  168
57.397662  105
57.410217  139
57.430269  105
57.438559  102
57.457352  109
57.459564  117
57.511071  119
57.535549  124
57.540054  122
57.561227  148
57.590227  134
57.608540  139
57.612985  108
57.614898  159
57.619623  191
57.626440  120
57.651912  130
57.656197  123
57.694328  136
57.696680  133
57.723017  136
57.747354  146
57.771270  210
57.782846  215
57.799613  188
57.807744  137
57.814261  136
57.819784  160
57.826442  142
57.832480  74
57.862061  146
57.875170  124
57.877642  172
57.893528  136
57.896140  142
57.897973  138
57.915832  145
57.922929  142
57.927074  144
57.942342  150
57.964226  152
57.966359  148
57.972617  153
58.020111  150
58.033406  162
58.035459  109
58.047380  191
58.059756  155
58.076317  162
58.100554  155
58.112809  152
58.124230  154
58.126762  164
58.130787  151
58.137783  162
58.148366  166
58.164866  158
58.191335  200
58.193787  151
58.251185  158
58.279966  206
58.297865  154
58.308788  160
58.311360  166
58.315465  144
58.359068  185
58.367738  155
58.379894  175
58.383639  156
58.401098  163
58.402691  160
58.418677  155
58.458023  155
58.462268  157
58.480328  171
58.490710  159
58.492863  168
58.511976  165
58.526543  185
58.535012  167
58.548610  181
58.555966  172
58.579100  187
58.582426  193
58.619615  168
58.624459  166
58.643752  178
58.696005  160
58.700010  180
58.713325  168
58.726220  168
58.732897  178
58.739354  159
58.767164  184
58.799240  190
58.820464  194
58.839696  173
58.864307  200
58.889536  204
58.900917  181
58.917578  182
58.928400  180
58.935078  170
58.942689  192
58.944462  180
58.955743  183
58.991131  184
59.001934  194
59.011657  187
59.029136  204
59.044783  211
59.050401  169
59.061930  196
59.069441  197
59.079943  209
59.085227  183
59.107487  186
59.114768  192
59.117240  216
59.134700  185
59.138006  220
59.145462  195
59.147535  186
59.152440  197
59.169626  198
59.173991  208
59.194603  216
59.214676  201
59.221952  209
59.240625  216
59.260058  202
59.270760  204
59.277178  202
59.303216  198
59.321834  229
59.332837  168
59.349297  226
59.359440  198
59.377933  219
59.388675  201
59.405614  236
59.424065  188
59.431995  222
59.443316  200
59.451986  217
59.465801  223
59.468233  204
59.484320  205
59.495968  236
59.498260  224
59.539058  235
59.565122  216
59.572798  238
59.597949  211
59.622085  224
59.627923  237
59.640644  249
59.650947  235
59.673091  231
59.674904  233
59.678650  245
59.687360  227
59.694297  230
59.698142  256
59.705019  239
59.714982  241
59.725685  237
59.727298  241
59.751993  242
59.770227  247
59.783481  244
59.792331  228
59.803824  217
59.828649  230
59.833593  242
59.844176  249
59.860636  242
59.886118  246
59.888690  250
59.930386  248
59.934911  246
59.945753  247
59.951017  244
