# t(s) QueuingDelay(ms)
10.202133  2
10.223678  10
10.252383  10
10.260253  6
10.293024  20
10.297089  17
10.303047  18
10.308071  35
10.321346  43
10.328063  25
10.351981  58
10.358298  25
10.367288  64
10.403740  31
10.425105  52
10.427497  73
10.451015  84
10.459505  68
10.461118  91
10.470082  28
10.475673  81
10.480877  92
10.516802  134
10.528624  114
10.549417  122
10.552129  148
10.563131  122
10.570442  57
10.576520  77
10.583757  91
10.585510  151
10.592027  153
10.599678  198
10.605301  158
10.615465  217
10.617897  161
10.620269  96
10.644570  178
10.654414  240
10.658599  189
10.676918  191
10.682976  250
10.685288  96
10.699696  93
10.702108  271
10.704061  205
10.718069  214
10.731223  225
10.756713  236
10.758906  94
10.766676  241
10.776314  108
10.778507  273
10.798659  276
10.805696  247
10.818292  319
10.832247  262
10.858697  323
10.860989  263
10.876037  133
10.891304  326
10.897102  340
10.909929  139
10.920811  358
10.927548  353
10.933986  333
10.940863  333
10.942496  147
10.966992  149
10.979307  175
10.987638  288
11.003205  305
11.005537  195
11.019052  315
11.032986  203
11.039344  434
11.076855  443
11.080046  336
11.081699  10
11.098699  222
11.100452  450
11.115659  238
11.120424  455
11.133679  459
11.135432  344
11.146234  288
11.150379  404
11.159909  292
11.176396  297
11.178009  433
11.193859  467
11.200176  464
11.219336  304
11.221129  475
11.225533  475
11.238388  487
11.266031  502
11.272308  306
11.278865  490
11.289435  503
11.297015  334
11.310190  498
11.312522  353
11.317247  514
11.334646  512
11.336399  20
11.343077  343
11.347921  515
11.357605  557
11.381682  527
11.384314  563
11.390592  62
11.406039  536
11.428492  562
11.441547  566
11.443360  583
11.462839  592
11.466385  564
11.474802  468
11.492209  598
11.498666  345
11.506857  128
11.517919  611
11.532554  377
11.534227  615
11.548541  626
11.552786  422
11.557271  151
11.564782  640
11.586747  162
11.595457  443
11.609191  642
11.620253  654
11.631689  677
11.634161  491
11.644831  23
11.651629  683
11.657387  459
11.663344  524
11.676299  536
11.678472  686
11.680664  473
11.696572  473
11.699164  578
11.701276  693
11.717043  493
11.718716  41
11.721368  594
11.723501  709
11.736496  731
11.750869  602
11.761412  749
11.775265  714
11.781473  606
11.783566  55
11.794188  619
11.802398  631
11.804451  509
11.816053  254
11.817646  657
11.835564  308
11.838116  700
11.840428  661
11.846546  663
11.849018  299
11.857368  520
11.878093  669
11.896751  675
11.903408  537
11.924013  552
11.926705  344
11.929337  682
11.939799  557
11.947610  582
11.970512  318
11.976390  587
11.978982  722
11.994849  744
11.999354  406
12.006470  693
12.026082  694
12.028155  773
12.035651  787
12.045499  594
12.047252  757
12.060666  420
12.083529  735
12.101818  596
12.105664  752
12.108156  749
12.121665  753
12.127368  596
12.149551  805
12.167120  442
12.190637  817
12.204120  601
12.206712  453
12.232741  821
12.238839  478
12.241211  603
12.248468  772
12.281134  374
12.285959  784
12.293655  610
12.304357  799
12.333059  619
12.346354  819
12.349006  628
12.351218  835
12.353690  418
12.404374  793
12.418368  865
12.427418  848
12.433936  659
12.448237  664
12.470820  692
12.501652  712
12.508668  446
12.539042  447
12.548191  695
12.582870  673
12.584683  871
12.598317  511
12.611112  473
12.654573  878
12.656486  869
12.675144  941
12.692124  897
12.694516  483
12.700873  965
12.702706  707
12.715926  887
12.730893  981
12.764776  721
12.785646  1004
12.792883  1001
12.797667  999
12.800179  980
12.809388  975
12.812814  961
12.818117  951
12.829299  945
12.835616  932
12.837229  924
12.840475  891
12.850882  870
12.853474  856
12.860131  116
12.861884  854
12.864036  741
12.868121  835
12.911408  841
12.915713  136
12.924902  847
12.947266  854
12.957629  850
12.968211  689
12.989500  1001
12.999309  851
13.001941  850
13.021473  830
13.030083  822
13.036520  808
13.050806  789
13.090174  754
13.106600  702
13.110865  507
13.121627  748
13.124279  721
13.136060  718
13.139457  747
13.144485  162
13.160330  537
13.167287  203
13.169399  712
13.177649  520
13.218273  700
13.222758  486
13.230114  478
13.258572  465
13.266902  450
13.272940  449
13.288266  160
13.319241  444
13.326903  426
13.334924  458
13.351256  435
13.353948  433
13.356080  426
13.357993  422
13.361869  364
13.374764  578
13.377436  406
13.381273  396
13.383485  393
13.385558  0
13.407359  458
13.415849  452
13.424529  452
13.426202  282
13.430746  445
13.432379  270
13.436484  436
13.443461  433
13.445114  266
13.450963  399
13.455248  185
13.456841  391
13.464912  227
13.467084  224
13.469639  221
13.474283  211
13.475916  210
13.478531  140
13.491656  189
13.496800  185
13.498553  177
13.501105  310
13.503098  174
13.509036  173
13.526135  308
13.548180  135
13.552565  175
13.581026  311
13.587404  312
13.606197  314
13.621664  139
13.665207  148
13.667519  29
13.676668  1
13.683185  158
13.699517  164
13.713251  172
13.717456  177
13.732283  186
13.738461  183
13.746531  183
13.752948  199
13.756714  200
13.765604  3
13.768096  218
13.770508  225
13.772381  230
13.782075  208
13.783768  396
13.787893  2
13.796243  218
13.804473  3
13.815302  25
13.827727  322
13.832951  45
13.843714  237
13.845767  57
13.854417  247
13.867732  392
13.874509  395
13.882020  263
13.888977  202
13.891269  63
13.893382  29
13.895415  405
13.909868  415
13.951750  417
13.955755  238
13.970415  77
13.990967  79
13.997065  280
13.998758  325
14.005862  32
14.007455  109
14.024795  339
14.045631  123
14.057153  211
14.059206  359
14.062400  135
14.075116  424
14.084745  222
14.124030  240
14.128675  441
14.138589  454
14.142814  280
14.162906  458
14.168289  295
14.177080  34
14.190183  323
14.202498  325
14.221505  44
14.227443  343
14.236791  350
14.252538  52
14.261827  66
14.284730  201
14.290113  353
14.308871  216
14.315429  355
14.327018  144
14.328871  251
14.331263  74
14.365063  270
14.373573  111
14.398808  396
14.405406  285
14.424759  210
14.434167  407
14.446562  257
14.457045  435
14.461090  292
14.480250  471
14.485174  308
14.493644  153
14.513376  162
14.523045  499
14.531595  499
14.540106  284
14.546623  502
14.548935  318
14.565127  429
14.579695  285
14.592976  529
14.599714  438
14.606531  285
14.610756  470
14.629888  687
14.657864  692
14.666713  505
14.692669  510
14.696914  348
14.703212  552
14.716606  503
14.740484  522
14.745308  508
14.763467  553
14.777854  368
14.784091  656
14.800317  602
14.812253  653
14.872422  670
14.893827  665
14.919377  667
14.923782  294
14.938251  673
14.959776  647
14.963841  319
14.995288  23
15.010175  342
15.088458  371
15.110697  375
15.119686  676
15.124745  650
15.149494  706
15.153619  379
15.212983  323
15.223566  705
15.236029  532
15.317015  541
15.343725  405
15.382031  705
15.420455  4
15.477367  707
15.543636  408
15.556530  41
15.566953  577
15.611223  442
15.649556  83
15.660278  474
15.678281  527
15.685637  782
15.689482  686
15.706442  527
15.778098  528
15.803394  535
15.810031  697
15.818121  542
15.844031  95
15.846004  600
15.857545  794
15.903641  436
15.909819  809
15.939514  455
15.975934  473
15.983885  769
16.011395  13
16.018752  863
16.021384  484
16.034260  11
16.038825  22
16.067906  29
16.072052  105
16.093357  120
16.101787  379
16.109423  134
16.115641  600
16.153837  515
16.267176  753
16.271761  501
16.282244  485
16.294680  770
16.364476  872
16.385550  877
16.403449  536
16.429228  540
16.444575  559
16.448441  111
16.475308  562
16.486629  559
16.488222  143
16.503810  557
16.505443  617
16.522642  515
16.527047  689
16.535248  521
16.539094  164
16.562351  196
16.618610  558
16.631525  816
16.633258  560
16.656197  95
16.668862  525
16.670435  589
16.687696  592
16.699320  96
16.712735  575
16.752039  717
16.757678  536
16.768440  567
16.778212  207
16.785563  700
16.813856  91
16.821490  697
16.847174  546
16.850540  858
16.879390  151
16.963568  555
16.978036  154
16.995915  562
17.006657  122
17.048476  154
17.085009  161
17.103563  729
17.120883  218
17.172071  533
17.207271  592
17.231775  595
17.255692  577
17.261730  883
17.283728  610
17.313428  592
17.340451  614
17.359543  732
17.394742  631
17.396715  969
17.417820  974
17.439111  641
17.464865  674
17.496048  674
17.522543  746
17.525015  627
17.534373  220
17.559400  220
17.595896  631
17.638796  297
17.675482  171
17.693655  629
17.748413  874
17.764498  640
17.785492  302
17.790244  901
17.816557  184
17.841858  811
17.848076  960
17.854882  213
17.930117  820
18.022723  222
18.066820  242
18.081918  241
18.122471  631
18.165143  257
18.177088  643
18.195202  629
18.305716  986
18.373488  688
18.397429  980
18.424200  252
18.438720  684
18.451560  655
18.460808  721
18.564048  758
18.566760  631
18.568493  654
18.576343  648
18.586685  303
18.589876  630
18.591649  626
18.593222  625
18.602765  635
18.635135  626
18.647435  303
18.651045  304
18.662715  304
18.669562  795
18.687525  183
18.695580  635
18.742027  815
18.753308  220
18.783812  960
18.789530  299
18.794613  297
18.824582  245
18.837121  248
18.853657  244
18.858011  238
18.867559  231
18.872351  228
18.873944  222
18.875957  795
18.888456  710
18.893640  605
18.900776  747
18.923871  745
18.932780  598
18.935352  738
18.940815  594
18.944261  591
18.959592  587
18.964376  587
18.976012  207
18.992777  582
19.017417  195
19.028513  200
19.031879  197
19.044228  191
19.046640  191
19.064004  197
19.066456  565
19.072174  572
19.075305  193
19.078416  191
19.082106  190
19.086511  572
19.108937  193
19.113062  194
19.122630  192
19.127334  568
19.129127  554
19.161289  191
19.204969  563
19.215871  563
19.222568  563
19.254700  930
19.256912  569
19.273797  568
19.279895  558
19.281488  558
19.288005  556
19.296000  555
19.307625  920
19.315700  559
19.344045  173
19.350941  173
19.356225  550
19.363801  548
19.368845  562
19.405893  549
19.410697  552
19.415761  554
19.431646  556
19.437249  219
19.440435  215
19.453634  556
19.464156  555
19.468181  552
19.480900  552
19.487681  542
19.510238  542
19.538543  534
19.543167  533
19.547831  533
19.553594  208
19.564121  207
19.570179  203
19.577619  725
19.584116  198
19.585709  719
19.588221  164
19.595417  161
19.600436  155
19.606039  149
19.611964  178
19.628609  148
19.652082  820
19.660732  166
19.665556  166
19.668128  165
19.695607  116
19.714668  115
19.718174  111
19.719827  111
19.723053  109
19.731047  108
19.735818  108
19.742535  101
19.778188  614
19.803741  80
19.836300  63
19.842282  63
19.845992  71
19.848644  63
19.879863  76
19.889931  444
19.897986  76
19.899819  74
19.902471  73
19.906676  68
19.913053  64
19.937083  65
19.943899  435
19.959352  51
19.970578  416
19.977974  404
19.982119  400
19.992641  398
20.002409  394
20.007613  392
20.011958  390
20.021366  386
20.034465  382
20.039588  381
20.063002  379
20.065434  739
20.067886  379
20.070458  378
20.093710  2
20.111209  388
20.151373  9
20.190088  323
20.192400  322
20.194852  0
20.197404  332
20.209604  320
20.211457  320
20.214029  319
20.218134  687
20.246723  320
20.271590  0
20.275340  0
20.280704  0
20.283276  515
20.285688  0
20.315571  0
20.320710  0
20.346624  646
20.387888  0
20.415733  0
20.422190  1
20.423863  0
20.466548  460
20.488750  0
20.563121  1
20.564914  296
20.574961  2
20.579585  2
20.583710  4
20.599401  4
20.604205  0
20.661849  298
20.672012  300
20.684775  300
20.693105  301
20.701020  300
20.731252  302
20.748640  664
20.751826  302
20.784346  5
20.796766  330
20.868031  303
20.883238  290
20.921266  455
20.952059  557
21.001344  569
21.052731  358
21.084162  0
21.108830  2
21.115866  4
21.127327  4
21.129140  0
21.179980  412
21.213285  62
21.247570  12
21.268030  5
21.290658  186
21.305055  0
21.306628  0
21.311073  0
21.323233  322
21.327738  2
21.335772  0
21.362009  342
21.368346  0
21.370778  2
21.376181  9
21.379292  7
21.383177  4
21.385010  101
21.389854  99
21.450773  0
21.463132  2
21.465584  4
21.480955  4
21.482611  5
21.504439  304
21.534333  0
21.579753  0
21.595878  3
21.625916  0
21.646459  173
21.650904  0
21.665595  2
21.667248  4
21.669680  298
21.680786  4
21.697590  5
21.699163  10
21.701655  13
21.704267  27
21.709051  26
21.720672  0
21.726375  11
21.745251  13
21.749296  26
21.751608  30
21.767636  100
21.784935  25
21.845650  306
21.850274  2
21.936731  5
21.939937  13
21.984811  15
21.992826  24
21.994399  140
22.126668  33
22.133086  141
22.150246  146
22.184426  41
22.245717  307
22.263196  317
22.273579  60
22.286494  363
22.290959  65
22.306074  66
22.317196  89
22.340698  90
22.354252  95
22.376335  43
22.421163  101
22.434624  61
22.436697  105
22.466816  116
22.496495  39
22.518780  207
22.521112  41
22.523125  336
22.644232  151
22.652582  122
22.654675  243
22.670002  6
22.679653  96
22.681426  126
22.686151  125
22.693208  21
22.730383  385
22.747388  388
22.754684  130
22.767679  153
22.770251  394
22.789388  403
22.791561  464
22.824474  354
22.826067  111
22.840620  168
22.850289  173
22.865247  180
22.874815  42
22.888309  101
22.897438  128
22.971799  186
22.986747  198
22.994243  167
22.996355  223
23.030022  39
23.032694  93
23.037978  198
23.040071  226
23.043996  224
23.050693  225
23.053085  230
23.067543  275
23.093676  284
23.097781  107
23.105292  42
23.114122  47
23.129190  428
23.139053  102
23.148701  112
23.158644  116
23.165541  219
23.174391  221
23.181168  447
23.200366  364
23.213141  134
23.221612  263
23.240165  51
23.267294  148
23.276244  232
23.278097  370
23.289179  254
23.297969  249
23.300221  273
23.311843  250
23.347829  384
23.381237  286
23.389907  287
23.398956  289
23.401228  473
23.408165  595
23.426522  297
23.434833  298
23.444541  298
23.447747  175
23.460642  303
23.483465  303
23.492794  303
23.497398  197
23.507801  202
23.514318  302
23.516171  275
23.517924  147
23.525120  196
23.526833  300
23.564669  43
23.603937  308
23.622390  537
23.635532  229
23.649785  299
23.652437  313
23.675814  467
23.681912  317
23.683545  226
23.696739  238
23.700884  269
23.706088  274
23.712626  298
23.714359  285
23.716711  387
23.721455  285
23.725500  392
23.734110  289
23.738475  293
23.744693  296
23.747105  439
23.759070  232
23.766630  242
23.776118  548
23.803326  293
23.805279  291
23.809763  551
23.811356  284
23.823332  585
23.858981  491
23.870163  371
23.883398  385
23.889216  168
23.930420  393
23.934405  283
23.939030  265
23.940983  328
23.943095  414
23.949433  310
23.954238  310
23.956031  288
23.984793  332
24.021453  316
24.042697  592
24.075823  325
24.087250  623
24.098712  585
24.102717  329
24.119337  305
24.122803  335
24.143260  340
24.155856  350
24.165726  420
24.167539  364
24.175130  305
24.190197  377
24.191890  323
24.203798  311
24.206430  382
24.210336  346
24.223410  383
24.232259  401
24.236204  462
24.244095  412
24.260608  423
24.269458  105
24.286478  427
24.293035  207
24.294768  299
24.304479  431
24.309183  372
24.318301  388
24.322526  439
24.341978  423
24.372652  345
24.399161  430
24.401733  311
24.403906  359
24.413075  442
24.417560  371
24.426310  443
24.452659  464
24.458217  443
24.465628  469
24.468779  441
24.485344  438
24.494414  376
24.496347  506
24.498060  382
24.507089  395
24.538458  287
24.540211  396
24.570947  394
24.577305  604
24.598929  630
24.636741  423
24.657986  423
24.681291  444
24.687948  423
24.690520  550
24.698591  310
24.704089  388
24.717703  521
24.726393  426
24.728486  350
24.767391  426
24.778672  439
24.786123  648
24.793498  702
24.795071  653
24.796924  451
24.849261  452
24.857411  465
24.859963  698
24.869786  467
24.871639  748
24.892529  469
24.900719  353
24.939757  470
24.949300  474
24.960282  357
24.967079  482
24.968832  375
24.985119  488
24.989464  433
25.007603  389
25.018606  465
25.022092  493
25.032119  505
25.038317  511
25.047306  510
25.049379  702
25.101151  666
25.118790  512
25.121961  397
25.134515  524
25.143444  544
25.150640  540
25.158525  533
25.160937  396
25.168732  530
25.175729  453
25.180414  372
25.207490  372
25.214386  543
25.221123  376
25.225468  460
25.227960  545
25.237189  464
25.242492  554
25.244565  549
25.269565  551
25.273570  469
25.276102  553
25.303728  558
25.306420  397
25.313396  558
25.322325  569
25.325276  623
25.331833  571
25.337684  395
25.347596  572
25.371964  576
25.374676  397
25.382991  706
25.387436  587
25.392460  590
25.400016  591
25.407531  592
25.414208  585
25.419512  580
25.432886  413
25.446419  455
25.451643  472
25.454075  719
25.465856  469
25.474806  477
25.477318  759
25.479451  482
25.500636  727
25.538741  433
25.542307  544
25.551796  563
25.563457  445
25.572127  560
25.576212  453
25.585560  406
25.591758  578
25.596702  644
25.603879  533
25.679754  802
25.682446  758
25.686891  764
25.712166  764
25.719737  833
25.749921  479
25.768773  482
25.785273  487
25.795400  490
25.807715  766
25.810566  496
25.817423  453
25.823881  482
25.838614  454
25.847484  403
25.851530  437
25.860049  429
25.868938  427
25.891345  429
25.904252  407
25.905825  420
25.911863  387
25.913856  414
25.920333  402
25.929636  371
25.931908  363
25.936572  360
25.939204  355
25.940857  643
25.947261  344
25.952565  340
25.957469  509
25.966059  505
25.972296  503
25.978733  664
25.990555  328
25.997032  484
26.003509  308
26.006380  313
26.012937  291
26.017302  418
26.019434  293
26.021447  589
26.035788  585
26.042206  247
26.050136  255
26.056543  553
26.080378  286
26.082650  245
26.102102  582
26.127671  375
26.134168  374
26.142638  372
26.160357  255
26.169886  252
26.185440  366
26.187732  365
26.196242  277
26.203459  249
26.216641  248
26.274569  278
26.276302  572
26.287245  239
26.390529  285
26.459787  302
26.466644  315
26.483504  299
26.487589  297
26.524026  308
26.540211  293
26.563014  284
26.569392  284
26.574076  283
26.576069  452
26.577862  282
26.586991  260
26.590297  448
26.630639  262
26.633231  279
26.634844  280
26.635543  284
26.657947  581
26.677880  555
26.683598  568
26.685331  256
26.707755  566
26.754310  248
26.758175  244
26.772643  359
26.787291  244
26.888201  590
26.889994  288
26.908441  302
26.971308  595
27.123441  334
27.160099  338
27.187688  303
27.226531  304
27.230476  314
27.243011  317
27.256045  284
27.260370  286
27.261963  339
27.263676  452
27.291876  453
27.311867  490
27.326380  500
27.330206  257
27.345340  278
27.352177  612
27.357815  315
27.380766  613
27.382619  330
27.389536  333
27.404644  639
27.409208  304
27.424915  597
27.432946  602
27.451880  251
27.472078  262
27.497567  283
27.503805  356
27.539977  362
27.551339  356
27.564234  616
27.631246  344
27.644201  672
27.699511  355
27.710973  682
27.713505  625
27.741946  697
27.746850  376
27.753348  366
27.779815  357
27.795713  341
27.834871  355
27.854581  644
27.857552  360
27.893978  407
27.906186  419
27.920873  304
27.937789  341
27.998269  345
28.002814  396
28.012123  414
28.021292  397
28.037538  422
28.045569  426
28.072078  500
28.089435  501
28.102249  341
28.113980  336
28.122274  342
28.140133  361
28.152888  591
28.162651  647
28.170346  595
28.174371  427
28.185672  693
28.198807  734
28.217105  685
28.230079  688
28.272458  472
28.289498  359
28.299526  445
28.318984  483
28.355573  425
28.378870  446
28.435286  714
28.442183  738
28.462988  427
28.476526  725
28.478619  732
28.494390  433
28.543245  401
28.559994  764
28.573654  777
28.591801  805
28.602743  452
28.638055  449
28.650659  444
28.672607  513
28.720528  746
28.743010  455
28.753385  446
28.768256  530
28.782648  540
28.795088  539
28.797780  361
28.807229  505
28.814706  815
28.816998  436
28.854543  507
28.860940  526
28.873100  512
28.886791  428
28.894247  429
28.896679  500
28.901558  496
28.920729  604
28.932937  651
28.950842  427
28.957059  438
28.965236  456
28.969961  466
28.982062  820
28.984274  483
28.997048  662
29.000913  660
29.006266  653
29.007919  476
29.010511  779
29.042407  437
29.048824  510
29.059231  779
29.076746  500
29.086701  459
29.110546  556
29.115569  476
29.142321  568
29.159066  485
29.161199  485
29.197379  490
29.208980  489
29.222613  486
29.224266  486
29.254948  811
29.266748  808
29.291468  503
29.320752  470
29.362945  594
29.428134  810
29.494761  523
29.513487  505
29.537617  769
29.539929  766
29.551031  434
29.557848  424
29.563331  729
29.580634  404
29.583026  400
29.587131  396
29.588824  367
29.591276  382
29.593668  367
29.595321  381
29.598412  361
29.616555  362
29.629669  363
29.636011  363
29.641355  363
29.652396  348
29.654309  339
29.659153  643
29.661146  348
29.663339  338
29.672533  332
29.683854  448
29.685592  627
29.691100  342
29.710417  340
29.714821  642
29.716634  637
29.722172  310
29.727136  385
29.735226  363
29.751998  246
29.776559  210
29.785508  210
29.789973  522
29.796231  182
29.798363  179
29.800156  483
29.817140  106
29.832155  86
29.834567  410
29.841044  416
29.855711  408
29.868275  98
29.907029  91
29.926345  339
29.939879  67
29.942571  56
29.951380  161
29.952993  370
29.978088  51
29.985512  37
29.992109  30
30.027288  28
30.034344  26
30.037375  18
30.040007  326
30.044312  51
30.065396  45
30.084595  52
30.095317  140
30.119377  20
30.150314  32
30.158944  44
30.169626  51
30.177796  364
30.209683  356
30.219526  191
30.221878  29
30.270510  42
30.284065  307
30.294387  34
30.303940  29
30.307146  335
30.335896  21
30.337549  3
30.345425  5
30.353175  3
30.386774  2
30.389545  0
30.391278  303
30.395742  27
30.406144  351
30.435924  26
30.447825  41
30.458787  135
30.468076  134
30.522514  26
30.531124  36
30.544238  349
30.579149  19
30.603904  5
30.704736  15
30.716437  5
30.724508  15
30.733971  11
30.737142  4
30.741866  3
30.772214  345
30.779451  24
30.795598  179
30.803728  34
30.809806  33
30.813731  124
30.837274  3
30.853940  2
30.869704  1
30.900398  335
30.904703  29
30.928799  4
30.950096  308
30.959784  171
30.970147  334
31.000409  22
31.006447  305
31.015157  13
31.017429  323
31.021554  113
31.039401  0
31.046418  2
31.048111  0
31.087593  292
31.094610  16
31.114182  326
31.128909  156
31.133214  7
31.138278  6
31.141944  11
31.146569  8
31.159504  106
31.196517  8
31.211074  0
31.241427  325
31.299217  1
31.314469  5
31.320946  14
31.400501  5
31.419413  19
31.442800  31
31.444393  20
31.457947  22
31.472799  8
31.498014  18
31.531595  29
31.536279  108
31.542896  33
31.544509  109
31.550647  120
31.559876  33
31.602712  33
31.616247  17
31.674817  302
31.676530  38
31.678722  32
31.680295  15
31.698876  329
31.727378  32
31.744478  313
31.753128  130
31.766801  44
31.773278  39
31.795003  37
31.797575  12
31.827455  23
31.832080  325
31.834272  46
31.845095  25
31.854564  349
31.861581  38
31.889742  40
31.908715  45
31.930239  145
31.944746  348
31.968224  36
31.976594  37
31.983331  40
32.015538  37
32.039495  48
32.050057  47
32.058771  34
32.099988  44
32.113736  174
32.143319  353
32.147604  330
32.157707  149
32.176679  46
32.187788  20
32.207019  65
32.213776  67
32.227165  42
32.230056  72
32.232348  51
32.250047  337
32.259057  46
32.263282  354
32.287239  190
32.318200  152
32.332328  72
32.335339  172
32.354731  43
32.387098  44
32.401566  64
32.411498  71
32.428957  75
32.442172  71
32.465275  52
32.466868  75
32.471752  70
32.478549  355
32.497566  67
32.510440  195
32.514445  73
32.525367  382
32.554348  74
32.573236  361
32.577022  396
32.595420  180
32.611421  75
32.615666  49
32.622523  76
32.628501  81
32.657303  63
32.683773  392
32.685826  48
32.698586  75
32.709508  217
32.737491  89
32.739144  180
32.756304  84
32.759970  45
32.797700  76
32.811918  80
32.838268  100
32.864058  85
32.881816  81
32.897127  75
32.903405  370
32.914581  76
32.917033  81
32.939884  78
32.979009  84
32.985526  55
33.004159  396
33.008524  402
33.031862  186
33.048694  76
33.060419  85
33.074492  89
33.078558  94
33.087248  81
33.091673  90
33.119056  405
33.129699  91
33.132311  80
33.134563  92
33.145852  234
33.152130  102
33.175468  191
33.198627  202
33.205111  100
33.207643  72
33.241104  81
33.247901  88
33.255672  405
33.260057  412
33.261730  101
33.285387  105
33.293837  96
33.297043  82
33.352827  92
33.358031  383
33.364109  95
33.370547  87
33.394164  110
33.398809  404
33.427142  410
33.437325  98
33.459289  423
33.461082  384
33.468558  415
33.479341  206
33.486298  206
33.503243  92
33.510554  113
33.538835  123
33.556016  384
33.560761  110
33.562534  400
33.576115  424
33.580080  116
33.592960  117
33.603843  253
33.614466  110
33.627660  214
33.634317  88
33.655729  222
33.659655  116
33.662307  104
33.704413  222
33.706825  118
33.711090  424
33.715535  121
33.721713  430
33.728410  121
33.743857  120
33.745770  131
33.755246  120
33.812002  116
33.821311  405
33.825616  115
33.839894  264
33.854782  117
33.859087  128
33.866483  429
33.872900  117
33.899441  118
33.926104  429
33.931263  406
33.933535  440
33.945056  121
33.951702  229
33.960232  231
33.978586  115
34.011433  138
34.014105  117
34.025666  122
34.030151  411
34.042627  126
34.047851  130
34.052915  437
34.057020  129
34.075633  271
34.097797  240
34.102022  134
34.117808  130
34.123766  146
34.134148  141
34.138233  127
34.183856  139
34.187681  440
34.190512  240
34.192185  146
34.197943  444
34.207172  148
34.216367  138
34.221031  135
34.232133  143
34.291170  128
34.297088  122
34.303430  417
34.305343  281
34.309608  419
34.335497  138
34.337809  449
34.340021  129
34.375913  131
34.401780  463
34.445135  242
34.446748  132
34.466680  138
34.482027  136
34.500087  143
34.504372  424
34.509910  423
34.516068  281
34.518660  132
34.524119  455
34.541358  147
34.543371  135
34.554194  146
34.563244  238
34.568583  144
34.591427  142
34.619576  145
34.621549  148
34.633825  132
34.683599  131
34.694741  141
34.775889  130
34.800313  136
34.807190  134
34.809383  287
34.820105  136
34.824870  453
34.831767  457
34.895754  468
34.915366  142
34.924927  240
34.956203  143
34.965215  144
34.997908  427
35.004445  143
35.006418  431
35.013315  461
35.017820  149
35.022545  145
35.045851  148
35.056893  148
35.062691  246
35.077467  254
35.083805  155
35.107263  159
35.118685  150
35.125143  148
35.157891  150
35.162196  462
35.168134  151
35.174532  475
35.182156  148
35.184309  259
35.186581  146
35.188554  158
35.202188  168
35.212671  164
35.231289  162
35.249991  155
35.268069  299
35.280476  153
35.293642  299
35.299465  149
35.324601  149
35.326234  442
35.334664  155
35.337376  443
35.349592  311
35.356928  168
35.363226  158
35.376280  171
35.395373  470
35.422140  184
35.437172  514
35.446542  162
35.448275  168
35.452100  444
35.454293  261
35.460830  147
35.474564  268
35.497861  188
35.509742  196
35.515620  163
35.520045  154
35.539377  481
35.543242  166
35.550553  191
35.552885  486
35.557270  196
35.562134  191
35.564706  202
35.575128  338
35.584137  488
35.592707  166
35.599032  191
35.601604  277
35.614279  300
35.624467  181
35.637641  194
35.661643  170
35.663256  176
35.668408  298
35.683440  174
35.688504  509
35.691870  190
35.694202  167
35.699166  509
35.701778  289
35.704370  183
35.708415  180
35.714692  179
35.728944  469
35.733708  196
35.742557  194
35.749793  187
35.754997  183
35.756690  174
35.790379  164
35.796776  320
35.815588  159
35.827628  449
35.837271  157
35.839424  446
35.845841  166
35.847414  315
35.872670  182
35.876555  485
35.883552  182
35.902256  279
35.922267  180
36.002088  490
36.085648  204
36.098723  191
36.102868  159
36.148864  292
36.153928  207
36.156380  211
36.158053  193
36.200127  301
36.202799  301
36.209400  492
36.222170  199
36.227733  202
36.234610  203
36.237162  518
36.240273  303
36.242386  203
36.246096  184
36.254526  199
36.256299  163
36.262776  198
36.275523  211
36.287019  197
36.289132  193
36.293157  200
36.324148  186
36.378493  473
36.385250  193
36.401435  187
36.406399  195
36.423762  195
36.435223  505
36.439208  231
36.449264  510
36.468002  512
36.474000  522
36.500553  201
36.514106  528
36.532429  481
36.541358  495
36.550227  522
36.571052  199
36.585838  197
36.587711  350
36.596740  202
36.601225  489
36.605850  201
36.614440  485
36.616213  515
36.625876  193
36.629861  189
36.635524  188
36.645472  199
36.651335  509
36.674716  184
36.683685  181
36.693533  180
36.705548  181
36.714277  284
36.730905  178
36.733217  495
36.738521  178
36.740634  172
36.744659  177
36.749683  176
36.751276  176
36.753069  281
36.757714  171
36.766683  171
36.782230  163
36.784203  158
36.788348  161
36.791060  312
36.805532  141
36.807884  295
36.848238  145
36.862052  433
36.868150  145
36.900102  471
36.908612  166
36.913316  163
36.921790  466
36.937920  463
36.960310  472
36.965354  151
36.974343  149
36.981000  148
36.986084  160
37.009167  152
37.030283  151
37.070372  149
37.078902  301
37.087851  148
37.090023  438
37.107371  438
37.118133  150
37.120465  152
37.127402  153
37.134479  167
37.143029  473
37.150146  166
37.171531  148
37.173244  146
37.188175  145
37.190986  147
37.195810  252
37.200115  249
37.204400  141
37.205199  458
37.207311  131
37.211816  230
37.216181  442
37.223098  130
37.227843  129
37.230495  128
37.242217  125
37.243970  126
37.248255  274
37.264122  122
37.283354  138
37.305439  119
37.319912  113
37.322005  403
37.330595  403
37.340283  113
37.345048  112
37.346781  266
37.349173  110
37.351285  114
37.352898  264
37.355430  108
37.362726  121
37.364499  424
37.378152  421
37.391327  415
37.393500  97
37.397385  423
37.399857  101
37.409806  103
37.418237  110
37.443960  99
37.462246  385
37.463919  95
37.472968  384
37.477133  414
37.481218  93
37.496905  93
37.501330  92
37.506015  245
37.508707  90
37.515104  89
37.517297  377
37.521482  90
37.525827  409
37.528119  372
37.532344  97
37.534337  406
37.536709  80
37.550123  77
37.560886  63
37.569776  63
37.580859  59
37.582732  57
37.591751  166
37.601454  56
37.609129  373
37.630714  62
37.652064  221
37.666392  59
37.681399  76
37.700052  343
37.732666  54
37.736871  207
37.738564  51
37.743448  59
37.745581  69
37.755864  72
37.792388  381
37.812760  70
37.816985  69
37.833805  374
37.854237  55
37.869664  344
37.901972  55
37.910361  343
37.912733  59
37.917238  378
37.924769  377
38.002865  168
38.026602  56
38.034153  60
38.039796  60
38.056856  61
38.063513  56
38.098004  333
38.116936  46
38.121101  202
38.125366  47
38.127079  59
38.132937  45
38.136922  57
38.142066  360
38.176574  370
38.179880  46
38.200691  68
38.207688  67
38.218112  64
38.232908  61
38.237353  162
38.241539  47
38.259541  363
38.301591  337
38.303704  59
38.312473  342
38.323714  343
38.389571  161
38.401153  364
38.407350  59
38.426862  53
38.445264  65
38.454273  52
38.455866  68
38.502487  342
38.509244  53
38.529216  56
38.537706  368
38.576092  374
38.610572  77
38.612165  69
38.619322  376
38.630064  66
38.645670  340
38.653968  375
38.675108  56
38.698501  63
38.711336  56
38.725544  51
38.742314  347
38.782676  52
38.792919  66
38.810419  163
38.822180  174
38.840773  67
38.844638  67
38.870526  69
38.901000  352
38.909470  353
38.915068  57
38.919573  208
38.933147  68
38.937172  69
38.963843  376
38.983615  378
38.988480  382
38.990153  67
39.014230  78
39.022840  380
39.031444  65
39.051916  355
39.076233  69
39.080378  68
39.087095  66
39.095965  208
39.098457  62
39.102103  345
39.106408  57
39.112166  381
39.118883  53
39.190162  69
39.198492  176
39.208934  67
39.225399  79
39.292076  73
39.326780  350
39.333397  77
39.354972  79
39.357284  79
39.363262  73
39.367607  383
39.385493  385
39.418760  389
39.437013  87
39.439325  71
39.452460  396
39.461390  80
39.463522  68
39.483681  401
39.486233  366
39.494883  402
39.513916  82
39.527591  213
39.537474  80
39.548615  86
39.562409  63
39.570840  370
39.580589  86
39.600701  88
39.611443  74
39.617421  76
39.629342  184
39.643750  73
39.661009  82
39.672052  84
39.676697  84
39.688652  89
39.698640  191
39.703305  85
39.712375  86
39.717020  90
39.723118  94
39.755206  374
39.761084  76
39.763536  86
39.774218  84
39.777884  85
39.784602  236
39.793192  93
39.817309  402
39.832331  403
39.844331  406
39.850349  410
39.865156  97
39.874306  77
39.889514  412
39.929685  380
39.941127  412
39.957234  380
39.958867  93
39.967697  249
39.976467  85
39.983264  413
39.985696  93
40.001183  388
40.003715  87
40.007760  96
40.018941  104
40.070807  88
40.083802  105
40.097775  100
40.099368  86
40.103753  418
40.107958  88
40.112862  194
40.120832  96
40.122905  212
40.134026  98
40.145069  116
40.153487  107
40.162077  218
40.173259  97
40.178063  107
40.184780  102
40.192311  104
40.194683  108
40.216347  101
40.221271  392
40.232193  396
40.236198  126
40.240643  98
40.242676  250
40.244469  119
40.252819  106
40.254612  250
40.260495  110
40.266492  421
40.280066  427
40.295194  414
40.301312  416
40.310062  437
40.316120  112
40.340917  130
40.354191  440
40.366946  117
40.369638  414
40.397146  414
40.435239  101
40.442016  251
40.448034  129
40.461709  423
40.470739  109
40.478410  114
40.480543  117
40.498502  417
40.500455  135
40.523463  138
40.545189  118
40.557270  120
40.563808  220
40.572658  100
40.577223  150
40.585393  122
40.589478  445
40.595396  119
40.609924  233
40.614329  127
40.619054  138
40.623399  124
40.631689  148
40.633482  146
40.642111  131
40.646177  255
40.667242  132
40.676131  134
40.678523  137
40.685779  144
40.695608  127
40.697281  117
40.706011  419
40.713782  427
40.722692  148
40.734614  137
40.746174  137
40.750240  275
40.754885  149
40.760783  139
40.775024  447
40.776697  276
40.782295  448
40.798781  467
40.800494  439
40.820045  150
40.821658  484
40.835631  137
40.839776  125
40.850099  145
40.865307  149
40.867280  160
40.914728  442
40.955431  169
40.962628  451
40.964381  288
40.979348  460
40.984232  153
40.988817  139
40.999699  152
41.002411  155
41.009748  471
41.020571  470
41.033706  178
41.046600  152
41.070659  154
41.077790  189
41.082934  190
41.089471  170
41.116839  177
41.121184  491
41.125649  152
41.136232  258
41.145062  180
41.150880  185
41.155204  184
41.168079  195
41.182307  297
41.192610  164
41.197295  181
41.205585  150
41.216108  182
41.218281  181
41.228844  191
41.278451  166
41.288653  179
41.293218  168
41.295411  319
41.306997  329
41.309968  497
41.319077  502
41.336871  169
41.343228  510
41.355843  176
41.376135  185
41.380161  169
41.393003  186
41.402112  207
41.409623  515
41.443389  203
41.450920  188
41.454905  184
41.460570  191
41.476800  203
41.481784  186
41.485290  196
41.488201  338
41.496851  177
41.505600  192
41.516203  187
41.537633  191
41.551491  199
41.591840  197
41.610757  192
41.634575  209
41.648404  197
41.659965  216
41.677465  201
41.679877  200
41.690380  192
41.705966  201
41.711784  214
41.727071  216
41.732235  207
41.736740  339
41.745031  220
41.782303  215
41.791293  192
41.804469  211
41.808454  198
41.820435  192
41.844452  203
41.851728  207
41.892457  190
41.895049  222
41.915560  225
41.917912  216
41.951146  217
41.955571  224
41.990655  214
41.992828  224
42.004529  202
42.007021  205
42.009373  206
42.032935  203
42.037559  206
42.051891  212
42.056536  206
42.069476  214
42.080078  208
42.107505  223
42.133494  211
42.165249  217
42.181775  207
42.195269  214
42.197302  201
42.201227  199
42.217193  207
42.248365  206
42.286384  213
42.310665  202
42.312258  212
42.330066  189
42.335374  194
42.337227  186
42.350396  190
42.359509  207
42.371313  193
42.380003  205
42.386863  206
42.393240  190
42.396686  206
42.401869  203
42.403622  185
42.420626  199
42.422938  191
42.428836  181
42.439362  190
42.455192  198
42.462688  205
42.481125  203
42.485709  200
42.533260  192
42.541810  203
42.543483  184
42.547348  199
42.549301  179
42.554804  178
42.565127  179
42.567559  178
42.572023  191
42.580872  177
42.584757  184
42.592987  173
42.600703  181
42.603654  175
42.612683  174
42.619360  189
42.639930  181
42.674578  172
42.683247  179
42.711861  185
42.728985  179
42.735801  181
42.743991  174
42.750648  180
42.755632  169
42.784892  176
42.801757  178
42.803335  168
42.806007  178
42.810232  173
42.814037  162
42.837523  149
42.845753  164
42.847546  164
42.854463  143
42.859008  158
42.860581  157
42.862574  154
42.870310  138
42.877287  135
42.890561  137
42.893492  132
42.908066  130
42.919487  130
42.923672  137
42.942209  136
42.949864  137
42.959153  137
42.989352  122
42.995769  116
42.998800  111
43.005157  112
43.007609  108
43.014026  110
43.015679  121
43.037333  102
43.043870  102
43.052520  112
43.068627  96
43.075683  95
43.104751  97
43.106324  97
43.117285  90
43.120691  88
43.133171  94
43.135743  93
43.137936  83
43.146505  85
43.154920  92
43.159425  80
43.171126  80
43.175451  83
43.177703  81
43.179536  78
43.196325  80
43.220068  85
43.220727  84
43.223419  72
43.227504  85
43.244364  66
43.250961  81
43.258932  74
43.264176  77
43.275398  66
43.280282  64
43.289271  66
43.296148  56
43.300453  56
43.328579  52
43.337089  52
43.368861  43
43.377251  41
43.379324  43
43.382770  38
43.405294  61
43.417849  39
43.437181  59
43.449383  48
43.479605  42
43.480407  41
43.488937  38
43.501972  41
43.508750  35
43.521784  43
43.525589  47
43.573610  43
43.604305  44
43.619872  38
43.623937  37
43.634420  54
43.638425  53
43.645302  51
43.651580  37
43.653573  37
43.656045  37
43.668640  31
43.673404  36
43.691618  37
43.698994  36
43.724804  20
43.729888  4
43.734233  9
43.741350  11
43.753906  27
43.771766  10
43.795858  14
43.841608  9
43.847926  3
43.865173  11
43.871990  20
43.891062  8
43.897660  22
43.909326  5
43.921028  14
43.931391  13
43.944345  7
43.950962  10
43.989547  31
43.997917  6
44.033115  7
44.076162  8
44.096314  11
44.100499  5
44.104005  27
44.112834  8
44.197751  12
44.201976  13
44.256306  10
44.264536  15
44.285541  18
44.318348  10
44.349964  13
44.392435  16
44.400805  17
44.426378  30
44.428131  22
44.436241  37
44.471481  17
44.473873  45
44.475606  14
44.479811  32
44.485749  17
44.511857  17
44.535092  44
44.575976  30
44.588821  23
44.597650  34
44.605821  25
44.612318  35
44.626226  37
44.644319  40
44.651176  20
44.655421  49
44.673449  20
44.678892  20
44.684056  58
44.706780  14
44.724663  27
44.733832  30
44.742541  26
44.751390  48
44.755595  14
44.763946  44
44.785698  19
44.789984  50
44.801865  45
44.810575  14
44.812708  42
44.848868  50
44.851320  27
44.864495  37
44.866108  53
44.878424  55
44.884681  45
44.886694  31
44.893551  55
44.896937  70
44.911644  23
44.917542  31
44.922146  40
44.938887  56
44.943052  68
44.964758  51
44.979985  52
44.992230  30
44.993843  59
45.000310  38
45.007553  61
45.013971  69
45.022780  59
45.031450  61
45.044265  48
45.048470  68
45.059132  55
45.078305  60
45.098216  78
45.106466  53
45.142999  52
45.155199  78
45.160038  68
45.177941  86
45.184149  44
45.189912  64
45.195595  50
45.207136  68
45.229994  54
45.235298  52
45.244069  70
45.265474  74
45.283537  56
45.302156  57
45.305842  57
45.312559  78
45.326871  76
45.333528  83
45.343172  99
45.347197  65
45.362485  73
45.373315  96
45.386729  102
45.420298  77
45.428868  91
45.441722  61
45.448679  68
45.450432  94
45.454837  76
45.471556  102
45.473429  83
45.518452  69
45.531087  78
45.543188  80
45.547074  100
45.553751  110
45.558176  71
45.560269  78
45.587459  79
45.599994  84
45.620224  103
45.626921  91
45.635651  72
45.639616  111
45.644420  89
45.646213  104
45.652811  114
45.669531  109
45.671504  104
45.683340  91
45.693449  100
45.699407  113
45.712442  97
45.718260  114
45.749035  88
45.753580  105
45.757865  112
45.771300  104
45.775505  97
45.791872  101
45.802981  94
45.806247  119
45.815596  97
45.828491  121
45.833256  104
45.866296  121
45.887187  108
45.891412  98
45.897670  106
45.904688  114
45.908813  121
45.939505  109
45.947321  123
45.960956  117
45.964067  116
45.979214  126
45.981367  113
45.988504  128
46.030361  125
46.074637  111
46.087792  123
46.093330  127
46.101041  112
46.106559  110
46.108592  130
46.134542  127
46.145604  130
46.156326  111
46.170180  123
46.178791  128
46.186962  126
46.218178  111
46.225554  114
46.227667  132
46.238289  132
46.244687  131
46.251524  123
46.257442  133
46.265872  132
46.274761  112
46.278327  144
46.303043  145
46.307448  120
46.322316  112
46.341888  122
46.346093  124
46.352531  127
46.358449  137
46.371544  121
46.382926  143
46.394227  133
46.426835  143
46.428608  130
46.433133  133
46.447147  141
46.468352  137
46.472417  137
46.478875  141
46.483020  143
46.501057  128
46.502810  144
46.506875  133
46.537016  131
46.549991  132
46.554656  147
46.577894  150
46.579507  123
46.581080  148
46.589470  151
46.597480  152
46.606969  152
46.624369  143
46.626961  152
46.644022  133
46.658789  152
46.663034  148
46.704331  141
46.726576  151
46.730621  153
46.734886  134
46.739491  132
46.741304  138
46.752186  139
46.772438  134
46.782641  141
46.796196  152
46.804406  144
46.808471  156
46.810464  130
46.833671  145
46.868210  140
46.876540  159
46.913633  145
46.928861  146
46.952359  150
46.956624  158
46.963241  145
46.969839  156
46.972331  153
46.994095  155
47.009437  167
47.032795  150
47.046529  150
47.066735  153
47.073152  154
47.082221  170
47.088799  148
47.112142  136
47.119673  154
47.126150  159
47.151620  163
47.154312  152
47.161249  169
47.168731  164
47.200818  160
47.207036  139
47.221884  144
47.232866  165
47.244467  155
47.252977  150
47.260927  158
47.273542  178
47.285308  152
47.292884  157
47.308051  173
47.312036  160
47.315642  145
47.319607  178
47.327498  176
47.340482  161
47.358161  166
47.383930  157
47.387755  168
47.389648  160
47.397245  179
47.399438  170
47.429163  169
47.431316  178
47.435261  163
47.462651  174
47.469967  172
47.476360  158
47.487023  174
47.491268  179
47.497306  159
47.517139  170
47.521424  155
47.527922  177
47.544008  151
47.586208  178
47.599004  179
47.605789  160
47.610214  180
47.611967  162
47.618045  182
47.623228  182
47.630839  172
47.635484  182
47.637417  164
47.644354  187
47.663507  179
47.672097  161
47.685971  169
47.694062  185
47.698047  183
47.700439  197
47.719252  158
47.757604  164
47.763841  190
47.773884  171
47.780382  206
47.787299  204
47.794356  178
47.796529  188
47.820893  207
47.837933  189
47.857524  176
47.861988  184
47.873370  202
47.877775  215
47.939812  173
47.942104  203
47.950454  217
47.956811  192
47.959283  204
47.967473  196
47.973830  199
47.981106  207
47.983658  185
47.985930  180
47.997092  185
47.998965  193
48.012418  203
48.036186  189
48.041050  181
48.065331  204
48.067983  196
48.111681  185
48.122684  196
48.135404  185
48.142121  207
48.146166  202
48.176060  183
48.178172  208
48.204780  190
48.209305  206
48.215882  187
48.220127  202
48.224532  202
48.243649  181
48.260099  189
48.295260  202
48.301797  181
48.304908  199
48.310726  200
48.332427  183
48.348633  197
48.350466  184
48.352239  189
48.374706  191
48.386067  195
48.427286  200
48.437618  187
48.442617  196
48.445892  199
48.470008  195
48.485514  191
48.501839  189
48.509651  189
48.512957  194
48.540185  192
48.554732  196
48.577159  197
48.578832  196
48.581563  195
48.583176  198
48.592844  198
48.675696  195
48.677289  192
48.690427  186
48.696205  204
48.701109  200
48.714330  205
48.760990  201
48.764975  200
48.767467  208
48.770873  188
48.796975  184
48.817145  200
48.821310  192
48.829844  202
48.831477  202
48.842865  196
48.845377  212
48.849462  197
48.866602  200
48.877803  195
48.887291  190
48.895581  185
48.897314  185
48.925274  199
48.931912  215
48.934444  200
48.937016  196
48.944966  217
48.949151  216
48.965996  205
48.969782  207
48.983916  195
48.997090  214
49.007133  200
49.009705  209
49.015683  210
49.024773  209
49.027305  212
49.043818  203
49.046470  201
49.050715  201
49.052388  204
49.054620  201
49.056593  203
49.066481  203
49.106713  201
49.113530  204
49.118554  204
49.136837  197
49.139149  196
49.148279  197
49.152344  193
49.159641  191
49.180527  183
49.189636  179
49.192982  173
49.195454  191
49.200824  172
49.206547  174
49.211691  162
49.217598  169
49.219371  174
49.241419  167
49.243571  173
49.250901  158
49.255845  173
49.257698  148
49.261523  147
49.268000  135
49.269633  133
49.292481  139
49.297545  132
49.305301  125
49.309985  122
49.311678  136
49.314809  120
49.319254  115
49.326954  113
49.329506  111
49.331938  127
49.333631  107
49.339309  103
49.347084  103
49.349037  101
49.355114  78
49.364104  98
49.366516  96
49.372794  81
49.377059  64
49.379551  64
49.381723  70
49.391726  70
49.393359  47
49.398703  61
49.403368  60
49.411578  59
49.421531  54
49.423943  65
49.432672  53
49.435084  52
49.437376  52
49.444573  45
49.455695  33
49.459820  26
49.471781  14
49.480031  5
49.482443  4
49.499343  7
49.515864  0
49.527126  0
49.533284  0
49.540221  3
49.542773  3
49.549070  0
49.553814  0
49.555387  0
49.567195  0
49.570206  0
49.586533  0
49.622023  0
49.656221  0
49.718684  0
49.728080  0
49.744006  0
49.983337  3
50.105656  3
50.113547  2
50.131786  27
50.133399  3
50.229831  44
50.253422  11
50.259719  13
50.264523  5
50.281029  37
50.307032  49
50.315008  1
50.321685  50
50.330215  16
50.334601  13
50.348534  21
50.357898  24
50.360430  53
50.373532  59
50.397232  31
50.419155  38
50.459692  32
50.464377  52
50.475871  61
50.480076  57
50.490859  45
50.495204  40
50.525944  47
50.545096  36
50.559904  42
50.573479  49
50.578164  50
50.588847  53
50.593252  66
50.599670  72
50.613024  64
50.619302  57
50.624366  74
50.634296  31
50.641073  71
50.651496  55
50.653569  65
50.681951  58
50.703675  61
50.719975  36
50.729059  67
50.739521  61
50.752005  48
50.765020  56
50.779369  64
50.801549  54
50.806034  54
50.814704  67
50.820602  72
50.831684  72
50.851084  76
50.855049  65
50.881106  68
50.883159  42
50.899707  67
50.924154  76
50.928299  71
50.941952  67
50.952719  77
50.970518  68
50.974983  76
50.987438  72
50.996235  91
51.006718  61
51.013155  99
51.020526  69
51.032466  109
51.036791  57
51.039203  93
51.050924  62
51.052637  73
51.063718  75
51.069796  66
51.082631  92
51.089288  65
51.095885  76
51.114208  72
51.119432  72
51.121605  57
51.128762  74
51.139799  79
51.145023  80
51.163229  93
51.174591  65
51.180989  70
51.182802  99
51.193464  67
51.196136  96
51.205126  103
51.223459  90
51.244498  89
51.277325  80
51.283403  96
51.287968  89
51.305009  108
51.307121  94
51.330239  98
51.332432  102
51.339069  99
51.349952  75
51.355790  95
51.359955  99
51.366532  109
51.368345  108
51.374902  117
51.383512  102
51.389130  124
51.398438  98
51.408481  102
51.429247  108
51.433392  98
51.451590  104
51.466178  121
51.478573  103
51.481684  86
51.485670  112
51.492987  116
51.494660  110
51.496713  95
51.515632  104
51.520117  85
51.522569  111
51.528966  111
51.569510  98
51.575788  106
51.580652  117
51.592069  117
51.612020  132
51.624576  120
51.649947  109
51.654032  109
51.662762  106
51.676016  112
51.682594  113
51.700513  132
51.710436  113
51.720718  123
51.741508  128
51.752410  120
51.763852  127
51.779420  122
51.803438  100
51.809995  121
51.812966  120
51.818845  120
51.823150  131
51.825802  121
51.836504  123
51.842662  133
51.874790  125
51.887525  123
51.893283  127
51.897528  129
51.899880  131
51.923205  132
51.924778  126
51.929522  110
51.935540  126
51.954213  124
51.987361  120
52.004601  136
52.027893  132
52.034630  128
52.041447  143
52.043060  138
52.081792  134
52.100550  127
52.124907  150
52.136423  148
52.142980  154
52.154321  139
52.172500  121
52.190181  126
52.196219  131
52.200604  143
52.207681  158
52.216131  154
52.220476  139
52.227733  169
52.238396  142
52.241008  130
52.252390  166
52.261080  150
52.263712  133
52.283858  133
52.292722  143
52.309162  158
52.315963  134
52.325771  149
52.329936  152
52.352160  147
52.363063  130
52.367688  152
52.380743  147
52.417875  138
52.419768  141
52.428997  152
52.441473  144
52.460845  157
52.464890  151
52.468856  163
52.479298  161
52.491000  167
52.495425  150
52.506268  154
52.514678  156
52.535793  157
52.550241  159
52.566007  161
52.568479  158
52.570052  145
52.574576  158
52.588417  161
52.674166  178
52.689641  154
52.696238  145
52.727471  154
52.735142  180
52.762712  155
52.770863  176
52.781325  160
52.783498  166
52.788202  176
52.805302  184
52.826487  166
52.828779  175
52.841693  169
52.877412  174
52.880024  153
52.887181  161
52.890667  175
52.901849  195
52.919130  179
52.921802  179
52.926506  184
52.932444  182
52.941373  184
52.955881  160
52.971288  155
52.975573  189
52.978859  167
53.011267  185
53.025101  195
53.043535  185
53.052998  190
53.068046  181
53.072371  190
53.080681  188
53.090884  186
53.097281  190
53.099474  182
53.105831  192
53.126656  191
53.137398  187
53.152306  195
53.153979  187
53.168253  178
53.186380  192
53.192578  187
53.201567  190
53.203460  184
53.208264  193
53.218647  195
53.231702  180
53.239016  192
53.254302  195
53.296279  190
53.306602  169
53.314992  188
53.329127  190
53.358923  183
53.385680  203
53.422220  197
53.427264  199
53.450541  195
53.457099  192
53.479250  200
53.500890  191
53.515777  208
53.531091  209
53.532664  197
53.538252  204
53.544729  219
53.548914  224
53.566014  196
53.575885  198
53.590258  227
53.611784  188
53.618441  224
53.622307  229
53.630317  227
53.641119  197
53.651921  199
53.662884  232
53.673506  200
53.690706  216
53.709099  191
53.717789  210
53.730305  204
53.751890  233
53.761993  232
53.766478  246
53.770883  197
53.773295  198
53.778933  229
53.782739  233
53.786824  230
53.793461  234
53.804044  202
53.816260  240
53.818552  229
53.827622  210
53.829914  210
53.852333  206
53.871845  233
53.882467  204
53.886552  219
53.893529  232
53.897734  226
53.904092  228
53.907578  239
53.910549  243
53.913875  230
53.938780  237
53.947389  240
53.952988  232
53.969773  230
53.982648  236
53.984321  232
53.993111  249
54.029217  233
54.052694  248
54.061604  236
54.065949  249
54.100449  237
54.110392  246
54.120415  241
54.127172  244
54.129544  233
54.146908  260
54.152898  259
54.155610  252
54.164519  246
54.181758  236
54.208896  235
54.234884  239
54.237296  243
54.245131  253
54.263023  244
54.277896  253
54.280009  251
54.281822  235
54.287260  246
54.316600  241
54.327722  235
54.342653  249
54.370406  242
54.375817  249
54.386499  247
54.394335  250
54.413193  250
54.418317  250
54.427626  240
54.435169  249
54.461343  247
54.483131  257
54.487655  252
54.508565  254
54.553760  251
54.581203  252
54.583575  252
54.590373  248
54.607592  249
54.620686  252
54.627942  250
54.654080  244
54.663229  244
54.674605  253
54.683234  243
54.685067  242
54.697107  247
54.713032  248
54.718930  236
54.730630  242
54.732423  242
54.747769  238
54.750975  232
54.753507  241
54.758870  236
54.766825  245
54.781939  250
54.804462  244
54.837986  234
54.852539  243
54.869859  242
54.884067  237
54.920289  248
54.943446  244
54.946018  239
54.950902  241
54.961831  244
54.964183  243
54.989638  242
54.991830  236
54.996075  240
55.007137  233
55.011921  240
55.046227  229
55.060666  234
55.084563  239
55.094666  236
55.108921  232
55.119404  235
55.122096  235
55.130999  234
55.140289  230
55.142047  230
55.151000  224
55.156264  223
55.158796  222
55.162566  214
55.174941  209
55.184594  215
55.190951  199
55.207297  195
55.221192  204
55.223065  204
55.234267  193
55.236979  192
55.246368  186
55.265700  194
55.273730  193
55.316174  198
55.325403  186
55.339824  201
55.347520  197
55.375861  188
55.380206  193
55.385510  191
55.387643  189
55.396312  177
55.398864  180
55.402869  172
55.427292  172
55.434376  174
55.447870  173
55.452035  177
55.454687  172
55.476018  171
55.490613  174
55.497430  171
55.528664  179
55.572473  177
55.580483  176
55.591984  172
55.596808  171
55.611595  168
55.613967  168
55.620864  174
55.648226  160
55.658729  170
55.674296  174
55.699251  170
55.700844  166
55.718591  166
55.722337  162
55.730607  161
55.734832  157
55.746142  165
55.747755  161
55.754332  153
55.761696  167
55.770946  162
55.782768  164
55.806765  156
55.812743  160
55.816968  161
55.819360  160
55.832363  170
55.866224  163
55.874834  158
55.879898  164
55.881531  158
55.907249  162
55.919664  159
55.982352  165
56.026695  160
56.045707  161
56.079605  156
56.081218  144
56.096445  158
56.100440  139
56.113421  149
56.122710  151
56.137438  150
56.144243  151
56.151380  149
56.163955  139
56.177217  137
56.185088  135
56.210977  139
56.221459  138
56.225545  141
56.227638  142
56.250160  146
56.262041  146
56.267440  135
56.281553  149
56.285658  141
56.298813  137
56.314168  140
56.338146  134
56.341357  152
56.354772  141
56.369340  134
56.424951  145
56.429476  156
56.467402  156
56.534316  140
56.596214  147
56.644389  148
56.658322  145
56.675763  148
56.709343  155
56.718272  152
56.726842  153
56.746315  148
56.770772  153
56.799015  143
56.815142  157
56.823292  151
56.830069  154
56.841192  163
56.845477  159
56.865029  169
56.880097  158
56.884442  150
56.908858  157
56.913223  167
56.917528  162
56.926358  169
56.941366  145
56.947464  154
56.962855  160
56.964768  151
56.976329  161
56.984779  163
57.003799  149
57.008144  151
57.012549  155
57.033854  170
57.040691  151
57.045476  167
57.090526  162
57.092159  171
57.096844  151
57.101149  155
57.105014  161
57.118257  146
57.122922  156
57.128587  171
57.141402  168
57.150431  171
57.155515  181
57.167411  170
57.169024  171
57.175502  166
57.189157  170
57.202199  172
57.207118  190
57.217261  165
57.244642  164
57.258336  172
57.265767  166
57.269752  174
57.290784  171
57.295549  175
57.303979  160
57.305752  182
57.307725  187
57.327856  194
57.330548  168
57.342893  156
57.365118  173
57.383558  175
57.390835  177
57.394700  204
57.408888  170
57.415805  171
57.424735  177
57.432566  184
57.441555  185
57.450585  191
57.467325  169
57.472170  182
57.499573  191
57.506690  168
57.513568  195
57.553478  183
57.558262  194
57.560095  177
57.569252  180
57.573417  186
57.577662  190
57.581828  183
57.583761  162
57.585454  188
57.595576  192
57.597449  199
57.617548  192
57.625858  193
57.650569  201
57.666037  194
57.687168  198
57.694959  197
57.697271  197
57.722321  188
57.748098  201
57.749931  191
57.784270  191
57.815683  208
57.822021  195
57.826506  181
57.837168  194
57.863377  211
57.870980  198
57.911734  199
57.926311  202
57.938112  202
57.944810  212
57.955820  198
57.969095  192
57.972721  204
57.985036  203
57.988622  215
58.001716  194
58.003848  215
58.016997  210
58.033856  224
58.073189  190
58.082359  191
58.084172  187
58.088337  205
58.100099  232
58.106936  227
58.123037  211
58.147773  216
58.149806  214
58.159415  226
58.161108  208
58.180247  236
58.182899  205
58.186105  238
58.219040  209
58.225877  229
58.232015  231
58.251347  208
58.278519  229
58.284637  235
58.301347  219
58.303939  204
58.323851  236
58.337106  245
58.338819  228
58.347709  188
58.358491  212
58.361977  230
58.388566  242
58.392811  239
58.398948  240
58.422592  253
58.426897  229
58.428810  225
58.434828  234
58.441565  236
58.445650  250
58.451648  231
58.458705  235
58.464823  240
58.468748  240
58.482163  241
58.493612  239
58.505234  237
58.507926  235
58.511652  248
58.520182  223
58.540380  250
58.577038  245
58.590221  235
58.591794  249
58.595619  207
58.603595  241
58.611558  249
58.638592  244
58.650014  242
58.661674  243
58.665899  250
58.668291  245
58.702557  242
58.711386  243
58.720695  242
58.729964  244
58.734209  244
58.738514  247
58.742579  244
58.761471  240
58.776538  243
58.778171  231
58.796749  241
58.816380  238
58.818912  243
58.847113  245
58.857057  222
58.860567  235
58.870758  238
58.888664  250
58.899986  246
58.985523  236
59.009899  244
59.034041  237
59.079582  245
59.087932  240
59.098774  238
59.100347  247
59.105351  241
59.121797  235
59.124209  246
59.126581  253
59.141153  247
59.147111  243
59.190729  252
59.195593  248
59.218736  241
59.220429  249
59.230077  250
59.248655  252
59.257045  251
59.287498  246
59.299500  253
59.314147  247
59.324909  246
59.341309  240
59.343122  248
59.352000  250
59.374882  249
59.383172  245
59.396326  257
59.403702  248
59.409285  252
59.418414  249
59.419987  251
59.440126  251
59.447342  258
59.463802  236
59.466394  257
59.475443  249
59.479488  250
59.482120  247
59.483953  246
59.502910  246
59.509533  246
59.522073  239
59.533623  238
59.538008  226
59.542253  232
59.547991  236
59.552216  232
59.610715  236
59.618451  247
59.623275  246
59.627600  239
59.630212  234
59.637808  234
59.640020  229
59.666408  233
59.674698  224
59.679842  223
59.695728  220
59.707609  221
59.716798  209
59.728559  215
59.730252  210
59.732764  208
59.741813  207
59.745758  212
59.767659  210
59.786890  203
59.835545  208
59.849682  211
59.866162  200
59.876305  207
59.882587  203
59.884959  209
59.926736  202
59.933453  187
59.940310  201
59.946867  202
59.948800  201
59.966387  197
59.971011  194
59.981413  193
59.997039  200
