# t(s) QueuingDelay(ms)
10.144266  0
10.167169  0
10.189041  3
10.227456  1
10.237305  8
10.240851  3
10.245735  30
10.258190  8
10.262095  11
10.271369  18
10.297007  18
10.310815  51
10.315359  50
10.330307  26
10.363695  29
10.370772  35
10.372545  34
10.374697  26
10.426542  52
10.430747  29
10.448947  111
10.455524  42
10.465497  113
10.474274  42
10.519689  124
10.521941  13
10.564543  17
10.580130  53
10.584415  167
10.588280  17
10.598183  64
10.612057  178
10.617716  26
10.628678  38
10.637568  55
10.648450  70
10.656301  58
10.660406  86
10.674933  146
10.687419  199
10.724172  153
10.742371  62
10.748569  223
10.759038  205
10.770440  234
10.773626  64
10.791845  208
10.795870  247
10.804061  83
10.828731  259
10.840034  273
10.853708  252
10.857094  107
10.871248  128
10.883783  158
10.892873  294
10.894466  286
10.905308  168
10.917824  297
10.923935  176
10.927089  299
10.941043  312
10.947320  365
10.959316  394
10.970858  185
10.983878  399
10.986110  197
11.007915  211
11.012400  325
11.018478  234
11.029360  327
11.039983  316
11.073720  32
11.095659  406
11.120196  411
11.124481  326
11.138649  259
11.146273  430
11.151357  333
11.153250  263
11.185580  353
11.194430  505
11.202780  362
11.204493  36
11.212943  366
11.219668  521
11.238686  397
11.249668  400
11.262083  49
11.283296  420
11.290193  422
11.296111  264
11.309566  63
11.313871  434
11.333083  432
11.340814  281
11.343526  428
11.356628  77
11.371655  376
11.384221  395
11.397795  102
11.401880  293
11.403973  396
11.418701  128
11.435600  418
11.453380  418
11.470041  419
11.506858  425
11.511403  296
11.517881  426
11.527090  22
11.536754  423
11.546203  414
11.553084  399
11.557848  306
11.564066  134
11.568751  399
11.579414  399
11.587815  397
11.600350  141
11.602982  325
11.622515  397
11.637470  397
11.665194  326
11.678081  352
11.709274  173
11.756259  363
11.776904  392
11.778677  178
11.786787  398
11.788540  64
11.801115  357
11.807612  400
11.811517  213
11.820674  379
11.831317  387
11.835282  238
11.850529  84
11.855174  394
11.861352  244
11.867590  348
11.882558  256
11.889375  257
11.902210  359
11.925259  174
11.929164  441
11.940126  179
11.954894  183
11.969662  434
11.975065  180
12.006010  426
12.010395  254
12.029767  423
12.034112  247
12.040410  245
12.044935  414
12.058010  227
12.091404  386
12.164288  166
12.190958  6
12.229813  8
12.236250  401
12.237943  404
12.244508  404
12.247140  410
12.259516  435
12.267277  423
12.274614  423
12.277186  438
12.279379  243
12.294687  254
12.305429  282
12.307122  417
12.344893  302
12.388830  196
12.403010  211
12.410067  323
12.435478  324
12.462366  11
12.468164  438
12.474722  12
12.483172  22
12.494393  39
12.511233  232
12.519683  242
12.561263  341
12.565508  509
12.583687  362
12.585660  521
12.595783  3
12.606925  364
12.613902  66
12.625429  541
12.629315  377
12.633120  76
12.651479  82
12.657717  384
12.683786  14
12.698734  40
12.727156  48
12.732200  32
12.739576  392
12.747407  88
12.782106  93
12.787944  155
12.809229  438
12.811162  148
12.813734  140
12.824796  156
12.833186  550
12.844728  275
12.851185  554
12.868624  563
12.870537  396
12.898280  418
12.900473  276
12.956738  316
12.970886  399
12.974097  535
13.016359  322
13.024749  320
13.063671  401
13.067656  173
13.076606  481
13.086070  165
13.105262  511
13.143134  548
13.151464  11
13.177895  562
13.229916  16
13.243550  590
13.272897  29
13.281614  466
13.305791  568
13.309876  180
13.346269  180
13.350714  327
13.433368  193
13.439467  154
13.444071  582
13.458439  592
13.475447  335
13.484456  8
13.502485  170
13.510595  356
13.530113  548
13.586099  566
13.595129  196
13.597801  337
13.604118  41
13.608483  579
13.610076  360
13.616553  7
13.634032  517
13.650832  365
13.655157  507
13.679475  371
13.709649  460
13.716266  200
13.731554  408
13.735140  195
13.740525  0
13.761197  198
13.778597  418
13.805238  206
13.841822  67
13.853104  195
13.859243  43
13.915022  96
13.935387  216
13.940866  457
13.993364  9
14.001615  598
14.022595  466
14.038840  21
14.054387  229
14.065449  607
14.071227  225
14.084382  615
14.090320  28
14.096897  714
14.112105  498
14.145965  48
14.151843  655
14.179215  744
14.185093  559
14.198567  230
14.205251  452
14.255319  434
14.265722  97
14.277423  592
14.286193  792
14.300981  222
14.328269  283
14.348480  110
14.356151  598
14.366993  295
14.386185  1163
14.406383  1140
14.453383  812
14.457528  228
14.472036  791
14.478733  301
14.500349  243
14.511051  285
14.517668  241
14.577758  136
14.593845  256
14.605027  140
14.609671  634
14.635622  59
14.714772  166
14.733474  456
14.778633  46
14.810981  274
14.845608  53
14.856753  307
14.876184  279
14.897790  305
14.933292  320
14.945747  133
14.952665  1015
14.977880  139
15.003825  147
15.037417  526
15.039869  337
15.057689  366
15.067298  908
15.081696  207
15.092159  360
15.106000  438
15.114313  211
15.122814  333
15.136348  859
15.144478  380
15.182448  413
15.195623  339
15.207639  595
15.226237  401
15.258374  893
15.291651  381
15.296236  359
15.301220  612
15.337512  391
15.354793  682
15.391931  569
15.402965  433
15.424528  436
15.433158  220
15.458448  188
15.479134  423
15.480847  657
15.528013  419
15.559840  124
15.600537  698
15.606055  192
15.655225  210
15.669473  623
15.673838  67
15.693464  637
15.746984  448
15.821780  149
15.841952  703
15.848769  229
15.887964  268
15.893188  453
15.952163  433
16.014678  468
16.016851  874
16.073216  466
16.084538  445
16.126269  309
16.185184  460
16.189429  328
16.198598  540
16.220103  493
16.231345  330
16.250537  642
16.277987  471
16.287276  503
16.332225  495
16.353411  135
16.364154  780
16.384799  356
16.390597  782
16.408969  311
16.425949  811
16.449891  240
16.466921  771
16.498430  881
16.505527  551
16.531043  333
16.538834  506
16.555395  326
16.623744  698
16.640124  153
16.661563  263
16.663795  547
16.683467  269
16.714621  347
16.721758  398
16.812359  348
16.852897  541
16.976241  906
17.030609  884
17.060073  1014
17.081024  521
17.083117  1020
17.093560  844
17.107893  76
17.137612  417
17.160762  584
17.188947  779
17.210559  419
17.219568  735
17.254979  652
17.264214  429
17.307663  468
17.325921  80
17.354270  552
17.367409  592
17.386026  417
17.389117  583
17.394281  335
17.435928  422
17.478974  347
17.491425  359
17.542754  901
17.574385  561
17.593041  468
17.644205  348
17.668085  366
17.683164  387
17.699831  556
17.703876  863
17.725848  388
17.733898  406
17.743501  393
17.749184  665
17.781928  660
17.789818  517
17.812375  910
17.892376  593
18.021776  586
18.055380  590
18.067759  72
18.086842  591
18.088475  72
18.102188  107
18.104800  1021
18.131512  1041
18.133844  1058
18.146790  1059
18.149342  558
18.150955  76
18.158930  81
18.170191  557
18.182766  398
18.197613  93
18.207476  752
18.210527  564
18.212879  595
18.214592  597
18.217164  596
18.222028  566
18.227072  595
18.228885  590
18.244139  566
18.247350  566
18.253341  572
18.259383  571
18.268372  567
18.269985  562
18.280391  1000
18.292411  423
18.301041  710
18.302714  994
18.309011  593
18.319438  560
18.321770  707
18.325356  559
18.335783  664
18.339948  620
18.342660  598
18.351718  81
18.366206  573
18.368498  592
18.371190  545
18.373362  543
18.375055  590
18.377527  543
18.379220  532
18.381472  491
18.384024  554
18.390525  422
18.393177  586
18.416678  553
18.420903  399
18.466467  468
18.479394  557
18.494780  590
18.512890  591
18.516915  590
18.528423  587
18.573556  939
18.575309  562
18.593136  958
18.600911  582
18.602524  473
18.604836  470
18.609081  559
18.611793  462
18.637726  582
18.640178  585
18.647769  584
18.650261  555
18.653492  388
18.663994  582
18.695319  585
18.700802  586
18.705127  465
18.712682  391
18.732807  467
18.735419  588
18.738310  396
18.746265  404
18.752387  469
18.754899  564
18.758629  564
18.761720  590
18.786730  402
18.814875  591
18.828632  604
18.833676  971
18.835669  470
18.842725  407
18.854505  592
18.856358  596
18.861661  564
18.864792  474
18.870934  565
18.903907  591
18.920511  565
18.928226  594
18.933110  398
18.935462  565
18.942818  425
18.945869  426
18.949040  428
18.951173  563
18.953345  593
18.957550  396
18.959443  587
18.962594  592
18.975773  396
18.980777  590
18.992814  585
19.004715  394
19.009559  92
19.039693  99
19.045791  107
19.063154  594
19.065446  108
19.074915  597
19.078241  81
19.131079  991
19.135164  117
19.136817  991
19.139449  84
19.142081  83
19.145272  584
19.147684  73
19.149617  553
19.152588  88
19.159764  72
19.162196  583
19.164029  552
19.166441  86
19.174811  583
19.189994  394
19.201380  87
19.203033  88
19.205465  553
19.207797  90
19.209450  96
19.218899  744
19.220552  555
19.227149  561
19.230200  593
19.232492  561
19.234984  590
19.239529  561
19.241182  583
19.243814  554
19.257045  583
19.262169  418
19.264621  555
19.269305  554
19.281952  420
19.284164  990
19.291170  423
19.296054  423
19.309273  424
19.311525  422
19.318521  422
19.324399  558
19.343495  422
19.346187  425
19.353004  557
19.360999  425
19.387537  587
19.390169  427
19.394134  429
19.401250  428
19.420594  591
19.424759  561
19.435573  408
19.463169  563
19.465142  409
19.476334  411
19.478726  566
19.521175  413
19.528698  414
19.537053  483
19.539445  615
19.541657  490
19.544269  614
19.546981  429
19.567657  481
19.590425  596
19.601735  570
19.608032  578
19.609685  472
19.612896  567
19.621091  564
19.623723  471
19.632732  559
19.637396  464
19.641261  464
19.643114  588
19.650190  552
19.651803  385
19.662984  382
19.664717  375
19.669361  375
19.671873  448
19.678298  375
19.680031  375
19.682483  370
19.687347  530
19.690518  443
19.693230  367
19.695562  435
19.697135  434
19.702798  529
19.706009  559
19.714650  362
19.716463  526
19.718735  369
19.723300  429
19.725652  524
19.727425  522
19.729697  361
19.738946  347
19.741498  346
19.753858  419
19.758562  344
19.766277  342
19.777119  409
19.782043  348
19.790600  915
19.796218  541
19.805067  539
19.808553  537
19.818960  510
19.825177  507
19.836658  507
19.853238  522
19.857463  522
19.859176  491
19.866192  520
19.868824  322
19.870557  488
19.873768  518
19.881131  356
19.882964  355
19.885576  354
19.897457  518
19.904625  25
19.907097  25
19.911522  322
19.913095  515
19.920551  310
19.923083  310
19.937774  23
19.941324  311
19.942957  19
19.947861  10
19.950213  498
19.952445  10
19.954098  495
19.994136  10
20.003604  501
20.010089  2
20.013060  505
20.014893  2
20.023862  484
20.031524  484
20.033097  0
20.036563  512
20.042800  512
20.062016  12
20.065466  24
20.067998  26
20.070550  909
20.084522  18
20.092225  512
20.099293  3
20.118455  516
20.122760  486
20.125112  313
20.127384  488
20.130879  27
20.138974  24
20.140947  24
20.143359  22
20.145472  319
20.152269  518
20.154541  669
20.156853  517
20.159465  314
20.162077  313
20.164609  311
20.167081  305
20.172165  874
20.176870  303
20.179202  300
20.184166  300
20.186278  297
20.187951  296
20.201964  293
20.209420  289
20.215278  289
20.220262  289
20.223493  285
20.229381  0
20.247858  284
20.251049  283
20.266427  282
20.287101  249
20.291805  246
20.296489  245
20.304386  244
20.307437  239
20.312521  238
20.314993  259
20.342125  231
20.347149  223
20.349461  218
20.351773  203
20.385776  374
20.416293  151
20.419719  149
20.434730  151
20.437561  147
20.450522  143
20.455466  127
20.458677  137
20.463002  131
20.471152  119
20.473664  118
20.475417  117
20.487177  115
20.489429  366
20.493754  114
20.505314  120
20.517861  685
20.567884  86
20.570496  106
20.579554  72
20.585856  0
20.588408  66
20.605076  65
20.608007  63
20.609620  60
20.612212  0
20.629776  123
20.699798  604
20.716282  0
20.718654  144
20.737038  316
20.742821  169
20.746806  559
20.765887  0
20.789827  0
20.867006  61
20.938056  378
20.975087  0
21.021700  297
21.033541  0
21.040538  36
21.049747  0
21.051879  290
21.140675  0
21.199493  219
21.293226  246
21.308513  1
21.327892  261
21.482502  104
21.546872  2
21.551796  5
21.571208  0
21.591488  1
21.614140  10
21.628887  53
21.649398  8
21.776509  55
21.790597  1
21.843044  6
21.849482  13
21.913746  10
21.938184  68
21.953931  77
21.992347  69
21.997371  57
22.006460  75
22.019941  78
22.034948  131
22.064812  303
22.071309  121
22.107352  322
22.189322  142
22.208633  67
22.280078  100
22.285921  124
22.287734  118
22.322154  250
22.326419  350
22.360439  145
22.384464  142
22.434388  144
22.449441  112
22.468956  139
22.473621  146
22.496877  161
22.508486  379
22.512451  152
22.524327  1
22.537346  393
22.549986  75
22.559734  68
22.571802  330
22.577491  401
22.583129  137
22.681360  170
22.695987  150
22.785242  439
22.787674  20
22.791579  105
22.820463  202
22.828772  235
22.833696  236
22.835569  377
22.848484  392
22.902072  194
22.928441  199
22.934699  210
22.954470  149
22.968758  55
22.975096  165
22.997460  186
22.999952  175
23.006988  139
23.021756  179
23.026940  202
23.031045  279
23.032998  315
23.035250  192
23.039136  328
23.043401  158
23.051097  331
23.058828  333
23.065692  327
23.067305  206
23.069398  441
23.073883  325
23.075656  281
23.082213  447
23.091786  231
23.097130  395
23.105834  490
23.118408  281
23.141477  134
23.178538  454
23.194784  141
23.201768  204
23.238850  98
23.278894  144
23.282979  196
23.290415  357
23.292108  389
23.394995  293
23.406217  97
23.412055  136
23.467877  233
23.485756  148
23.493986  341
23.498610  344
23.507300  347
23.512324  484
23.520434  223
23.527811  487
23.538932  401
23.556998  402
23.559630  506
23.562042  516
23.589530  519
23.597675  524
23.607303  531
23.609276  223
23.627989  309
23.663130  308
23.673892  313
23.711287  534
23.722338  274
23.730196  279
23.762769  278
23.795905  290
23.800350  288
23.813689  496
23.825549  418
23.832066  495
23.837844  538
23.844261  464
23.850080  541
23.852252  413
23.860103  528
23.874496  700
23.880801  472
23.893695  201
23.932839  566
23.934672  305
23.943309  477
23.944468  504
23.950965  206
23.972369  390
24.028296  480
24.029949  472
24.100621  472
24.107199  733
24.119634  585
24.192492  380
24.212857  488
24.219754  492
24.244888  248
24.251106  632
24.296789  485
24.325165  412
24.339977  462
24.348048  513
24.352840  511
24.357145  502
24.370219  489
24.451387  394
24.512377  447
24.525072  528
24.527364  521
24.544344  466
24.550402  465
24.557320  488
24.567822  493
24.592131  489
24.604966  508
24.627959  734
24.647451  510
24.666184  757
24.670829  507
24.697478  723
24.754486  339
24.796249  473
24.801832  466
24.808529  518
24.828758  522
24.836250  524
24.870401  763
24.878411  517
24.928107  496
24.932252  499
24.960622  510
24.966760  510
24.971065  510
25.007224  508
25.015434  517
25.065883  686
25.175851  515
25.193629  503
25.230111  527
25.292911  509
25.297496  523
25.303654  522
25.354034  518
25.407912  520
25.444985  538
25.447018  554
25.455569  522
25.468683  554
25.478706  766
25.536287  778
25.540513  528
25.550002  568
25.563351  512
25.582663  541
25.594006  610
25.596158  758
25.601836  610
25.603409  621
25.607913  626
25.628104  343
25.673391  475
25.675204  533
25.696789  585
25.701214  531
25.735800  737
25.739486  817
25.766722  529
25.780510  795
25.798829  510
25.814676  529
25.830108  531
25.847073  523
25.849086  590
25.926084  598
25.934855  533
25.947850  562
25.986094  766
25.990339  567
26.017534  567
26.021459  607
26.030409  630
26.036487  592
26.041331  643
26.042964  604
26.050201  644
26.066961  642
26.082267  527
26.097374  591
26.151306  594
26.162108  602
26.170510  613
26.174775  641
26.254802  820
26.259467  601
26.273967  850
26.281363  663
26.316546  551
26.318219  534
26.325950  679
26.351669  603
26.356354  585
26.357987  556
26.367356  614
26.392291  685
26.402058  689
26.411766  689
26.414777  654
26.432036  842
26.450999  844
26.465966  601
26.492658  692
26.511843  648
26.530121  823
26.541550  919
26.560188  626
26.579645  628
26.588534  719
26.596529  664
26.664096  516
26.666728  599
26.723086  924
26.725418  651
26.750898  719
26.824912  642
26.838386  535
26.848629  695
26.875955  601
26.903426  702
26.910190  781
26.921691  805
26.930899  829
26.965670  933
26.973508  871
27.044135  648
27.065107  719
27.106986  722
27.156776  653
27.232274  686
27.263490  692
27.284507  737
27.326572  689
27.334722  741
27.337194  695
27.383412  714
27.393168  722
27.406196  744
27.408528  734
27.419134  719
27.444523  931
27.460440  956
27.472001  700
27.483781  707
27.499431  733
27.519410  733
27.527740  748
27.544149  944
27.569490  720
27.576966  733
27.589220  972
27.595727  732
27.616437  642
27.618010  726
27.628137  710
27.635448  706
27.638619  619
27.666010  628
27.669256  705
27.692122  943
27.717504  711
27.724360  713
27.771603  666
27.783185  702
27.796686  706
27.824275  709
27.856248  794
27.860313  708
27.864418  784
27.866231  707
27.878032  781
27.898562  921
27.919497  781
27.928586  949
27.937439  683
27.964391  672
27.971388  658
27.981677  649
27.990806  635
27.993438  634
27.995271  634
28.017159  599
28.023005  590
28.027150  599
28.031275  815
28.038462  598
28.040155  598
28.066887  567
28.068560  566
28.075317  564
28.077010  552
28.077709  551
28.100491  507
28.102803  502
28.104376  500
28.107702  458
28.109335  458
28.115996  462
28.122573  443
28.126223  441
28.128176  658
28.129809  655
28.132061  646
28.137799  399
28.154136  394
28.162298  382
28.166408  378
28.175137  588
28.177709  581
28.178528  596
28.185265  349
28.189490  346
28.194194  591
28.200165  338
28.207002  580
28.217350  314
28.219003  311
28.225999  308
28.235009  323
28.243459  303
28.250216  532
28.252768  526
28.259724  282
28.294889  238
28.329423  238
28.352894  316
28.364581  235
28.395573  455
28.398105  454
28.421091  479
28.450476  220
28.452089  219
28.456513  217
28.473393  214
28.475006  221
28.496476  211
28.504192  288
28.509196  435
28.511828  210
28.531265  198
28.539385  204
28.571578  195
28.579468  197
28.582000  195
28.584352  430
28.591189  187
28.603034  188
28.604727  184
28.618041  400
28.625836  171
28.629581  171
28.634306  426
28.643595  422
28.648259  161
28.654237  162
28.661154  145
28.665559  151
28.672396  397
28.676161  156
28.692326  134
28.700137  130
28.716092  131
28.717685  122
28.747503  126
28.754180  200
28.780547  113
28.783259  195
28.801142  366
28.818681  102
28.825777  105
28.845935  110
28.850939  104
28.883963  108
28.886395  335
28.892118  120
28.945080  106
28.958155  348
28.962281  103
28.978527  315
28.983431  91
28.988810  341
28.995807  93
29.010534  84
29.012507  104
29.014180  83
29.022809  87
29.033511  336
29.062973  91
29.091349  96
29.113751  103
29.122980  176
29.139314  107
29.196005  105
29.214563  91
29.248889  95
29.251241  88
29.292265  103
29.312156  96
29.327303  92
29.385428  105
29.432803  99
29.448171  88
29.454988  85
29.457640  83
29.460012  151
29.462664  45
29.469281  122
29.471214  243
29.476992  10
29.485921  17
29.497165  12
29.507888  7
29.513567  11
29.534377  16
29.536530  27
29.540715  16
29.552049  25
29.571656  16
29.609080  24
29.618849  23
29.624627  20
29.626520  237
29.638381  17
29.645198  15
29.649363  271
29.657614  270
29.673220  19
29.689826  256
29.712364  8
29.733533  17
29.737958  23
29.744595  98
29.746748  24
29.791350  7
29.805258  10
29.821699  22
29.838218  22
29.853326  21
29.857291  21
29.871353  20
29.886580  16
29.904113  255
29.906685  16
29.908318  234
29.917566  12
29.932374  12
29.934487  263
29.943896  1
30.099321  14
30.134587  12
30.167342  23
30.174379  28
30.188891  51
30.215201  16
30.275198  56
30.285421  100
30.295583  108
30.298909  60
30.320953  264
30.330042  264
30.368844  40
30.372949  65
30.392527  118
30.395119  25
30.401656  33
30.428103  14
30.443090  58
30.447855  16
30.452220  33
30.462363  34
30.466029  46
30.477711  18
30.485422  47
30.508014  18
30.533429  46
30.537874  77
30.566296  33
30.576365  260
30.587447  51
30.591153  62
30.610645  66
30.625740  272
30.627373  145
30.629406  58
30.635723  316
30.643059  34
30.658386  80
30.667735  310
30.675186  46
30.686307  310
30.688500  34
30.697130  70
30.705340  57
30.729885  62
30.739334  78
30.757413  152
30.758986  63
30.761478  278
30.772920  80
30.774713  65
30.788281  36
30.805761  82
30.809906  59
30.814051  67
30.818156  79
30.826566  70
30.837096  88
30.879146  65
30.883351  85
30.904640  99
30.912830  85
30.925564  73
30.930268  95
30.941471  293
30.979936  72
31.000016  331
31.017629  69
31.031202  107
31.036960  75
31.047822  324
31.056612  82
31.063409  326
31.075944  91
31.088585  73
31.112023  91
31.137254  95
31.139526  94
31.150768  299
31.156092  154
31.180703  73
31.191865  99
31.193718  92
31.199976  74
31.201789  86
31.237250  119
31.281038  108
31.286013  115
31.305689  138
31.332297  105
31.346190  313
31.349356  93
31.372873  102
31.382002  103
31.387485  136
31.395935  86
31.404905  346
31.417021  92
31.419034  179
31.420907  355
31.423399  104
31.436034  105
31.444265  106
31.455307  120
31.457380  353
31.471329  354
31.485043  354
31.500330  109
31.507108  114
31.510873  130
31.522674  117
31.532203  126
31.537007  117
31.542985  113
31.551715  323
31.564637  184
31.566770  347
31.578052  128
31.584369  117
31.597504  139
31.606354  112
31.610899  118
31.620548  358
31.631790  121
31.681711  138
31.684842  378
31.692813  142
31.696978  89
31.725538  126
31.767624  361
31.780139  129
31.788116  206
31.800233  121
31.810936  129
31.817713  134
31.833619  124
31.838773  391
31.844871  391
31.851628  221
31.863249  129
31.931855  143
31.936180  143
31.947062  130
31.952920  133
31.959577  140
31.967138  133
31.969390  131
31.992059  365
32.003141  141
32.013804  130
32.031383  153
32.045491  132
32.047524  145
32.072500  150
32.079137  143
32.098690  161
32.124220  148
32.131117  167
32.147937  134
32.173357  173
32.192041  159
32.208087  147
32.214664  167
32.221885  379
32.224097  150
32.238150  154
32.249013  161
32.256933  157
32.259006  165
32.277606  166
32.289841  156
32.292113  155
32.298391  411
32.300264  174
32.305488  237
32.323601  169
32.336296  162
32.342194  397
32.343807  135
32.353590  402
32.383545  433
32.389623  177
32.398133  157
32.411287  171
32.416271  158
32.418204  156
32.422209  383
32.444141  163
32.450079  240
32.456737  404
32.467956  160
32.472062  241
32.476007  187
32.492780  161
32.497225  174
32.503523  185
32.512872  178
32.515204  186
32.519269  418
32.548192  182
32.558734  195
32.634513  191
32.663673  185
32.724572  179
32.764479  191
32.778313  170
32.789995  198
32.795638  205
32.799284  444
32.801117  265
32.803290  180
32.816838  451
32.826826  185
32.839022  179
32.872695  438
32.882678  218
32.900477  184
32.904442  193
32.907848  466
32.930431  200
32.936789  405
32.945899  200
32.951817  409
32.967725  268
32.971890  184
32.973823  206
32.989764  197
33.014008  199
33.025071  227
33.053992  217
33.062642  232
33.131007  226
33.133419  203
33.146594  232
33.157296  194
33.179105  232
33.205140  191
33.209405  453
33.215988  221
33.235711  225
33.253450  220
33.259907  478
33.273880  223
33.303001  240
33.304994  214
33.314543  225
33.316656  239
33.326818  485
33.340231  231
33.344316  303
33.384638  189
33.393228  219
33.412760  473
33.420451  473
33.424836  491
33.426529  242
33.430933  242
33.443729  227
33.452059  222
33.458976  525
33.461089  247
33.477235  226
33.500273  486
33.517714  226
33.521859  259
33.535254  229
33.536867  254
33.544063  245
33.545716  249
33.566086  506
33.570511  263
33.590391  226
33.596989  267
33.609964  269
33.614389  258
33.628577  249
33.630949  277
33.686809  275
33.689301  264
33.704408  283
33.711485  278
33.715790  247
33.719835  276
33.728205  348
33.744378  277
33.748244  488
33.752549  499
33.757374  273
33.772802  266
33.781252  251
33.801422  261
33.849817  246
33.855595  276
33.873719  508
33.886592  271
33.895481  258
33.911106  352
33.918742  521
33.978659  526
33.983503  290
33.989505  530
33.999314  278
34.036473  264
34.042252  283
34.086001  284
34.094251  355
34.121119  266
34.133176  271
34.151042  534
34.155607  288
34.164890  277
34.170318  279
34.181660  284
34.188617  293
34.205337  296
34.215859  311
34.252231  287
34.268871  297
34.279793  296
34.292029  301
34.313578  285
34.324101  285
34.337455  509
34.345326  279
34.359714  289
34.364338  282
34.409565  299
34.416766  273
34.446577  531
34.460990  540
34.470953  292
34.488576  289
34.493480  365
34.503567  543
34.511482  308
34.523098  290
34.526089  563
34.542243  297
34.557490  536
34.565920  290
34.576464  537
34.588819  551
34.609290  296
34.615971  557
34.660350  301
34.670893  375
34.679284  299
34.699739  291
34.706995  379
34.717778  323
34.725394  312
34.750884  566
34.768591  301
34.770204  319
34.787224  315
34.795595  310
34.810482  334
34.821344  338
34.830873  565
34.850964  324
34.883662  327
34.889959  334
34.896936  327
34.903374  396
34.906545  541
34.909851  322
34.924970  326
34.933400  545
34.935513  318
34.942450  324
34.957797  322
35.014402  338
35.034753  336
35.087416  311
35.094013  339
35.099931  415
35.101584  577
35.108820  333
35.117050  322
35.128272  327
35.134650  579
35.139614  323
35.143020  554
35.181890  337
35.184002  569
35.188627  323
35.214537  323
35.230283  330
35.234828  549
35.237460  317
35.251117  322
35.258234  401
35.265111  315
35.269396  321
35.271548  543
35.279538  314
35.282150  312
35.287493  322
35.289166  396
35.301147  317
35.314089  326
35.328529  325
35.345415  578
35.357056  316
35.359768  312
35.373282  310
35.382711  317
35.405413  325
35.411710  322
35.417867  562
35.439251  321
35.473680  314
35.480277  325
35.483647  319
35.650322  319
35.714437  327
35.760933  611
35.778797  319
35.819786  323
35.851066  595
35.856050  326
35.864924  322
35.867176  356
35.887925  323
35.894582  334
35.897753  550
35.913719  346
35.924745  401
35.931522  359
35.937345  327
35.944621  329
35.963119  609
35.971114  609
35.972867  353
35.980403  352
35.985407  349
35.992723  346
36.012553  360
36.026510  360
36.036318  593
36.060813  342
36.080191  349
36.085614  334
36.094403  353
36.096036  554
36.099766  350
36.106683  353
36.109075  325
36.110888  566
36.119158  345
36.121710  345
36.130439  345
36.143473  347
36.151708  345
36.164767  340
36.169352  336
36.208055  562
36.219696  310
36.236480  323
36.254358  377
36.256025  282
36.269683  274
36.281528  537
36.291551  373
36.309060  307
36.315537  296
36.317110  296
36.318788  298
36.346799  308
36.349850  302
36.365824  543
36.371962  540
36.373540  289
36.376112  537
36.378404  292
36.381036  292
36.392776  516
36.395028  275
36.399872  498
36.418140  350
36.424577  268
36.428942  268
36.432572  493
36.439928  258
36.449397  262
36.452388  266
36.454680  266
36.456333  345
36.459264  263
36.472163  266
36.483524  256
36.491060  509
36.492693  251
36.500848  250
36.506575  247
36.518136  247
36.529637  256
36.532129  255
36.547223  485
36.556831  238
36.583578  220
36.591501  453
36.593893  229
36.595766  229
36.598482  223
36.600974  448
36.603286  445
36.605918  219
36.614628  209
36.619193  209
36.619992  429
36.621470  201
36.627328  196
36.631453  446
36.669731  436
36.683029  189
36.697896  198
36.718130  277
36.729132  185
36.750725  273
36.770368  200
36.795847  196
36.799222  185
36.801474  183
36.803946  181
36.820132  418
36.821945  177
36.826829  409
36.829301  171
36.834385  393
36.853142  248
36.859599  166
36.866036  391
36.869981  156
36.875939  157
36.879469  237
36.882101  156
36.894556  153
36.904744  151
36.911281  406
36.919771  149
36.921684  139
36.952687  162
36.970146  397
36.981707  157
36.990956  152
37.008675  151
37.017945  384
37.020377  164
37.022809  167
37.042635  149
37.089524  395
37.103063  145
37.135614  231
37.155584  162
37.191289  160
37.200518  145
37.202311  132
37.212274  131
37.219869  374
37.228024  137
37.235979  143
37.243335  367
37.256769  217
37.273374  365
37.277419  133
37.286908  136
37.308253  131
37.312138  387
37.316443  119
37.322161  125
37.330851  116
37.342273  125
37.353175  357
37.364257  115
37.372727  114
37.390314  107
37.398784  339
37.401236  118
37.407994  125
37.414272  110
37.423102  112
37.439792  325
37.443897  81
37.448741  71
37.455977  329
37.458409  57
37.461915  140
37.466819  62
37.473524  53
37.475317  48
37.479502  63
37.489844  293
37.498574  38
37.517827  30
37.520339  27
37.542724  257
37.546889  104
37.548502  13
37.552527  0
37.557831  87
37.561277  6
37.565542  8
37.583309  3
37.586555  259
37.593891  2
37.625664  20
37.630009  18
37.636487  258
37.647689  13
37.655580  13
37.683363  243
37.685735  19
37.697480  28
37.771233  11
37.786021  27
37.836162  7
37.910420  4
37.925208  4
37.934637  22
38.010655  18
38.034313  20
38.072282  24
38.076028  24
38.089162  272
38.093148  21
38.111840  14
38.121529  19
38.147660  14
38.154218  37
38.168186  24
38.172171  99
38.187066  27
38.205093  281
38.209418  23
38.213863  284
38.222333  25
38.228231  25
38.236341  32
38.252087  39
38.254699  28
38.261536  269
38.265301  275
38.282041  28
38.293363  42
38.306258  243
38.308690  36
38.319313  45
38.328164  42
38.343111  50
38.345064  45
38.368162  289
38.380122  45
38.400827  49
38.408043  44
38.421617  45
38.427775  292
38.451553  37
38.460443  48
38.466121  46
38.477043  53
38.485653  53
38.489758  256
38.492230  103
38.503194  29
38.504767  134
38.509092  43
38.534522  309
38.536854  51
38.550169  49
38.568902  51
38.583589  294
38.585202  63
38.589867  51
38.612470  51
38.651880  274
38.660590  54
38.692957  55
38.700508  46
38.721433  134
38.730602  46
38.747602  50
38.749395  55
38.760677  62
38.771619  58
38.775824  58
38.777537  72
38.786886  64
38.797928  312
38.821391  76
38.825816  70
38.853858  60
38.855611  83
38.864081  141
38.873150  65
38.877315  146
38.881241  93
38.916886  55
38.921091  52
38.932433  57
38.938751  58
38.943236  308
38.948954  58
38.958837  75
38.963322  59
38.976257  313
38.978869  93
38.980662  67
39.001114  82
39.004980  90
39.009685  321
39.020547  92
39.022520  74
39.030550  287
39.041492  89
39.043365  85
39.045318  303
39.060732  81
39.075480  103
39.088735  100
39.108128  347
39.117397  81
39.125328  351
39.129633  97
39.131206  90
39.137723  104
39.150079  100
39.154623  109
39.157075  100
39.158748  105
39.173696  94
39.186091  359
39.202132  96
39.209049  120
39.213833  102
39.227048  97
39.239523  105
39.243928  118
39.247833  101
39.259036  161
39.263541  328
39.265154  179
39.269319  97
39.278688  184
39.282594  116
39.295409  100
39.324090  100
39.328215  363
39.349605  107
39.359888  112
39.368258  105
39.383845  347
39.387630  113
39.389243  100
39.406583  107
39.414087  348
39.416240  102
39.430767  110
39.437364  337
39.453844  337
39.458982  125
39.467632  121
39.471697  117
39.513855  354
39.530943  108
39.532996  114
39.546351  110
39.556793  126
39.569729  139
39.584760  140
39.597694  369
39.605744  381
39.614708  125
39.622144  121
39.632267  145
39.639571  129
39.641484  122
39.648441  134
39.667838  146
39.669551  121
39.675609  208
39.679954  129
39.685912  355
39.688384  137
39.693667  208
39.699685  213
39.701638  144
39.721064  144
39.732824  389
39.734857  379
39.742914  129
39.750445  130
39.752018  125
39.758815  398
39.770531  134
39.778541  154
39.781213  127
39.793313  139
39.800270  152
39.829252  131
39.847806  131
39.850058  380
39.872223  136
39.876628  363
39.879340  134
39.890523  135
39.892156  364
39.900546  154
39.912068  145
39.941823  399
39.957810  144
39.969152  142
39.982127  142
39.990937  149
39.995102  152
39.999627  143
40.003792  166
40.018020  164
40.026330  398
40.046801  407
40.048834  154
40.063861  149
40.065614  164
40.073844  157
40.102868  159
40.112277  167
40.120687  163
40.127744  229
40.132289  159
40.137967  372
40.142172  229
40.146657  166
40.167981  169
40.171986  401
40.183683  154
40.200557  413
40.214271  173
40.226986  154
40.233983  165
40.249771  162
40.270517  173
40.275281  162
40.285943  160
40.309340  165
40.318470  391
40.329931  393
40.350178  252
40.392029  417
40.409816  165
40.437498  180
40.445058  168
40.470642  183
40.479712  170
40.488182  190
40.492986  422
40.522622  426
40.528520  171
40.537269  169
40.543967  174
40.546000  177
40.551264  169
40.569083  395
40.574961  175
40.581478  177
40.593574  179
40.598418  173
40.603342  184
40.610000  179
40.647533  201
40.658455  169
40.668438  169
40.676789  450
40.689150  173
40.704037  177
40.715047  174
40.716780  202
40.731887  201
40.733960  193
40.756165  202
40.773683  183
40.775296  425
40.804218  209
40.811235  207
40.815221  194
40.828465  432
40.839088  209
40.845366  183
40.854854  205
40.865877  207
40.885548  450
40.889813  456
40.896230  206
40.903941  191
40.912431  193
40.916876  186
40.931903  213
40.933716  221
40.941706  213
40.947744  209
40.951889  207
40.953882  199
40.977320  219
40.990534  459
41.019196  463
41.024941  214
41.036217  203
41.037870  230
41.044467  215
41.049291  286
41.050904  205
41.065961  209
41.070306  216
41.078896  218
41.087426  228
41.092531  217
41.108697  226
41.114695  213
41.119080  220
41.123425  231
41.127650  292
41.138152  308
41.151933  227
41.166734  479
41.171439  227
41.180603  209
41.197563  221
41.211536  224
41.220746  221
41.229910  222
41.233736  226
41.240848  233
41.242881  225
41.245133  457
41.260150  214
41.284322  222
41.286674  468
41.294925  217
41.318130  240
41.324607  218
41.330145  231
41.347993  239
41.352658  233
41.359699  231
41.371060  237
41.411224  469
41.419514  223
41.421287  476
41.431970  222
41.449418  223
41.461120  240
41.474295  234
41.481801  232
41.490611  228
41.501094  244
41.509904  256
41.521780  247
41.538926  245
41.553814  487
41.564416  250
41.582037  240
41.613258  229
41.617763  250
41.624481  239
41.629006  255
41.630879  232
41.641601  251
41.648078  233
41.653936  239
41.658261  257
41.660413  249
41.673169  229
41.677734  337
41.694102  268
41.704305  248
41.710068  492
41.723183  235
41.727128  266
41.728881  229
41.735838  516
41.740825  229
41.745130  521
41.755113  243
41.768108  271
41.772073  265
41.774665  271
41.780863  256
41.787621  268
41.795771  265
41.800076  253
41.817476  270
41.821581  245
41.825446  258
41.827639  257
41.852490  262
41.871410  252
41.881413  260
41.888290  273
41.902878  256
41.904571  266
41.914094  274
41.926450  273
41.951505  271
41.971257  265
41.993667  262
42.006782  278
42.032272  278
42.041382  261
42.053777  278
42.058661  262
42.064998  266
42.075521  529
42.127659  267
42.141568  265
42.160621  275
42.171124  272
42.179374  268
42.181267  271
42.193607  275
42.200983  275
42.211366  280
42.216131  276
42.220536  267
42.236323  270
42.256854  277
42.270288  277
42.276586  271
42.284956  530
42.319584  280
42.327934  274
42.338124  284
42.353271  266
42.355124  285
42.378309  286
42.391843  274
42.396887  276
42.412614  283
42.443062  290
42.448940  277
42.461895  278
42.470964  286
42.477861  286
42.523530  279
42.530507  279
42.545195  278
42.558050  280
42.562495  279
42.579894  292
42.597173  287
42.601158  281
42.608235  284
42.618837  297
42.623421  298
42.629159  289
42.640261  288
42.649645  534
42.711179  279
42.730173  280
42.736870  290
42.738903  287
42.755863  298
42.764273  295
42.765886  277
42.777068  293
42.789572  283
42.807393  285
42.818276  290
42.829698  301
42.834243  543
42.838088  292
42.839961  294
42.842852  293
42.852041  291
42.859459  546
42.865437  293
42.881063  296
42.887928  296
42.906266  298
42.911030  294
42.917387  301
42.930429  291
42.936451  288
42.952276  288
42.958973  302
42.996600  301
43.016136  294
43.028316  302
43.030089  301
43.036536  301
43.039687  298
43.041979  299
43.056811  300
43.064946  302
43.081046  292
43.099781  299
43.112517  292
43.114130  292
43.118804  299
43.124702  289
43.181791  298
43.189067  299
43.201207  296
43.238429  305
43.254683  311
43.266903  298
43.306198  291
43.307791  293
43.309404  295
43.356111  287
43.370504  285
43.382112  291
43.386537  294
43.394824  288
43.396937  288
43.401701  289
43.409177  286
43.415048  292
43.417400  282
43.422784  284
43.426909  282
43.431873  282
43.436297  284
43.441261  283
43.463169  296
43.471664  298
43.478600  282
43.492173  288
43.506146  280
43.516027  280
43.518199  286
43.519992  281
43.537204  285
43.549024  294
43.571373  280
43.580621  291
43.583253  287
43.588317  289
43.608197  291
43.618754  285
43.641037  270
43.644248  276
43.667454  282
43.669087  284
43.677996  280
43.685152  282
43.690755  286
43.693447  278
43.735405  279
43.738731  284
43.741223  279
43.762127  267
43.767191  269
43.783142  276
43.785674  266
43.790838  276
43.794044  273
43.803978  268
43.834348  264
43.836660  268
43.838333  260
43.842538  266
43.844111  269
43.845964  264
43.847617  268
43.849230  264
43.852121  258
43.856266  256
43.862703  252
43.866353  264
43.869065  263
43.870678  249
43.873290  258
43.875043  245
43.885165  256
43.886758  242
43.897844  245
43.905389  252
43.910533  248
43.912905  243
43.917389  244
43.922113  248
43.923371  237
43.925104  234
43.927696  234
43.930927  233
43.936115  231
43.956045  224
43.959256  225
43.966611  226
43.968404  224
43.970077  220
43.972449  222
43.974921  221
43.983930  220
44.000260  209
44.007002  201
44.015911  205
44.030471  190
44.034780  189
44.040563  191
44.057683  173
44.068784  151
44.079666  143
44.082218  144
44.088824  138
44.098832  143
44.117070  138
44.130743  132
44.132456  133
44.136861  129
44.149660  114
44.162874  113
44.165586  115
44.177087  107
44.187869  111
44.204913  102
44.208099  105
44.210571  100
44.215415  108
44.221058  105
44.222791  100
44.224349  103
44.227021  105
44.229393  100
44.235431  107
44.237683  107
44.239296  104
44.250243  93
44.261305  90
44.263218  91
44.287282  93
44.289734  89
44.297744  88
44.304381  95
44.308156  86
44.309789  77
44.312341  78
44.314933  78
44.318858  74
44.328641  71
44.342868  70
44.359040  82
44.371767  68
44.384882  67
44.393112  54
44.403455  52
44.407780  55
44.414757  53
44.423507  62
44.432524  46
44.451017  58
44.452990  50
44.476022  47
44.480107  50
44.540631  62
44.542963  61
44.544976  47
44.547548  57
44.549840  50
44.552392  56
44.558310  57
44.569672  41
44.578409  43
44.582994  47
44.601513  43
44.617121  46
44.628223  45
44.630735  41
44.640663  50
44.690449  45
44.719412  44
44.726229  38
44.732567  46
44.741037  38
44.758644  43
44.764122  38
44.785607  43
44.787300  35
44.812695  36
44.844709  46
44.851286  48
44.854692  37
44.861469  43
44.865354  41
44.879367  31
44.883532  37
44.885185  34
44.898899  29
44.901051  33
44.902664  31
44.921411  28
44.941562  32
44.951905  39
44.979387  36
44.996248  30
45.027203  46
45.176952  44
45.179105  37
45.195574  49
45.214266  44
45.253584  46
45.265285  36
45.287209  36
45.330364  34
45.339174  35
45.362251  37
45.369148  50
45.385494  38
45.394564  46
45.405707  52
45.410112  57
45.419941  45
45.438321  49
45.443425  52
45.469354  53
45.497597  55
45.502022  44
45.513743  49
45.522413  60
45.524566  56
45.526259  40
45.528192  52
45.541933  60
45.550763  64
45.558754  49
45.563306  44
45.572216  42
45.586824  59
45.597966  44
45.601811  41
45.604523  41
45.610980  52
45.612733  46
45.621962  51
45.624015  58
45.638663  47
45.660349  56
45.666706  51
45.675396  52
45.690883  65
45.720219  63
45.727436  58
45.731781  56
45.738139  57
45.746229  60
45.756772  60
45.768268  71
45.778870  52
45.826712  54
45.843859  42
45.862138  64
45.870489  58
45.896959  67
45.902347  77
45.909044  92
45.910657  48
45.921020  103
45.931702  103
45.939592  58
45.942523  64
45.959124  63
45.961656  72
45.970985  90
45.977003  68
45.988262  85
45.990934  61
45.992927  65
45.999724  70
46.009987  104
46.032431  66
46.043872  85
46.048656  68
46.064710  71
46.071468  55
46.080038  109
46.090520  74
46.095265  74
46.097018  109
46.105568  85
46.119042  97
46.127293  85
46.135663  100
46.139848  90
46.152603  91
46.160613  114
46.162246  96
46.187341  87
46.222382  103
46.224235  111
46.232605  103
46.236750  76
46.242248  115
46.268115  105
46.274772  113
46.290060  111
46.292093  109
46.296218  113
46.300503  114
46.310625  100
46.317542  117
46.332669  106
46.334562  108
46.345110  108
46.359343  119
46.365661  117
46.386916  127
46.390841  111
46.399598  112
46.404677  107
46.419397  115
46.421490  128
46.458533  109
46.461225  110
46.462978  120
46.467503  131
46.482631  115
46.490501  124
46.504330  123
46.506582  130
46.512500  136
46.532033  125
46.539684  126
46.555292  124
46.567467  127
46.578449  140
46.581161  122
46.587839  113
46.591884  132
46.602886  132
46.608704  127
46.641244  134
46.657291  125
46.671883  152
46.678321  123
46.699387  120
46.715334  132
46.717846  133
46.727989  141
46.731974  155
46.742596  121
46.750072  154
46.755390  139
46.775849  130
46.778022  130
46.779855  159
46.794702  132
46.799247  146
46.805165  142
46.815995  148
46.831523  128
46.835928  152
46.842305  136
46.865602  160
46.867335  149
46.902781  148
46.919762  141
46.935556  164
46.944026  140
46.950763  142
46.953215  162
46.959134  156
47.010109  169
47.017879  174
47.050726  146
47.084341  141
47.096657  164
47.107760  167
47.120775  149
47.125100  182
47.126713  161
47.144253  156
47.153183  166
47.169249  157
47.173114  163
47.174987  163
47.179232  172
47.184910  156
47.194748  177
47.196681  176
47.199572  162
47.206390  166
47.210435  180
47.212048  170
47.218845  191
47.231350  163
47.243730  169
47.280642  165
47.284627  155
47.291444  179
47.295969  162
47.298042  166
47.332806  176
47.353804  179
47.360202  187
47.382965  170
47.388603  169
47.390496  184
47.396973  180
47.414173  179
47.420271  181
47.435418  176
47.437211  188
47.460488  169
47.469597  170
47.477707  183
47.488649  182
47.494987  188
47.509595  184
47.537672  182
47.551701  186
47.564415  191
47.577239  184
47.592447  200
47.607635  192
47.636736  181
47.659201  179
47.661334  195
47.675802  192
47.688618  184
47.694996  197
47.704305  203
47.708870  188
47.716980  207
47.734420  190
47.736712  193
47.763780  196
47.770198  177
47.778488  183
47.784386  197
47.788910  185
47.793055  183
47.809721  193
47.811534  183
47.819924  187
47.830666  213
47.842742  212
47.861695  208
47.895158  191
47.896991  219
47.908093  192
47.916783  202
47.924593  222
47.934716  201
47.939081  202
47.948810  219
47.969796  207
47.976753  212
47.981657  193
47.992819  232
48.005075  206
48.034517  193
48.069775  204
48.071908  207
48.083370  184
48.089967  187
48.095512  195
48.097425  235
48.122980  239
48.129038  217
48.135196  218
48.146898  207
48.153356  213
48.162507  218
48.164360  216
48.171877  241
48.179334  204
48.184675  229
48.186568  230
48.193265  210
48.206160  227
48.212757  234
48.218555  234
48.227165  234
48.240480  222
48.244572  232
48.264444  234
48.266497  216
48.281244  227
48.283217  215
48.291967  210
48.301117  228
48.319096  220
48.328380  233
48.359775  231
48.365713  235
48.383553  244
48.390070  224
48.400373  223
48.407270  234
48.410956  237
48.427003  233
48.455003  242
48.489722  223
48.519905  237
48.533962  225
48.559271  234
48.567421  236
48.569154  244
48.592672  247
48.596577  222
48.613437  225
48.639406  239
48.646763  240
48.654254  245
48.655967  246
48.685286  231
48.704905  230
48.720852  249
48.731414  234
48.739525  237
48.746122  248
48.761729  257
48.770798  226
48.794436  253
48.811856  248
48.823486  244
48.830463  243
48.834549  238
48.852169  239
48.857113  238
48.868036  246
48.878598  250
48.897003  250
48.928466  235
48.931038  235
48.932851  257
48.942480  256
48.944832  253
48.968808  245
48.974366  248
48.976059  232
48.993583  263
48.998068  246
49.001583  235
49.025723  253
49.042222  254
49.053807  239
49.078042  252
49.095007  256
49.112052  254
49.116317  258
49.121261  233
49.137187  237
49.146336  262
49.151520  255
49.157877  263
49.171403  254
49.188128  253
49.215316  241
49.225344  245
49.240171  250
49.246655  255
49.254246  256
49.269951  255
49.286460  256
49.291224  249
49.318671  256
49.325228  253
49.351486  251
49.356170  249
49.358542  246
49.373259  235
49.381133  247
49.392754  245
49.416887  254
49.430361  242
49.436599  242
49.438991  237
49.444644  239
49.446896  241
49.453213  237
49.455126  238
49.463964  249
49.465857  248
49.491522  237
49.496227  257
49.507748  236
49.510140  256
49.517596  233
49.547904  252
49.565768  260
49.577189  244
49.602787  251
49.618482  253
49.629803  251
49.634947  258
49.636600  237
49.675651  258
49.677264  253
49.691097  247
49.709934  252
49.714119  247
49.725180  233
49.733115  246
49.742914  242
49.746145  252
49.755434  235
49.758929  254
49.760502  245
49.763034  241
49.794170  246
49.798854  242
49.801086  246
49.803798  246
49.808063  240
49.809656  227
49.853627  244
49.886989  236
49.910433  245
49.918928  242
49.952972  243
49.955224  243
49.960268  242
49.988500  252
49.995696  251
49.997589  247
50.021669  223
50.036063  221
50.040907  221
50.048837  229
50.057292  240
50.066122  240
50.071920  239
50.077124  220
50.098553  230
50.102439  230
50.105051  236
50.118545  239
50.133919  239
50.136471  222
50.138963  221
50.148172  217
50.150744  217
50.161287  225
50.166031  228
50.167864  216
50.172169  223
50.175260  217
50.177672  222
50.180164  217
50.182676  227
50.204664  216
50.213493  208
50.216085  206
50.218277  204
50.220190  204
50.222542  215
50.223341  195
50.225713  206
50.227586  190
50.230298  188
50.233249  190
50.237041  189
50.238774  190
50.258033  186
50.259906  178
50.262418  183
50.264251  174
50.268916  181
50.271128  172
50.272941  166
50.278145  187
50.287494  171
50.294818  167
50.298763  164
50.303567  159
50.308531  176
50.310604  163
50.321476  160
50.323888  157
50.325581  155
50.333604  160
50.338129  158
50.340681  157
50.344666  154
50.352337  154
50.361111  135
50.364282  129
50.366175  125
50.368607  124
50.370320  131
50.372367  130
50.374360  121
50.375933  120
50.377626  121
50.383349  116
50.387694  118
50.397143  109
50.399675  109
50.411440  109
50.428201  113
50.431906  111
50.433699  115
50.449406  117
50.462641  100
50.473843  102
50.479846  100
50.488755  89
50.491846  77
50.496311  75
50.504881  77
50.508986  82
50.511258  72
50.514409  75
50.517021  73
50.519213  75
50.521885  73
50.533286  66
50.536552  58
50.544762  49
50.549666  55
50.551379  67
50.562201  54
50.566066  59
50.587778  49
50.593416  40
50.599219  60
50.612054  51
50.614426  48
50.616858  45
50.621123  39
50.625268  43
50.627101  41
50.634777  36
50.641654  31
50.647792  36
50.653555  37
50.657780  44
50.668901  24
50.673366  42
50.675279  32
50.676438  30
50.679847  34
50.686044  29
50.706475  26
50.732806  37
50.739742  45
50.777866  38
50.793093  36
50.838974  29
50.845092  31
50.846825  23
50.851909  39
50.854561  21
50.859206  25
50.863571  29
50.867816  34
50.881411  31
50.888448  27
50.892813  18
50.894666  34
50.909054  21
50.912839  21
50.921329  22
50.934304  23
50.940542  22
50.950672  32
50.963387  17
50.969745  22
50.978295  18
51.005424  18
51.031522  32
51.117322  37
51.127305  45
51.149347  20
51.178308  38
51.267383  29
51.281871  23
51.294175  27
51.309042  30
51.310635  26
51.332129  42
51.363743  43
51.409912  16
51.458221  49
51.469804  55
51.486804  34
51.505824  18
51.510788  32
51.513080  37
51.529001  61
51.533766  26
51.548040  32
51.556730  44
51.561035  43
51.565320  52
51.571218  21
51.572791  45
51.574724  40
51.584153  39
51.588138  43
51.604874  27
51.618588  38
51.623073  41
51.627558  22
51.638180  48
51.646870  48
51.649062  47
51.661985  28
51.665711  81
51.671055  35
51.682297  41
51.692121  75
51.694493  72
51.711133  71
51.722554  64
51.760188  55
51.768498  54
51.770710  28
51.781826  71
51.783479  31
51.801357  54
51.810007  54
51.817004  81
51.825514  62
51.836416  54
51.847359  64
51.849192  64
51.857362  51
51.865126  56
51.872263  66
51.888590  72
51.898733  62
51.919064  84
51.920717  68
51.929667  68
51.947027  75
51.951252  67
51.952945  78
51.976250  80
51.982328  83
51.991764  50
52.016954  76
52.028016  69
52.045655  64
52.051993  80
52.056598  85
52.071426  68
52.073519  83
52.096737  90
52.130916  85
52.135860  75
52.141798  75
52.153099  74
52.165055  91
52.172052  75
52.179293  72
52.195118  91
52.198724  84
52.205141  77
52.209126  102
52.220582  69
52.230325  76
52.234970  87
52.243200  81
52.247485  88
52.252309  100
52.254002  92
52.256354  74
52.262232  76
52.275495  86
52.304238  73
52.308483  100
52.322018  81
52.328556  88
52.337786  90
52.342510  80
52.355605  96
52.366667  87
52.376570  86
52.387233  99
52.407744  89
52.414241  79
52.416953  79
52.425443  96
52.441783  89
52.447007  101
52.485781  106
52.530242  91
52.533987  86
52.543919  92
52.547904  91
52.554182  109
52.568096  95
52.570169  103
52.579897  99
52.602515  105
52.605881  121
52.620195  95
52.621928  92
52.626053  96
52.637055  94
52.641420  100
52.647078  87
52.652536  103
52.662404  101
52.677132  121
52.686341  94
52.688034  96
52.703315  112
52.720394  106
52.742178  105
52.764362  111
52.776918  117
52.787901  114
52.794598  115
52.806933  107
52.829697  112
52.834801  110
52.852041  111
52.854233  109
52.871653  123
52.884348  117
52.888094  121
52.911611  121
52.939322  115
52.958294  112
52.960347  107
52.971317  118
52.975542  114
52.997134  120
53.008217  121
53.023224  115
53.033047  115
53.049312  119
53.054910  120
53.062821  122
53.073844  128
53.131203  127
53.135068  111
53.155146  127
53.172364  115
53.201986  117
53.206571  120
53.216440  144
53.220905  135
53.230808  129
53.241650  122
53.269537  117
53.279526  124
53.283711  126
53.301192  134
53.305337  133
53.307729  151
53.322984  140
53.342584  166
53.352987  130
53.365102  128
53.393524  144
53.398169  132
53.413217  127
53.416663  130
53.426312  131
53.427985  132
53.435441  131
53.450569  174
53.452382  135
53.456407  160
53.460972  131
53.486980  121
53.492698  133
53.495370  130
53.516916  146
53.523940  159
53.526512  174
53.534762  137
53.538887  143
53.549749  178
53.565870  148
53.567883  142
53.579964  171
53.590087  179
53.603222  161
53.611172  150
53.622473  150
53.624606  179
53.639753  145
53.648383  170
53.655674  151
53.658940  178
53.666216  156
53.670681  160
53.673293  163
53.681983  181
53.686408  168
53.693425  186
53.700262  175
53.708333  164
53.710446  178
53.723980  177
53.734702  173
53.741199  171
53.751622  184
53.757859  163
53.764157  184
53.776412  185
53.811172  177
53.824286  179
53.872922  177
53.874695  175
53.886736  175
53.891081  184
53.907422  176
53.920537  181
53.923209  184
53.935565  172
53.958089  177
53.969545  183
53.984512  180
53.995834  187
54.012654  175
54.041816  177
54.046261  176
54.050546  180
54.083412  187
54.162826  185
54.172469  196
54.203398  186
54.233533  201
54.259083  196
54.271898  182
54.278475  186
54.285596  189
54.288148  205
54.365580  178
54.375942  188
54.378274  184
54.402052  193
54.404444  205
54.418233  196
54.427023  208
54.429595  185
54.452633  187
54.458810  187
54.469193  204
54.487287  192
54.494364  204
54.496984  198
54.512851  194
54.529481  189
54.535479  195
54.548323  210
54.550755  214
54.556833  201
54.563829  215
54.579076  217
54.589179  204
54.599642  196
54.609685  231
54.635279  210
54.637451  196
54.648154  214
54.650347  203
54.659337  201
54.663442  200
54.666828  208
54.670034  235
54.672206  200
54.679702  205
54.684407  207
54.691584  205
54.700154  208
54.705297  240
54.722277  208
54.731287  206
54.743443  213
54.752193  206
54.760683  244
54.764588  227
54.768633  222
54.772778  216
54.779875  241
54.792610  228
54.806444  241
54.813461  225
54.842522  234
54.899025  225
54.902810  221
54.906296  218
54.913253  237
54.918552  229
54.925209  228
54.942928  224
54.959648  230
54.965806  231
54.971524  234
54.975789  231
54.982287  235
54.984480  229
55.001200  234
55.007957  228
55.012242  225
55.018480  230
55.030657  229
55.073334  229
55.077000  229
55.097832  241
55.108634  235
55.117284  240
55.149985  232
55.169638  235
55.206554  234
55.271647  230
55.282509  227
55.287832  248
55.300367  251
55.304472  235
55.321453  233
55.349374  236
55.387201  242
55.423214  244
55.458312  230
55.462317  245
55.464170  244
55.475352  249
55.483762  244
55.485655  239
55.495898  233
55.526611  248
55.530936  250
55.540904  237
55.542597  242
55.548936  251
55.560098  252
55.570880  242
55.575165  254
55.579250  261
55.595176  244
55.597308  251
55.601813  263
55.616081  255
55.621404  244
55.628221  268
55.636871  262
55.645501  268
55.654511  245
55.661138  252
55.670328  235
55.674233  249
55.678459  265
55.695707  258
55.697880  239
55.720164  253
55.724589  259
55.736885  249
55.739097  237
55.743122  262
55.748960  249
55.751512  283
55.757550  246
55.768692  265
55.772497  264
55.781147  251
55.783679  275
55.790416  275
55.814133  264
55.816226  241
55.828721  254
55.838784  267
55.849914  255
55.854459  283
55.857151  268
55.868214  280
55.895473  283
55.979619  270
55.993217  279
55.998935  261
56.011410  272
56.025814  267
56.031812  270
56.034783  273
56.041760  281
56.043333  277
56.051583  277
56.055828  276
56.057461  265
56.073907  288
56.085129  267
56.089674  281
56.110644  264
56.121586  272
56.123998  273
56.130176  277
56.146896  286
56.151680  288
56.156245  275
56.163936  294
56.189385  288
56.203274  279
56.205986  295
56.213577  279
56.220853  293
56.233496  300
56.240513  283
56.249562  299
56.254386  291
56.303049  277
56.310526  287
56.328006  282
56.333984  305
56.349531  288
56.355888  292
56.358400  286
56.366991  291
56.407028  309
56.417370  281
56.423328  293
56.436243  308
56.441167  296
56.443599  294
56.457133  305
56.469349  305
56.476166  300
56.491473  297
56.506480  300
56.518284  301
56.526454  293
56.562172  296
56.574114  301
56.596227  289
56.613667  309
56.619745  291
56.636794  302
56.647057  306
56.654574  303
56.657026  304
56.668168  296
56.669941  299
56.676838  300
56.687920  303
56.691306  303
56.702809  307
56.710464  299
56.725738  310
56.727411  306
56.750577  310
56.773880  306
56.798695  306
56.814022  314
56.819545  310
56.827815  309
56.843091  313
56.845663  309
56.851821  305
56.857324  320
56.859137  309
56.873304  296
56.881954  311
56.901153  312
56.907371  317
56.917480  310
56.919533  310
56.923818  308
56.939392  313
56.956921  316
56.960611  309
56.964736  315
56.967368  310
56.969860  310
56.977376  302
56.999646  315
57.004470  308
57.011168  318
57.015313  312
57.032660  319
57.045794  309
57.059519  318
57.062211  315
57.068848  312
57.078610  312
57.113868  314
57.160745  305
57.176651  310
57.183808  298
57.194710  305
57.197402  293
57.203899  291
57.206131  298
57.207824  292
57.212628  300
57.221812  291
57.223385  288
57.229830  302
57.231463  290
57.234689  297
57.236961  291
57.242389  290
57.262468  305
57.285354  289
57.299556  307
57.306062  303
57.364026  307
57.369110  310
57.373035  297
57.390129  301
57.400241  296
57.405944  298
57.416359  289
57.418172  283
57.421842  298
57.442420  303
57.467774  302
57.481588  301
57.484260  294
57.486492  289
57.490637  298
57.496375  292
57.516550  281
57.518123  281
57.523407  292
57.525979  279
57.530224  294
57.534189  294
57.538474  292
57.540966  293
57.543298  278
57.583029  286
57.614435  287
57.620403  285
57.623015  285
57.628079  280
57.630551  285
57.637367  277
57.653712  276
57.680631  276
57.713980  289
57.732520  280
57.739257  270
57.749999  267
57.758653  267
57.763337  289
57.764910  276
57.767921  281
57.770073  277
57.775297  263
57.777929  270
57.780501  270
57.783113  267
57.791112  269
57.793584  266
57.796256  273
57.800111  265
57.807926  264
57.811432  252
57.813844  255
57.819686  254
57.822238  251
57.825589  254
57.827841  261
57.833424  253
57.854213  250
57.865339  249
57.873054  250
57.882343  259
57.896049  255
57.900654  258
57.912754  245
57.916959  248
57.918772  240
57.921264  238
57.939008  244
57.941220  241
57.943472  231
57.948770  237
57.953454  237
57.959561  229
57.965579  226
57.990091  235
57.992184  229
58.000821  226
58.014055  208
58.021291  223
58.023044  212
58.029781  218
58.032413  213
58.034945  196
58.039130  212
58.068584  201
58.070876  200
58.073228  191
58.078212  197
58.079810  195
58.081383  185
58.091897  184
58.096901  178
58.101526  177
58.135942  172
58.156357  177
58.185421  170
58.194817  166
58.210064  172
58.214009  168
58.215862  162
58.218474  162
58.221146  169
58.236213  165
58.239904  156
58.241517  158
58.246221  153
58.250686  150
58.253358  145
58.257983  153
58.284872  148
58.296314  145
58.298706  140
58.310088  157
58.312560  154
58.314653  153
58.320411  148
58.331772  138
58.335723  136
58.337576  129
58.351590  138
58.361419  118
58.363911  129
58.365704  117
58.374713  123
58.388368  112
58.392793  111
58.395505  111
58.406354  103
58.415284  106
58.421541  116
58.423194  101
58.428218  115
58.452223  110
58.456308  100
58.460953  109
58.465198  94
58.484335  94
58.525577  69
58.530301  63
58.534546  55
58.539510  51
58.544175  59
58.545888  49
58.549713  49
58.552145  56
58.567232  42
58.568945  48
58.579133  47
58.583598  45
58.630567  47
58.639376  55
58.647827  57
58.696021  51
58.698713  57
58.713580  42
58.718868  43
58.729810  33
58.736867  36
58.743525  48
58.779724  46
58.807378  44
58.844230  43
58.850547  36
58.855511  36
58.859936  35
58.864121  35
58.868326  36
58.872931  46
58.875084  47
58.888077  33
58.892642  41
58.905524  54
58.908196  45
58.955930  36
59.019092  39
59.022897  48
59.044740  40
59.064731  35
59.107928  49
59.224700  46
59.251190  41
59.262274  42
59.269498  49
59.299778  38
59.326268  37
59.341922  48
59.346387  45
59.358272  55
59.362297  48
59.364030  41
59.410604  34
59.415369  50
59.436874  34
59.447676  59
59.449669  50
59.496509  50
59.511376  51
59.521579  57
59.548907  65
59.550780  70
59.553472  65
59.555125  66
59.557437  54
59.562022  59
59.566267  77
59.570592  68
59.574797  52
59.577329  59
59.579082  69
59.585719  69
59.589604  79
59.594129  49
59.602319  56
59.609316  67
59.611768  66
59.620532  62
59.644328  58
59.653677  57
59.656389  61
59.664759  70
59.669124  56
59.673769  58
59.686964  71
59.691649  63
59.706879  67
59.724758  57
59.735740  77
59.739026  65
59.758205  76
59.766795  67
59.788959  81
59.794023  68
59.802193  70
59.864930  67
59.899690  83
59.941547  73
59.959626  76
59.992380  68
59.998438  85
