# t(s) QueuingDelay(ms)
10.192695  2
10.219199  8
10.230720  6
10.232773  3
10.254877  12
10.285871  28
10.303332  10
10.307956  36
10.309569  38
10.313854  22
10.327728  41
10.342336  27
10.368885  31
10.373150  35
10.382340  49
10.424478  64
10.437413  48
10.461746  89
10.469827  104
10.473953  11
10.486583  93
10.494758  32
10.507962  104
10.521860  128
10.524092  36
10.536087  144
10.540951  46
10.561737  116
10.569587  126
10.579481  152
10.595068  160
10.609535  148
10.613281  162
10.621911  48
10.628648  165
10.645368  64
10.651746  192
10.660316  171
10.684740  70
10.698114  179
10.699987  71
10.724487  183
10.729435  196
10.739843  248
10.753218  208
10.754951  275
10.757084  90
10.765554  325
10.767327  94
10.791164  110
10.802646  334
10.808235  230
10.818106  116
10.827275  240
10.839790  337
10.841583  261
10.846707  118
10.857170  290
10.873262  126
10.891549  353
10.897587  147
10.910682  153
10.930784  164
10.934590  358
10.952109  292
10.953802  180
10.978124  300
11.000428  182
11.004893  344
11.009578  27
11.016116  365
11.022414  380
11.031223  183
11.035708  405
11.039334  352
11.049657  478
11.054601  194
11.062672  458
11.074014  456
11.076406  370
11.078459  227
11.096199  240
11.100944  386
11.112286  246
11.114718  413
11.126434  435
11.135183  256
11.136936  438
11.150452  421
11.152724  265
11.168931  416
11.174949  462
11.181366  268
11.186640  411
11.199035  372
11.200888  490
11.207910  511
11.210462  271
11.228081  523
11.231767  51
11.242389  521
11.262361  517
11.264234  287
11.279781  293
11.283966  71
11.291797  389
11.297795  305
11.318960  79
11.321512  403
11.351043  527
11.353096  315
11.368064  537
11.372648  324
11.387515  409
11.391561  159
11.404008  422
11.408393  554
11.412598  26
11.421468  441
11.423501  563
11.434603  495
11.442040  573
11.451864  174
11.454536  609
11.464778  344
11.466970  55
11.474506  202
11.486889  616
11.508054  619
11.521509  226
11.533409  356
11.542619  505
11.555215  507
11.569449  409
11.572995  566
11.583557  560
11.585490  432
11.593820  552
11.598764  438
11.610551  543
11.612244  454
11.621577  526
11.635311  457
11.656916  64
11.665706  642
11.681294  651
11.692207  457
11.705783  670
11.707995  269
11.714173  466
11.728509  528
11.734966  478
11.739371  279
11.745349  726
11.747042  558
11.757864  572
11.770244  505
11.774669  584
11.785072  592
11.794975  596
11.797367  280
11.803705  84
11.830339  746
11.832472  600
11.845466  295
11.850530  764
11.860933  774
11.887662  789
11.904502  119
11.912772  790
11.926626  792
11.929858  627
11.951983  665
11.954595  511
11.960893  686
11.966352  801
11.974048  131
11.996753  519
11.999345  296
12.010267  534
12.025115  706
12.034818  815
12.041835  697
12.064241  816
12.073850  306
12.079608  824
12.081321  186
12.090051  726
12.092004  867
12.112415  883
12.122539  712
12.139548  741
12.145506  321
12.153302  744
12.166777  738
12.179352  749
12.181784  388
12.190035  746
12.203417  897
12.215059  762
12.217252  909
12.234453  940
12.247667  752
12.249300  774
12.251792  953
12.269072  962
12.272043  785
12.293269  765
12.301080  957
12.317406  207
12.343236  720
12.367453  772
12.371718  417
12.391850  427
12.393643  971
12.408830  456
12.421705  987
12.443190  1006
12.489012  1013
12.513529  1014
12.524752  765
12.557320  831
12.569935  1049
12.577785  776
12.593192  222
12.669063  258
12.683410  1005
12.696645  10
12.700937  299
12.732766  837
12.801473  976
12.803905  313
12.815881  756
12.818193  461
12.839078  24
12.882555  1037
12.887340  1009
12.897583  1076
12.902367  1016
12.912690  1065
12.930629  471
12.936846  471
12.990491  1023
13.006991  331
13.027562  1074
13.031587  883
13.060189  1081
13.071252  489
13.090144  1089
13.114855  887
13.118560  503
13.125457  850
13.152971  1110
13.167699  507
13.170291  1094
13.177248  502
13.198434  491
13.209356  490
13.260756  33
13.284913  891
13.292624  880
13.296709  332
13.300814  848
13.311436  29
13.322418  29
13.326843  328
13.380738  23
13.410733  334
13.444514  849
13.495711  336
13.514604  485
13.525650  26
13.550365  480
13.558206  470
13.559959  650
13.570009  469
13.572441  0
13.603841  653
13.631209  471
13.671514  475
13.685334  305
13.702504  301
13.714445  446
13.723894  446
13.746932  440
13.757354  613
13.774066  611
13.778231  609
13.784428  606
13.805305  443
13.825118  443
13.831355  607
13.840632  445
13.846950  452
13.855340  451
13.900080  0
13.904365  280
13.927523  266
13.949128  266
13.951580  2
13.975098  2
13.992638  557
14.000389  267
14.005493  556
14.020329  272
14.047064  0
14.070441  434
14.072314  273
14.076959  14
14.093119  559
14.109195  573
14.139390  580
14.267661  296
14.299389  18
14.311924  343
14.315170  655
14.330302  660
14.331895  360
14.353300  406
14.391574  660
14.462848  377
14.478609  527
14.510403  609
14.513709  644
14.549396  673
14.555753  719
14.565936  709
14.591646  673
14.612830  646
14.698658  664
14.701070  1
14.715898  106
14.752990  583
14.756516  674
14.773421  696
14.777746  43
14.779499  588
14.785258  109
14.789263  713
14.799995  610
14.812340  149
14.825419  740
14.835902  751
14.846964  754
14.848717  693
14.871236  154
14.889423  786
14.898672  213
14.910528  793
14.928175  227
14.936425  98
14.957830  273
14.969412  101
14.972084  799
15.027195  280
15.048257  440
15.074587  124
15.117704  180
15.119297  188
15.151464  448
15.182913  609
15.243416  715
15.272682  116
15.339408  809
15.419085  873
15.480106  649
15.481739  824
15.614809  707
15.655211  699
15.659037  819
15.778228  190
15.799880  692
15.833993  189
15.856059  199
15.887039  221
15.915323  538
15.929357  251
15.989903  11
16.001144  261
16.009155  252
16.098628  548
16.236062  98
16.242699  277
16.285483  43
16.309199  110
16.311212  712
16.330204  108
16.335028  726
16.341845  151
16.345830  4
16.378539  157
16.380252  568
16.400370  575
16.411156  209
16.424310  579
16.440018  246
16.466869  273
16.479963  298
16.501522  581
16.506765  580
16.559610  583
16.584466  762
16.590803  312
16.608801  584
16.617818  309
16.663199  929
16.669516  739
16.677527  591
16.720969  91
16.752950  785
16.773816  324
16.782366  600
16.796259  126
16.819525  609
16.825823  141
16.829868  325
16.863795  614
16.925795  295
16.948753  631
16.952458  302
16.962446  632
16.978546  341
16.995705  343
17.012945  122
17.025543  363
17.042823  101
17.088251  121
17.098654  368
17.106090  127
17.108263  416
17.142023  635
17.179438  644
17.188747  369
17.198156  380
17.203040  379
17.227774  646
17.230486  653
17.237903  193
17.251711  377
17.275413  172
17.313761  188
17.361991  192
17.364563  205
17.376663  715
17.406702  830
17.408855  204
17.427329  328
17.436239  898
17.451212  378
17.499463  979
17.507318  649
17.533290  187
17.590642  380
17.647745  888
17.666942  911
17.674018  376
17.694348  382
17.730772  938
17.733324  384
17.737988  190
17.767307  945
17.772551  369
17.787423  431
17.850209  231
17.942244  235
17.955517  377
17.980785  268
17.987842  762
18.049009  395
18.116395  202
18.140775  207
18.162164  379
18.279260  382
18.298735  230
18.307894  387
18.367847  232
18.387463  568
18.398628  979
18.412740  236
18.434248  591
18.464991  205
18.474280  381
18.483069  382
18.516778  381
18.535982  810
18.545770  980
18.547343  202
18.607853  376
18.614410  374
18.626337  382
18.632315  377
18.644755  379
18.646348  374
18.652730  942
18.657075  372
18.660246  939
18.670818  376
18.692419  374
18.717540  376
18.739788  378
18.745052  811
18.747524  380
18.755100  807
18.762756  378
18.765148  232
18.772324  370
18.774257  370
18.778941  367
18.792020  222
18.794592  367
18.806252  366
18.812769  217
18.860689  367
18.874809  367
18.883638  367
18.886984  372
18.896727  370
18.929163  367
18.933448  221
18.938751  223
18.948514  222
18.951046  801
18.961991  371
18.971275  368
18.972968  219
18.974601  219
18.977552  367
18.979509  795
18.984073  359
18.985846  214
18.996488  359
19.000793  360
19.004758  211
19.006431  182
19.011395  355
19.029992  350
19.037088  349
19.042012  177
19.124932  184
19.129656  182
19.141357  186
19.144863  197
19.147095  187
19.149507  205
19.155909  205
19.162171  204
19.174830  377
19.212668  377
19.220678  373
19.241128  372
19.283445  361
19.289163  361
19.291196  371
19.301823  225
19.304794  225
19.309199  377
19.314590  376
19.316363  376
19.317976  221
19.322121  371
19.327653  218
19.331099  216
19.339633  216
19.360913  371
19.370641  191
19.377508  191
19.379381  370
19.381753  369
19.387291  367
19.389463  185
19.397833  963
19.400385  366
19.403077  212
19.417082  365
19.421007  362
19.425971  178
19.436118  357
19.446785  354
19.484753  4
19.546167  196
19.552943  196
19.568314  189
19.570127  189
19.571700  188
19.581508  188
19.583880  187
19.590597  187
19.592330  183
19.606567  357
19.617034  360
19.621998  361
19.634797  361
19.637369  361
19.638962  361
19.649349  362
19.651761  928
19.663102  363
19.668585  360
19.670797  364
19.675921  358
19.679666  357
19.697454  0
19.700385  353
19.721135  355
19.723287  351
19.725220  351
19.736845  348
19.739497  201
19.746933  344
19.764609  349
19.776069  201
19.780972  348
19.789407  347
19.791619  203
19.832019  206
19.834391  206
19.836384  207
19.841548  213
19.851795  347
19.859331  354
19.885664  362
19.912516  353
19.924016  212
19.929819  364
19.931392  210
19.946791  360
19.973957  215
19.978661  215
19.988428  352
20.011455  363
20.016079  364
20.025887  355
20.030451  357
20.032264  365
20.045897  180
20.059575  188
20.095791  172
20.099836  171
20.104780  173
20.107392  345
20.131132  173
20.136216  171
20.140760  169
20.143372  343
20.160523  340
20.196207  343
20.201531  339
20.208248  337
20.214485  331
20.229016  336
20.233740  328
20.235992  328
20.242576  325
20.255095  175
20.257587  175
20.265223  326
20.266916  171
20.276784  171
20.279975  326
20.286252  324
20.287865  170
20.304163  323
20.310660  320
20.317117  143
20.322620  141
20.332428  320
20.336333  320
20.348431  923
20.377165  328
20.380316  149
20.382089  326
20.388311  0
20.398574  322
20.402799  150
20.422075  329
20.443033  6
20.449531  10
20.458960  11
20.502946  6
20.505178  766
20.510402  162
20.512814  158
20.515406  145
20.522862  139
20.531599  139
20.536383  579
20.542086  298
20.544538  280
20.546311  831
20.553467  263
20.555080  258
20.556893  251
20.559305  243
20.563677  0
20.585920  238
20.597041  234
20.598614  86
20.600227  85
20.602459  231
20.605091  227
20.606784  218
20.608457  217
20.610849  68
20.612422  65
20.616647  210
20.618939  54
20.620552  54
20.630160  807
20.634185  806
20.646150  41
20.647823  40
20.652807  38
20.689426  0
20.698455  139
20.741284  0
20.762804  0
20.825190  163
20.912473  0
20.978981  602
21.004020  0
21.043678  0
21.066588  5
21.073085  7
21.082535  12
21.092084  0
21.102766  13
21.113048  0
21.122277  0
21.126402  0
21.128135  426
21.152055  1
21.157239  0
21.165094  272
21.177753  568
21.185109  7
21.231408  588
21.233920  6
21.235513  11
21.241770  12
21.251058  21
21.267323  12
21.277705  23
21.284936  0
21.394014  3
21.403553  4
21.448486  0
21.469835  463
21.505676  0
21.548356  3
21.562469  10
21.583620  12
21.595281  20
21.601159  22
21.615172  22
21.626274  30
21.631198  7
21.644381  16
21.647093  16
21.649485  31
21.654070  20
21.658735  325
21.660508  38
21.662840  23
21.674000  42
21.690443  1
21.693634  169
21.696307  3
21.705589  10
21.707071  13
21.711376  467
21.722318  17
21.727947  21
21.734624  47
21.776757  52
21.779289  0
21.790251  1
21.793557  550
21.797942  2
21.801113  57
21.808769  58
21.817019  549
21.823616  2
21.831567  62
21.849147  69
21.937034  3
21.986343  47
21.990728  53
21.998743  53
22.003368  58
22.008132  59
22.054257  48
22.111266  58
22.143043  28
22.145735  68
22.154685  33
22.156917  78
22.168083  93
22.179177  52
22.185095  99
22.192212  100
22.203135  102
22.205787  69
22.210072  73
22.217912  111
22.224729  114
22.236126  116
22.242644  57
22.246370  127
22.257772  521
22.266223  129
22.279518  169
22.281331  130
22.293895  190
22.299279  212
22.301851  481
22.319110  145
22.327580  145
22.337732  10
22.339565  158
22.349094  120
22.350807  14
22.369860  20
22.390572  126
22.397110  25
22.399282  132
22.424213  134
22.430870  580
22.443745  137
22.459971  139
22.468941  141
22.482063  147
22.491232  30
22.495996  147
22.610533  59
22.619686  61
22.633984  140
22.645959  141
22.654269  137
22.662389  141
22.676044  143
22.696156  141
22.705865  139
22.773077  147
22.788284  160
22.803456  163
22.805628  75
22.811985  78
22.819061  171
22.832755  175
22.843437  175
22.859165  184
22.868821  191
22.877231  192
22.879723  173
22.889850  164
22.893001  197
22.926308  209
22.930373  491
22.935138  216
22.948273  217
22.950385  503
22.956937  219
22.968398  220
22.990247  229
23.001749  43
23.008307  232
23.021442  236
23.025607  47
23.034257  249
23.040954  256
23.045119  94
23.048845  245
23.057035  243
23.076007  583
23.086610  618
23.112619  528
23.119137  246
23.129500  256
23.140262  273
23.167729  512
23.169362  278
23.192452  279
23.208698  283
23.216948  302
23.223806  356
23.237914  320
23.249675  331
23.262410  145
23.264782  335
23.277777  351
23.279570  151
23.297528  355
23.314118  363
23.327002  370
23.335831  378
23.366828  382
23.378230  643
23.381636  161
23.388113  392
23.395604  398
23.403020  211
23.427944  602
23.436714  213
23.441179  400
23.455672  253
23.460137  267
23.466655  266
23.487386  266
23.522450  402
23.533571  1
23.555655  271
23.575746  37
23.577559  154
23.589241  273
23.607499  263
23.609252  278
23.618561  292
23.620993  287
23.637380  310
23.644377  321
23.650355  323
23.664928  323
23.673438  52
23.705817  331
23.723037  332
23.734140  336
23.743289  627
23.747095  348
23.755305  303
23.757418  358
23.763955  362
23.772185  311
23.776410  364
23.791266  589
23.805220  372
23.814230  374
23.836870  374
23.847157  378
23.857260  378
23.865570  394
23.869935  99
23.874340  394
23.906588  202
23.916576  644
23.923833  312
23.926345  733
23.928378  396
23.948130  823
23.950203  329
23.960786  410
23.969855  318
23.987375  422
23.998357  424
24.004715  431
24.013924  438
24.017909  88
24.031482  441
24.042004  590
24.082026  603
24.092409  442
24.099046  443
24.105044  460
24.113694  450
24.122144  439
24.124816  439
24.158420  438
24.165397  433
24.173667  431
24.180864  431
24.187261  257
24.202968  277
24.217396  833
24.228159  434
24.245378  435
24.277730  436
24.288232  440
24.294090  444
24.307117  456
24.317799  460
24.324950  279
24.338764  460
24.358555  462
24.361027  434
24.374002  467
24.391308  469
24.399298  732
24.401590  493
24.416318  480
24.424174  488
24.426566  454
24.437448  468
24.439860  498
24.453693  498
24.503210  498
24.515199  502
24.519404  510
24.534171  516
24.557516  837
24.579824  309
24.582536  45
24.584689  524
24.594497  526
24.607596  521
24.616605  512
24.640890  344
24.672075  145
24.674767  527
24.681336  161
24.685441  503
24.700527  348
24.707124  590
24.708737  480
24.711748  363
24.715953  812
24.722120  478
24.739151  777
24.753839  574
24.783578  318
24.792288  320
24.795794  335
24.799739  849
24.804583  874
24.806456  329
24.818478  865
24.820670  383
24.824316  849
24.826608  303
24.834479  296
24.843729  119
24.860409  130
24.862262  301
24.869618  307
24.899922  754
24.924936  600
24.935459  292
24.944769  265
24.946881  198
24.951785  254
25.004003  656
25.030866  214
25.049931  195
25.056688  148
25.065978  195
25.071756  188
25.074288  187
25.076840  649
25.084531  642
25.090034  660
25.095372  170
25.098004  171
25.108626  130
25.117315  130
25.119507  124
25.122338  107
25.124231  117
25.129662  116
25.137258  115
25.139071  100
25.143695  110
25.146127  87
25.147780  85
25.151932  577
25.163253  78
25.165585  82
25.168891  371
25.170704  73
25.173775  65
25.175488  61
25.177221  48
25.187693  48
25.189566  46
25.192258  41
25.201454  37
25.203267  34
25.204980  9
25.211257  5
25.213130  465
25.221844  143
25.240708  436
25.252369  142
25.277907  0
25.303163  486
25.315899  485
25.326521  0
25.331126  2
25.356442  0
25.380131  414
25.399096  295
25.430033  2
25.435232  1
25.440436  0
25.550544  0
25.556382  450
25.563179  448
25.574222  0
25.582492  0
25.596305  0
25.598443  0
25.603826  274
25.613135  449
25.627622  0
25.638724  0
25.647374  400
25.664513  359
25.666166  79
25.722150  406
25.766399  4
25.778360  7
25.783184  218
25.803555  327
25.814637  198
25.832096  0
25.837060  0
25.862596  54
25.941314  404
25.959628  373
25.965206  371
25.977541  324
25.985356  185
25.994446  369
26.001977  368
26.028707  22
26.031139  349
26.044194  313
26.103327  364
26.112117  363
26.131529  362
26.135554  0
26.165374  183
26.191762  178
26.208302  0
26.260023  23
26.391624  0
26.449257  381
26.466897  34
26.487488  45
26.493925  60
26.544531  398
26.550689  4
26.565476  420
26.569441  51
26.579030  64
26.580743  10
26.589273  10
26.597603  57
26.599516  67
26.619962  317
26.637961  57
26.648384  52
26.674781  71
26.699871  10
26.752513  340
26.805177  25
26.830803  385
26.849780  212
26.875030  54
26.887904  420
26.889877  387
26.903451  409
26.909250  361
26.917320  72
26.931772  78
26.936097  82
26.948499  87
27.001572  429
27.023536  64
27.027821  82
27.029494  31
27.063253  231
27.064946  86
27.070504  364
27.090715  82
27.122686  92
27.125018  55
27.130122  80
27.141943  55
27.222083  438
27.244611  56
27.260258  78
27.266755  62
27.268428  53
27.272653  412
27.277337  67
27.295421  254
27.320276  257
27.349497  25
27.357907  414
27.363945  74
27.372584  67
27.377429  82
27.381654  376
27.388152  429
27.394080  94
27.418475  107
27.457675  444
27.474901  451
27.481598  79
27.494692  81
27.500151  84
27.504176  89
27.512838  97
27.514431  91
27.523795  96
27.531211  107
27.533124  72
27.544834  109
27.548040  265
27.552704  387
27.568030  110
27.575066  270
27.588081  97
27.603827  117
27.629238  91
27.677310  405
27.704178  91
27.735172  73
27.736945  100
27.745395  70
27.747168  438
27.756218  6
27.766920  100
27.768753  437
27.777023  102
27.792220  30
27.794832  272
27.797005  54
27.808646  24
27.815683  74
27.818355  459
27.823220  102
27.833923  71
27.856807  463
27.873467  105
27.877812  123
27.882596  123
27.958436  466
27.960748  93
27.987376  95
27.995746  106
28.000790  102
28.008253  278
28.032270  113
28.041180  88
28.061252  111
28.068109  124
28.129694  111
28.134713  114
28.185219  416
28.253107  98
28.262990  46
28.270166  447
28.279455  63
28.285133  281
28.300359  68
28.311050  83
28.312663  129
28.314616  472
28.316269  109
28.328070  120
28.330282  91
28.337079  451
28.350994  482
28.352627  123
28.354720  417
28.357332  460
28.366861  133
28.380097  132
28.407424  120
28.426758  117
28.459331  98
28.482152  108
28.484205  101
28.495167  127
28.503871  96
28.519317  121
28.523722  129
28.525375  123
28.529640  291
28.533565  132
28.536971  421
28.540896  100
28.553599  425
28.567193  133
28.569206  297
28.576343  134
28.684680  108
28.703212  114
28.709989  490
28.715173  485
28.751060  113
28.760489  79
28.776256  102
28.786939  71
28.797002  302
28.805811  126
28.813030  482
28.827483  121
28.835733  105
28.840178  465
28.851101  425
28.868320  141
28.896814  129
28.912875  132
28.954459  126
28.998199  118
29.002783  485
29.008940  80
29.011052  100
29.022874  126
29.032143  128
29.034256  132
29.048853  134
29.061568  143
29.071978  117
29.080129  141
29.087066  307
29.114759  142
29.137797  124
29.185772  433
29.223232  493
29.227617  107
29.268141  141
29.270473  469
29.275404  125
29.284414  119
29.290911  307
29.294936  108
29.310921  84
29.313054  315
29.317519  91
29.331073  494
29.347280  138
29.351486  133
29.356071  121
29.362908  488
29.371167  149
29.373739  448
29.379777  503
29.385695  147
29.388546  155
29.409044  158
29.451710  145
29.467556  137
29.489354  505
29.495711  145
29.506443  134
29.520216  505
29.521829  140
29.529584  145
29.532276  94
29.533869  142
29.538634  145
29.547743  149
29.562994  317
29.584308  147
29.590406  136
29.591999  144
29.599742  315
29.628287  157
29.658846  140
29.663830  140
29.699648  449
29.718600  141
29.738710  149
29.756774  139
29.781874  147
29.786059  144
29.788491  137
29.791063  133
29.795308  481
29.801273  315
29.812015  119
29.826708  98
29.830873  157
29.842734  147
29.844906  501
29.872009  136
29.877772  481
29.879925  486
29.882337  142
29.884549  446
29.888554  497
29.895950  484
29.913788  481
29.918912  153
29.924395  152
29.926827  141
29.942198  126
29.950473  144
29.957410  137
29.981795  138
29.999153  136
30.012012  110
30.016097  128
30.019543  132
30.027078  130
30.029410  97
30.037086  129
30.039638  134
30.041371  134
30.043563  119
30.047668  125
30.061389  133
30.065634  124
30.068266  307
30.073849  439
30.091683  135
30.100372  138
30.111314  140
30.135895  151
30.168266  129
30.170239  129
30.172551  122
30.199739  433
30.210641  121
30.212794  104
30.234183  87
30.237529  125
30.242133  115
30.256106  121
30.284045  124
30.286417  117
30.290487  467
30.292400  292
30.296385  292
30.298458  122
30.302443  88
30.309699  71
30.314264  127
30.319008  285
30.324027  113
30.328172  109
30.346250  94
30.348682  105
30.352332  445
30.362866  413
30.383476  123
30.386108  123
30.395417  120
30.410331  106
30.429649  112
30.454045  98
30.478694  465
30.484911  74
30.487263  92
30.497945  102
30.502830  64
30.515126  108
30.526934  102
30.531479  109
30.541008  107
30.546966  108
30.549238  276
30.552744  107
30.556294  411
30.571206  409
30.585020  106
30.588131  274
30.599433  103
30.605530  113
30.615059  96
30.617571  79
30.622215  79
30.623948  78
30.625661  78
30.655256  386
30.663605  77
30.666057  386
30.674687  71
30.678262  33
30.689873  79
30.693919  70
30.711799  77
30.723221  72
30.727366  76
30.736120  71
30.740245  249
30.743740  78
30.746966  47
30.779877  87
30.799255  73
30.803420  87
30.808544  428
30.811256  85
30.813588  385
30.823177  80
30.837090  80
30.839362  421
30.841774  90
30.854169  419
30.857974  79
30.859707  74
30.871269  74
30.876173  74
30.895191  58
30.897723  64
30.902408  64
30.906393  51
30.908146  417
30.917814  36
30.934375  19
30.940832  18
30.942865  60
30.948323  16
30.953227  50
30.957752  48
30.960244  54
30.967061  54
30.975371  50
30.978657  230
30.983421  61
30.986033  366
30.992730  60
30.998272  363
31.000764  42
31.008895  222
31.017965  50
31.022310  60
31.039290  47
31.070411  351
31.072583  36
31.076749  347
31.084939  32
31.096030  35
31.097823  8
31.100075  20
31.112750  18
31.120641  23
31.126199  21
31.139538  197
31.142924  0
31.148682  195
31.157336  0
31.161142  190
31.166748  19
31.173925  0
31.180242  303
31.188732  0
31.203409  0
31.205042  337
31.212798  9
31.219316  337
31.238094  0
31.270625  2
31.274791  0
31.276624  0
31.280649  353
31.287800  350
31.335851  0
31.342586  170
31.346691  168
31.350576  301
31.361399  2
31.374753  167
31.388568  1
31.491011  0
31.519738  5
31.544149  0
31.563101  302
31.656615  4
31.658987  7
31.684897  11
31.688762  24
31.690635  3
31.693526  19
31.695159  350
31.701816  6
31.714671  12
31.721229  14
31.726073  179
31.739108  303
31.747992  310
31.755288  183
31.802370  339
31.821803  10
31.858636  3
31.875956  360
31.887572  10
31.905096  11
31.919164  182
31.950273  311
31.974170  15
31.976143  348
31.984673  20
32.075479  22
32.102108  12
32.106094  30
32.110918  26
32.115083  14
32.118868  16
32.137241  313
32.146131  32
32.153208  319
32.173734  187
32.229458  333
32.233703  31
32.278510  16
32.307192  5
32.311277  27
32.315162  32
32.329176  38
32.335593  199
32.339119  35
32.341451  207
32.350620  49
32.354825  210
32.362716  34
32.369973  337
32.376371  15
32.403269  21
32.422621  24
32.424754  26
32.431251  362
32.440200  27
32.471468  42
32.473601  38
32.480742  36
32.487419  53
32.489811  32
32.497386  52
32.504104  383
32.505717  59
32.510761  38
32.518392  44
32.521044  27
32.530234  48
32.534379  414
32.536951  33
32.543609  50
32.548114  40
32.551879  211
32.556164  342
32.560469  49
32.568899  57
32.576889  351
32.588351  18
32.607804  52
32.614681  44
32.620419  47
32.652362  380
32.658699  356
32.681477  37
32.692279  34
32.702862  45
32.725866  27
32.740613  38
32.748983  39
32.755600  221
32.757593  50
32.771646  56
32.773299  227
32.777963  228
32.782982  58
32.787187  60
32.792051  236
32.798189  70
32.803573  79
32.812023  358
32.823517  48
32.834379  389
32.844802  62
32.855944  57
32.867247  393
32.868900  63
32.873325  60
32.915875  59
32.926957  47
32.930323  71
32.932735  59
32.941505  81
32.943398  75
32.948621  61
32.955599  426
32.961557  54
32.964229  64
32.970626  66
32.972719  426
32.981469  72
32.984735  59
32.994204  366
32.998169  68
33.014870  370
33.017382  73
33.030378  53
33.037395  374
33.051050  65
33.059860  64
33.064185  58
33.076540  399
33.099538  407
33.131310  64
33.136489  389
33.147899  72
33.163806  72
33.185791  63
33.220571  241
33.226988  78
33.229081  88
33.238405  244
33.245481  60
33.247214  250
33.255751  94
33.258443  268
33.276787  391
33.281012  71
33.283045  72
33.313858  79
33.319456  66
33.333130  83
33.339707  413
33.387069  74
33.390834  74
33.403557  85
33.437776  92
33.440468  94
33.442720  443
33.451710  462
33.454362  86
33.456814  103
33.475788  77
33.477501  100
33.485651  401
33.498716  107
33.518129  269
33.530964  85
33.534850  96
33.540034  78
33.573895  417
33.586211  408
33.592209  433
33.621535  94
33.626299  90
33.630784  409
33.635069  98
33.645672  93
33.675727  85
33.686790  99
33.691275  90
33.707542  79
33.711528  104
33.722930  270
33.727874  273
33.737307  112
33.739120  279
33.753753  410
33.763481  108
33.765653  98
33.768305  91
33.805989  110
33.810774  112
33.813326  98
33.830067  113
33.834192  105
33.836025  446
33.844755  117
33.861421  99
33.881673  116
33.883446  108
33.897594  113
33.908515  115
33.910408  116
33.912181  108
33.918938  111
33.925495  119
33.932412  109
33.936458  469
33.940683  129
33.944828  125
33.951885  284
33.953818  482
33.956010  125
33.958642  412
33.960235  120
34.018790  284
34.028260  118
34.034597  132
34.055921  123
34.076880  448
34.094519  422
34.119434  435
34.121666  119
34.127764  114
34.131969  116
34.138466  435
34.153473  125
34.158292  120
34.190367  132
34.200810  120
34.203262  297
34.213924  124
34.217290  121
34.230544  301
34.239334  302
34.241347  122
34.255973  304
34.271300  437
34.283556  111
34.285609  132
34.292266  464
34.314172  134
34.318177  126
34.326727  119
34.348692  470
34.357202  135
34.361407  126
34.391461  129
34.396640  133
34.404910  134
34.410688  137
34.417705  134
34.419818  135
34.438576  490
34.442921  494
34.453463  135
34.462034  143
34.473196  307
34.474849  135
34.479613  494
34.483099  130
34.493042  140
34.503444  137
34.511455  441
34.531408  124
34.540437  138
34.546874  141
34.556098  152
34.558610  150
34.579040  144
34.628197  480
34.638280  128
34.650536  447
34.679185  148
34.683510  135
34.715897  139
34.750434  140
34.752307  156
34.754280  149
34.758465  316
34.774622  144
34.784425  162
34.786837  329
34.800910  456
34.814024  147
34.831674  483
34.838252  156
34.872380  491
34.916473  143
34.924244  148
34.930622  153
34.946268  147
34.948520  158
34.951132  162
34.955896  155
34.975328  146
34.983378  507
34.992986  459
34.995498  157
34.999983  326
35.006760  147
35.014336  154
35.020953  323
35.023026  156
35.027730  453
35.030042  147
35.040891  451
35.049248  148
35.055765  322
35.060090  152
35.068999  157
35.070692  492
35.081755  158
35.083688  162
35.107685  156
35.126842  487
35.145020  157
35.147033  486
35.159228  150
35.166005  144
35.180513  152
35.182845  451
35.191974  147
35.202577  501
35.207921  151
35.223987  141
35.232856  155
35.235348  143
35.256237  322
35.260542  140
35.265606  138
35.274475  319
35.283464  153
35.338362  152
35.347101  485
35.352265  156
35.363446  147
35.365898  150
35.384376  148
35.389939  485
35.412241  149
35.446409  146
35.466480  152
35.509685  504
35.512177  151
35.520687  151
35.528637  328
35.530310  506
35.547978  151
35.553421  157
35.560718  454
35.570945  319
35.583663  155
35.594165  145
35.615270  144
35.636862  482
35.653367  448
35.665886  152
35.674535  151
35.678165  445
35.683029  143
35.688592  142
35.690665  445
35.693337  142
35.704938  142
35.710082  495
35.712274  142
35.718432  136
35.720824  140
35.746358  151
35.751322  152
35.761750  139
35.763383  139
35.768127  315
35.773870  314
35.775583  137
35.780048  137
35.817922  150
35.821807  149
35.832509  135
35.840564  131
35.842976  467
35.848894  140
35.852999  139
35.858697  130
35.861708  132
35.866951  130
35.911439  133
35.935530  142
35.947239  134
35.954096  134
35.956768  139
35.973673  144
35.983481  491
35.992256  133
35.994928  141
36.008162  129
36.013406  130
36.017711  475
36.020243  125
36.024688  121
36.026900  120
36.036963  103
36.041715  101
36.044901  105
36.046794  98
36.082854  104
36.084527  102
36.087219  102
36.101830  437
36.105236  432
36.117436  431
36.120762  430
36.123973  94
36.138206  87
36.146449  393
36.157271  85
36.160877  438
36.163029  84
36.167294  77
36.169007  83
36.185492  75
36.191750  82
36.194122  74
36.201119  79
36.208456  65
36.210908  241
36.213220  60
36.222290  65
36.226155  68
36.231119  71
36.239549  82
36.252069  76
36.278023  72
36.279761  409
36.281474  71
36.283147  78
36.296266  74
36.297839  74
36.303043  71
36.307807  65
36.313765  69
36.318809  66
36.327499  72
36.360351  41
36.363342  51
36.366497  40
36.368590  47
36.373474  47
36.377519  41
36.380131  38
36.382563  42
36.388960  393
36.390573  390
36.392226  28
36.394878  37
36.396551  27
36.398164  35
36.402269  36
36.404182  36
36.406494  36
36.411578  35
36.413231  35
36.416262  386
36.419668  36
36.423533  35
36.437886  36
36.449219  48
36.451431  40
36.460961  36
36.473616  27
36.488768  355
36.497758  349
36.503796  18
36.507941  17
36.517570  14
36.520242  310
36.533737  11
36.539484  11
36.543909  5
36.546361  11
36.552519  10
36.565015  11
36.567587  1
36.571952  8
36.580102  0
36.582554  175
36.585046  0
36.593816  0
36.597841  6
36.602346  8
36.611436  15
36.626923  7
36.628496  4
36.635693  2
36.642530  2
36.655303  0
36.664851  0
36.672127  0
36.678724  0
36.716226  343
36.718718  0
36.721250  0
36.731652  0
36.733944  0
36.738289  335
36.764138  334
36.781007  0
36.814227  295
36.840577  257
36.913240  134
37.022384  293
37.056612  306
37.206251  2
37.242571  128
37.266109  6
37.306751  0
37.329749  1
37.371719  10
37.413361  306
37.449594  4
37.477215  294
37.483793  7
37.505217  263
37.518832  264
37.535692  264
37.560110  4
37.583048  129
37.591498  9
37.596183  3
37.602960  2
37.622952  312
37.657452  9
37.661937  9
37.721298  2
37.735426  315
37.741244  4
37.755378  5
37.758090  2
37.771849  316
37.783590  10
37.785243  10
37.796105  10
37.809892  9
37.816549  299
37.837975  13
37.879832  26
37.900051  8
37.908208  289
37.914626  35
37.943606  131
37.951677  131
37.965650  53
37.976213  14
37.982051  164
38.002092  14
38.008589  320
38.011121  41
38.020330  11
38.025988  47
38.030073  25
38.034992  15
38.087889  54
38.092973  24
38.101383  58
38.106208  27
38.110593  331
38.114878  6
38.131998  28
38.136743  28
38.138856  30
38.147946  336
38.152151  17
38.161280  13
38.162933  37
38.166978  44
38.174669  42
38.187604  320
38.204484  39
38.212435  328
38.232930  337
38.236396  55
38.243799  298
38.270836  48
38.284070  46
38.290628  307
38.296806  308
38.300551  36
38.311617  51
38.327712  170
38.352929  51
38.377127  356
38.382250  173
38.391160  31
38.393053  187
38.422804  31
38.437751  42
38.441996  51
38.443989  43
38.448514  47
38.457603  49
38.477015  73
38.511842  59
38.513475  48
38.524017  48
38.532967  53
38.535100  70
38.553533  47
38.566148  383
38.588692  58
38.601097  78
38.621169  89
38.639762  96
38.650544  340
38.666125  81
38.667978  313
38.679460  111
38.690422  319
38.699231  53
38.712685  59
38.721275  321
38.723268  111
38.729246  359
38.740468  58
38.744993  64
38.754582  66
38.762993  80
38.771343  201
38.789141  76
38.801477  96
38.803170  203
38.810387  106
38.832690  232
38.848737  103
38.861352  401
38.867170  400
38.876259  105
38.880444  87
38.884649  82
38.886662  99
38.893439  98
38.897365  96
38.925887  95
38.934458  109
38.963500  105
38.965952  403
38.973763  96
38.975576  115
38.995947  103
39.000272  97
39.002085  404
39.010995  103
39.015080  103
39.021537  103
39.024903  107
39.029128  91
39.035766  111
39.047547  101
39.070924  114
39.104424  404
39.115367  363
39.131413  120
39.182379  110
39.184551  127
39.186604  376
39.218620  420
39.220533  115
39.234247  234
39.240665  115
39.255752  132
39.272553  126
39.281143  239
39.291485  259
39.314447  114
39.326250  423
39.337033  117
39.342731  113
39.344784  117
39.348770  117
39.362483  122
39.364256  123
39.377849  128
39.386899  382
39.421458  117
39.427316  133
39.439177  116
39.451993  119
39.458191  435
39.464468  121
39.468813  123
39.472699  130
39.483381  125
39.496755  131
39.500940  259
39.506878  125
39.510124  123
39.521665  136
39.532627  409
39.539564  136
39.557244  413
39.580542  437
39.596729  134
39.608191  136
39.615987  390
39.641437  130
39.645622  127
39.655505  131
39.662561  119
39.667605  156
39.670057  125
39.674642  410
39.680980  443
39.687557  132
39.689710  133
39.717958  259
39.726108  137
39.736180  138
39.749294  154
39.763348  265
39.783774  278
39.787619  443
39.791984  141
39.812331  147
39.829491  139
39.839080  137
39.849663  134
39.863951  153
39.876246  150
39.880591  137
39.894819  137
39.912738  162
39.921888  158
39.926213  165
39.938748  157
39.952781  139
39.958559  464
39.977191  158
39.983669  137
39.985382  157
39.991360  145
40.004574  167
40.008619  139
40.031124  150
40.044239  170
40.050936  164
40.062298  445
40.074354  448
40.091634  448
40.094346  169
40.113240  174
40.123029  413
40.153063  184
40.157488  159
40.161553  438
40.163426  164
40.170023  469
40.184312  169
40.194635  155
40.196807  166
40.214084  175
40.227178  156
40.232956  282
40.239494  158
40.250516  175
40.252209  191
40.259739  172
40.264703  183
40.269467  293
40.282423  314
40.296824  477
40.305055  177
40.312212  481
40.347450  488
40.351935  166
40.361144  173
40.365769  173
40.368181  173
40.372087  178
40.380637  179
40.382250  177
40.399399  189
40.414047  192
40.420664  175
40.437823  187
40.445174  492
40.451651  203
40.453704  199
40.458389  184
40.468412  178
40.470704  176
40.481726  190
40.504824  180
40.516612  185
40.524942  193
40.526615  201
40.528448  190
40.546127  214
40.548259  189
40.566953  194
40.588977  199
40.604064  477
40.618292  481
40.628556  200
40.646475  441
40.653052  204
40.658131  444
40.688764  213
40.699287  465
40.702298  200
40.706004  191
40.710668  217
40.722553  208
40.726758  187
40.743243  214
40.748027  191
40.771653  315
40.783154  196
40.789672  210
40.791865  210
40.804800  212
40.806933  212
40.812751  315
40.825738  340
40.841365  503
40.845790  213
40.850435  512
40.879057  340
40.906374  513
40.910599  202
40.914964  203
40.927600  200
40.929693  213
40.935810  209
40.944860  212
40.955803  216
40.983346  209
41.002278  208
41.013201  219
41.015114  213
41.022071  241
41.023904  219
41.048620  219
41.051012  216
41.067993  507
41.074511  226
41.083220  210
41.087905  240
41.091830  215
41.093663  235
41.109151  214
41.129601  217
41.143949  245
41.154391  231
41.181439  517
41.194364  529
41.199188  468
41.204272  242
41.214974  245
41.226875  216
41.242082  213
41.255037  246
41.257569  236
41.259761  238
41.268530  496
41.275527  213
41.295480  238
41.303455  220
41.310371  244
41.320063  232
41.322076  232
41.334016  342
41.368226  238
41.372411  238
41.382106  235
41.400204  348
41.404009  375
41.405942  246
41.417143  235
41.423900  239
41.450157  248
41.472180  239
41.485973  241
41.494093  242
41.498218  245
41.510914  230
41.513386  241
41.532223  242
41.539519  231
41.558396  239
41.562381  239
41.571350  239
41.584050  242
41.586602  238
41.598682  233
41.608565  232
41.614188  235
41.621604  232
41.626248  233
41.644366  239
41.754038  238
41.758103  238
41.782877  238
41.814817  244
41.841030  245
41.858289  235
41.859767  234
41.876907  235
41.885824  354
41.901190  231
41.908821  234
41.911333  236
41.919428  229
41.923597  228
41.928601  224
41.930833  228
41.933145  223
41.941315  226
41.943527  217
41.947752  222
41.952636  213
41.977819  224
41.980011  233
42.003632  224
42.034528  233
42.039712  233
42.062040  235
42.069256  224
42.071169  238
42.074400  228
42.097701  235
42.108172  242
42.159557  234
42.169385  235
42.174269  237
42.180566  235
42.216891  244
42.218824  241
42.221396  244
42.226240  241
42.231564  230
42.239320  232
42.248728  243
42.268559  242
42.281119  234
42.327256  244
42.332060  245
42.333693  244
42.368535  240
42.372440  234
42.381928  230
42.383601  228
42.414698  240
42.418743  236
42.427812  230
42.442643  228
42.447127  223
42.456456  230
42.461048  237
42.463420  238
42.470037  223
42.475361  221
42.477473  227
42.479206  222
42.502327  228
42.517199  222
42.520091  220
42.529927  226
42.547866  221
42.582051  227
42.588069  227
42.594826  227
42.603616  228
42.605229  224
42.609114  225
42.613239  220
42.620915  229
42.634329  230
42.641985  224
42.651914  230
42.665195  226
42.675585  228
42.678416  223
42.681962  225
42.687485  225
42.696594  219
42.703650  219
42.709788  214
42.714592  216
42.718437  213
42.721069  212
42.730258  205
42.732451  191
42.735003  187
42.738549  184
42.740881  187
42.745545  183
42.747418  184
42.751383  183
42.753076  187
42.762285  183
42.773571  189
42.775264  181
42.777636  186
42.781066  176
42.789156  160
42.790829  159
42.792187  150
42.796592  150
42.801136  149
42.805860  149
42.810664  139
42.833266  142
42.837631  140
42.840023  138
42.844013  133
42.858417  125
42.860230  124
42.864914  129
42.871351  126
42.873504  124
42.882593  120
42.895788  120
42.898300  121
42.904597  111
42.908642  108
42.912367  115
42.918825  115
42.925003  96
42.937078  89
42.962877  72
42.969494  59
42.975671  62
42.991119  64
42.993072  56
42.997277  61
42.999936  64
43.020155  35
43.022667  38
43.035962  33
43.039927  18
43.043293  21
43.052222  23
43.053955  23
43.056267  24
43.058040  22
43.063598  2
43.071134  2
43.098958  10
43.109001  0
43.120902  2
43.138033  7
43.171684  20
43.179674  18
43.196040  13
43.198712  17
43.212146  9
43.221335  6
43.227693  0
43.234111  0
43.242961  2
43.262873  13
43.325279  8
43.355906  15
43.376498  14
43.391705  16
43.404820  3
43.409325  10
43.436334  0
43.442532  1
43.446777  0
43.447856  0
43.478390  0
43.491485  0
43.509975  0
43.516392  0
43.523029  0
43.524622  0
43.531200  0
43.546268  0
43.581951  0
43.659504  8
43.686588  2
43.707973  11
43.718655  7
43.772080  1
43.788621  2
43.801736  27
43.810186  27
43.813652  22
43.885646  15
43.923738  7
43.940459  22
43.977126  23
43.993113  10
43.997518  15
44.044632  23
44.055321  16
44.059766  10
44.095384  0
44.104054  10
44.110012  22
44.114277  21
44.118482  20
44.120155  7
44.123940  18
44.131076  18
44.133029  18
44.140485  18
44.149775  18
44.163943  17
44.168128  8
44.175879  7
44.178171  12
44.183355  10
44.187600  6
44.201434  6
44.211817  11
44.220567  9
44.261691  8
44.263644  16
44.273387  5
44.495416  38
44.510314  51
44.517830  22
44.535270  34
44.584904  18
44.602264  16
44.636185  15
44.642342  42
44.682674  61
44.684906  9
44.690764  10
44.699135  21
44.708604  41
44.726677  14
44.739766  64
44.759577  32
44.785636  32
44.791854  30
44.824088  54
44.838062  45
44.849724  41
44.870642  57
44.879112  61
44.898065  72
44.930379  76
44.937097  53
44.941082  54
44.943294  43
44.949372  60
44.953377  56
44.955090  61
44.961175  54
44.977615  57
44.999867  62
45.039825  37
45.044310  75
45.046303  56
45.082162  88
45.086407  54
45.090592  82
45.092625  63
45.107332  70
45.158395  61
45.181953  64
45.188051  63
45.205538  13
45.210063  60
45.214208  57
45.235233  78
45.255320  83
45.259545  56
45.261258  80
45.271094  76
45.279843  62
45.281796  80
45.289887  71
45.295765  90
45.297398  74
45.323394  94
45.325926  102
45.327599  80
45.352775  92
45.354608  84
45.360746  85
45.362918  84
45.373421  86
45.382350  89
45.397118  84
45.403016  86
45.405544  76
45.428028  95
45.465967  80
45.486832  81
45.494603  87
45.509470  98
45.519852  107
45.530854  104
45.534040  91
45.544702  88
45.562363  81
45.576336  121
45.580541  84
45.590784  86
45.623211  99
45.632021  91
45.638478  30
45.643282  91
45.668949  79
45.677938  95
45.690373  100
45.711839  106
45.713412  109
45.731191  109
45.735316  111
45.760905  124
45.775813  114
45.790360  119
45.801362  97
45.803095  98
45.835730  103
45.848146  117
45.850618  57
45.861021  57
45.869231  104
45.937481  128
45.947931  95
45.949944  116
45.967283  126
45.971508  103
45.983330  121
45.985003  131
45.992474  113
46.006407  109
46.009119  116
46.016236  119
46.024926  134
46.040873  117
46.067062  74
46.071147  120
46.073120  122
46.075811  140
46.077384  124
46.087667  123
46.091832  85
46.106999  83
46.134144  114
46.142474  125
46.157302  126
46.163899  116
46.174261  134
46.185224  125
46.193002  122
46.206384  126
46.208017  130
46.230229  157
46.237167  141
46.240422  126
46.251764  153
46.269762  123
46.273568  120
46.283257  127
46.284910  124
46.289135  133
46.300277  129
46.308747  129
46.315304  143
46.321602  138
46.332030  92
46.338468  136
46.383812  124
46.416179  124
46.425089  141
46.429494  127
46.450219  159
46.458150  152
46.467320  145
46.473937  157
46.482527  153
46.504551  167
46.527269  133
46.529002  156
46.531155  135
46.545882  112
46.553852  153
46.564882  173
46.569746  149
46.592011  125
46.595197  159
46.609812  120
46.627071  131
46.633768  158
46.647836  157
46.658558  148
46.671093  169
46.676631  163
46.678284  157
46.683468  154
46.702346  174
46.731867  160
46.744423  177
46.749387  176
46.768348  123
46.770481  168
46.776958  162
46.786301  159
46.793298  156
46.799720  169
46.802372  163
46.826824  174
46.833681  169
46.836393  132
46.846276  170
46.853014  137
46.889632  166
46.894536  161
46.923058  182
46.924751  155
46.933600  167
46.935393  162
46.961263  193
46.966387  200
46.975377  176
46.977849  199
46.986519  181
46.993695  187
47.010255  198
47.042921  181
47.044954  190
47.062070  178
47.070600  160
47.074286  191
47.082816  189
47.097983  193
47.102782  165
47.118892  143
47.143569  169
47.163109  196
47.195442  193
47.197395  187
47.215175  177
47.217228  193
47.235506  208
47.251814  186
47.279823  210
47.287334  190
47.291419  204
47.304733  195
47.307165  173
47.322352  194
47.339433  198
47.343957  202
47.350355  171
47.352548  193
47.362790  185
47.381923  201
47.409686  188
47.437029  203
47.450763  195
47.455747  192
47.463918  199
47.473421  201
47.477016  207
47.490605  197
47.507110  199
47.512054  211
47.528656  195
47.568586  190
47.574685  196
47.583582  199
47.593051  191
47.601901  186
47.612064  202
47.618921  208
47.627520  210
47.640795  203
47.653950  206
47.658615  191
47.670130  187
47.695086  195
47.703975  207
47.712585  201
47.729705  200
47.747668  210
47.756238  200
47.787932  220
47.817787  240
47.825004  193
47.838386  244
47.840139  222
47.846956  231
47.849128  227
47.868659  194
47.873264  199
47.880401  212
47.890811  200
47.897808  220
47.916826  231
47.946341  230
47.982892  216
48.014886  220
48.017038  232
48.021763  205
48.023616  238
48.038783  244
48.041854  245
48.046199  231
48.050943  238
48.060552  244
48.065316  232
48.076059  227
48.090866  220
48.100474  198
48.102207  233
48.104319  242
48.124911  228
48.134659  227
48.149351  226
48.158248  223
48.162233  233
48.174381  225
48.186976  224
48.196206  233
48.203402  227
48.207906  213
48.217435  224
48.220621  235
48.231103  230
48.237860  222
48.250160  231
48.257537  238
48.271151  219
48.285604  223
48.291402  216
48.292995  227
48.302904  228
48.314585  220
48.352082  222
48.366315  220
48.374110  210
48.387634  216
48.394091  211
48.404318  210
48.412673  216
48.421649  222
48.428585  210
48.443581  219
48.448345  217
48.458268  215
48.490853  211
48.496970  221
48.512356  203
48.544626  211
48.546439  220
48.551243  217
48.552816  206
48.573964  208
48.592768  212
48.617707  210
48.701880  220
48.710273  224
48.720216  208
48.726573  209
48.728226  202
48.743831  206
48.749969  219
48.763383  205
48.784872  213
48.792707  213
48.796357  206
48.805825  205
48.819203  220
48.822394  210
48.828192  214
48.860360  195
48.863531  207
48.866622  206
48.884844  196
48.886817  196
48.888410  197
48.890762  199
48.893893  194
48.895706  182
48.906153  180
48.912010  185
48.916874  185
48.918847  186
48.921319  181
48.926982  178
48.931247  175
48.938284  183
48.946419  183
48.958726  184
48.999736  190
49.022918  191
49.060778  188
49.078141  186
49.087869  193
49.095605  192
49.125413  185
49.137793  185
49.145723  172
49.147316  179
49.149229  178
49.156724  175
49.159216  177
49.169903  178
49.171816  176
49.179192  171
49.192426  165
49.194019  162
49.196970  161
49.205399  158
49.217994  154
49.227073  170
49.237839  159
49.245829  157
49.263265  167
49.279837  159
49.290819  155
49.293610  167
49.297875  167
49.320760  144
49.328576  147
49.341196  145
49.342929  137
49.349306  127
49.351518  126
49.361965  135
49.369561  136
49.371394  124
49.374585  133
49.383415  133
49.387980  126
49.393543  123
49.395875  122
49.453949  112
49.456581  109
49.478603  107
49.481514  100
49.497065  98
49.509720  77
49.512671  73
49.535253  74
49.545815  60
49.566593  58
49.572151  56
49.589136  51
49.591109  56
49.592682  54
49.611362  27
49.618299  24
49.630080  19
49.631733  26
49.633486  22
49.651691  15
49.655716  1
49.662213  0
49.673135  0
49.676761  0
49.684856  0
49.689320  0
49.708252  0
49.715436  0
49.775538  0
49.784347  0
49.809701  0
49.823961  0
49.837602  0
49.841747  0
49.852190  0
49.906546  0
50.246217  5
50.371459  0
50.425385  6
50.447089  2
50.505262  10
50.513413  7
50.518078  0
50.522903  12
50.529281  9
50.550800  22
50.562216  4
50.583290  28
50.602763  1
50.642408  13
50.645120  22
50.660557  27
50.676371  3
50.691158  16
50.698211  27
50.719975  17
50.764087  27
50.768432  4
50.774830  27
50.776463  4
50.778456  28
50.789138  32
50.791690  31
50.800660  28
50.802253  34
50.811183  30
50.830783  11
50.840826  37
50.845011  26
50.848537  59
50.853801  39
50.864464  2
50.866477  12
50.883757  32
50.900997  42
50.904128  23
50.905921  38
50.907514  46
50.926987  69
50.984025  45
50.990423  50
50.992516  57
50.995148  58
51.012906  28
51.021156  28
51.027813  49
51.038636  57
51.042581  57
51.046526  22
51.050012  63
51.054197  55
51.056829  31
51.058642  54
51.066318  58
51.100331  70
51.103957  37
51.105650  62
51.116509  59
51.145291  61
51.154120  32
51.162690  46
51.169867  63
51.190817  30
51.207618  52
51.226971  62
51.228784  62
51.234962  38
51.242478  65
51.298184  70
51.313711  61
51.321302  70
51.355022  66
51.378887  68
51.385978  71
51.392974  66
51.405989  69
51.412707  66
51.420003  61
51.450136  66
51.458187  64
51.464245  63
51.498024  63
51.534583  75
51.588082  67
51.596142  69
51.611989  65
51.694264  72
51.710604  72
51.727245  77
51.735914  74
51.745243  68
51.759171  74
51.790698  69
51.803672  92
51.808277  73
51.815294  76
51.817107  70
51.822231  71
51.824523  80
51.837079  86
51.848621  81
51.869506  88
51.878916  77
51.880489  76
51.895917  85
51.900462  90
51.904487  77
51.923425  82
51.945449  82
51.953939  75
51.958504  87
51.978316  88
52.037801  80
52.044738  76
52.068855  92
52.083602  89
52.094843  87
52.096496  90
52.103832  82
52.118909  92
52.120982  72
52.131504  79
52.141567  88
52.143400  94
52.154349  84
52.173241  85
52.174894  84
52.202346  110
52.204938  88
52.206591  89
52.217553  92
52.219705  90
52.234074  91
52.240632  80
52.249702  113
52.260484  92
52.268475  97
52.272760  90
52.274453  85
52.283782  105
52.290220  91
52.292812  103
52.308973  93
52.321968  85
52.326213  95
52.327946  98
52.347118  94
52.355175  98
52.360119  99
52.372902  102
52.400905  101
52.429395  104
52.441357  130
52.443370  117
52.461623  104
52.497686  112
52.509427  114
52.513732  108
52.517538  125
52.525688  132
52.528280  130
52.535277  118
52.537010  113
52.541295  112
52.567585  128
52.571870  126
52.574522  102
52.590344  130
52.602633  120
52.622886  121
52.627870  122
52.631975  122
52.633988  157
52.638054  130
52.640266  137
52.664383  129
52.668288  161
52.671000  92
52.679551  153
52.694798  119
52.696751  124
52.704822  157
52.707394  127
52.709367  115
52.727665  148
52.735105  128
52.746427  129
52.756670  162
52.779668  135
52.788185  116
52.792037  138
52.794070  137
52.813682  139
52.831288  160
52.863839  138
52.873927  148
52.878611  159
52.903191  142
52.907975  156
52.927375  125
52.944315  149
52.968192  157
52.970065  132
52.981506  174
52.994640  154
53.034525  170
53.036917  157
53.042041  155
53.050152  155
53.076023  151
53.078595  160
53.080768  165
53.089697  155
53.102891  188
53.109389  157
53.124596  153
53.127168  179
53.137591  160
53.144608  153
53.146461  161
53.153478  186
53.158602  169
53.160994  180
53.175702  150
53.181920  173
53.197970  163
53.212682  158
53.233074  162
53.239112  162
53.243477  159
53.247742  167
53.249595  169
53.266555  184
53.329937  175
53.340680  189
53.368622  183
53.416965  187
53.427188  173
53.428861  186
53.433746  183
53.446002  189
53.456644  171
53.461508  185
53.467446  197
53.474877  190
53.501910  174
53.503663  182
53.514525  184
53.542496  191
53.547180  194
53.551086  184
53.560315  184
53.568925  195
53.570838  187
53.576496  195
53.586578  189
53.591083  179
53.604738  194
53.618932  202
53.624136  196
53.640477  197
53.642070  194
53.645835  192
53.663474  202
53.671030  191
53.676653  193
53.700930  193
53.722574  195
53.724726  188
53.729410  186
53.758120  200
53.812826  197
53.864405  192
53.907502  204
53.928227  196
53.932692  218
53.938137  207
53.940010  202
53.941703  210
53.953784  204
53.957829  209
53.960022  215
53.968711  197
53.977561  201
53.993782  198
54.033526  203
54.035499  211
54.043190  202
54.045043  197
54.052443  206
54.054975  218
54.065557  223
54.069682  223
54.075860  225
54.085349  208
54.089621  197
54.108234  207
54.119890  199
54.123895  212
54.126447  216
54.132305  217
54.147631  223
54.157774  205
54.161720  220
54.166425  221
54.177547  215
54.181612  224
54.185797  224
54.192314  243
54.195820  213
54.205409  214
54.237458  218
54.239151  225
54.242437  219
54.248000  218
54.259403  227
54.263728  218
54.290141  223
54.339894  223
54.412904  230
54.421274  217
54.437600  232
54.449368  219
54.457938  237
54.466309  257
54.471133  250
54.474919  235
54.476812  238
54.485462  253
54.505794  267
54.520929  224
54.524835  229
54.535043  232
54.540821  232
54.551843  252
54.571835  239
54.574547  252
54.580865  237
54.588815  253
54.591467  234
54.597485  262
54.599697  256
54.603982  245
54.622902  227
54.631092  262
54.639622  236
54.641455  239
54.650565  262
54.652238  254
54.656922  249
54.675803  261
54.682260  250
54.687404  257
54.692208  245
54.699779  250
54.705996  255
54.711519  251
54.715664  253
54.722281  247
54.733603  249
54.758000  252
54.768444  255
54.780629  258
54.783181  254
54.790672  250
54.844084  255
54.853441  249
54.865122  257
54.876624  257
54.891211  260
54.905225  257
54.984452  265
55.021405  260
55.039523  267
55.050125  264
55.065211  257
55.122589  263
55.157084  260
55.194714  259
55.202097  254
55.204050  262
55.217863  256
55.219496  267
55.228924  256
55.232075  266
55.255217  268
55.257410  270
55.259802  250
55.268991  261
55.299477  262
55.308846  257
55.330836  260
55.334961  263
55.389338  260
55.396634  270
55.409301  259
55.430095  259
55.442375  262
55.487265  262
55.497487  254
55.516347  258
55.518979  253
55.522924  251
55.532711  258
55.535023  255
55.542179  246
55.552941  255
55.555353  254
55.559678  248
55.576777  249
55.583064  254
55.620898  258
55.622571  254
55.642596  254
55.655519  255
55.660403  252
55.667028  254
55.677035  253
55.682653  254
55.698479  251
55.703583  250
55.717325  257
55.730873  255
55.737450  258
55.747353  252
55.770068  253
55.771801  254
55.773634  246
55.790498  252
55.809076  247
55.811248  249
55.827238  250
55.844118  248
55.896289  241
55.908178  252
55.915295  242
55.920099  245
55.934171  237
55.936883  237
55.953228  247
55.975991  242
55.986039  250
56.024503  236
56.026076  235
56.028408  234
56.030880  235
56.032478  239
56.040273  232
56.056226  231
56.070598  229
56.077495  226
56.082739  225
56.087983  222
56.108947  223
56.117956  224
56.122081  219
56.129437  217
56.134042  211
56.136174  212
56.138706  210
56.140479  211
56.142931  207
56.149308  206
56.158097  207
56.165812  205
56.172808  204
56.178626  212
56.183031  206
56.191581  208
56.196845  210
56.201330  209
56.205635  206
56.207808  203
56.220689  204
56.223321  205
56.230977  190
56.235222  199
56.255793  180
56.257946  184
56.264448  183
56.271804  179
56.276169  179
56.340653  158
56.354428  168
56.365969  165
56.372431  165
56.375123  166
56.405542  158
56.428045  149
56.440054  146
56.446632  141
56.452636  138
56.454988  136
56.463138  136
56.465510  130
56.470514  126
56.472806  125
56.499895  131
56.511537  129
56.518634  124
56.522779  121
56.524872  123
56.530096  127
56.531889  124
56.544744  128
56.551900  121
56.553993  117
56.558817  115
56.563522  120
56.565275  113
56.569420  117
56.571732  114
56.573565  113
56.575817  114
56.583415  113
56.590332  116
56.599262  112
56.603547  105
56.605680  121
56.614210  112
56.623079  95
56.633382  98
56.637587  96
56.671835  64
56.676440  68
56.680825  64
56.684870  65
56.700297  58
56.723275  60
56.732445  66
56.735017  59
56.749184  54
56.763352  57
56.766503  54
56.768296  53
56.785426  69
56.797327  63
56.801512  68
56.829535  68
56.842150  63
56.848368  62
56.868619  64
56.879282  63
56.881395  67
56.883448  60
56.896842  65
56.922812  66
56.939002  62
56.953330  63
56.959188  62
56.968625  62
56.998188  58
57.005005  61
57.008431  61
57.020791  54
57.046026  58
57.054256  61
57.110686  61
57.218070  66
57.298438  69
57.301569  66
57.331667  66
57.339023  70
57.366727  66
57.402840  60
57.409717  62
57.443857  61
57.452566  69
57.464395  71
57.466987  72
57.477139  73
57.509600  76
57.520921  79
57.533157  70
57.542466  70
57.557907  75
57.562871  73
57.564444  70
57.578139  72
57.588382  70
57.625931  75
57.632089  71
57.651914  78
57.663735  88
57.672905  89
57.698475  75
57.703080  92
57.707705  94
57.722733  94
57.724706  94
57.776436  64
57.780821  88
57.818194  95
57.826324  71
57.859844  97
57.864049  98
57.867895  75
57.869568  99
57.882163  91
57.887581  100
57.893199  106
57.919557  65
57.931560  93
57.935705  101
57.938237  96
57.957495  104
57.959388  97
57.980414  79
57.988704  99
57.997673  98
57.999846  99
58.005764  107
58.041110  111
58.045055  105
58.053385  105
58.106145  108
58.108298  128
58.115317  123
58.123567  134
58.133950  102
58.154344  70
58.170849  95
58.175454  108
58.182411  81
58.201777  106
58.210127  125
58.216365  109
58.218078  108
58.235985  97
58.241273  110
58.245159  111
58.256644  107
58.258237  133
58.285100  134
58.290643  134
58.295367  120
58.319770  134
58.327781  86
58.373164  112
58.374757  112
58.383286  111
58.387072  110
58.400706  122
58.405890  122
58.407943  121
58.411609  136
58.422871  127
58.429409  123
58.431701  138
58.465801  146
58.470226  133
58.485353  131
58.490058  138
58.498228  138
58.548542  143
58.561397  135
58.581903  136
58.611973  115
58.624374  130
58.627900  131
58.637411  157
58.641057  127
58.670477  123
58.681280  127
58.682853  130
58.692082  160
58.693675  126
58.703918  130
58.715260  162
58.719705  163
58.724290  148
58.740097  155
58.750500  106
58.768091  142
58.770104  159
58.774848  140
58.785200  132
58.803658  136
58.811409  157
58.818285  137
58.822031  139
58.828568  142
58.841692  145
58.850322  159
58.852794  151
58.857199  149
58.867922  153
58.872787  163
58.896664  165
58.907706  166
58.910418  163
58.918169  163
58.928292  166
58.946678  160
58.954889  164
58.982431  164
58.986616  168
58.997838  172
59.004535  155
59.008301  164
59.018824  171
59.055396  155
59.057309  130
59.067472  166
59.076421  167
59.078534  160
59.093722  162
59.099660  168
59.104968  173
59.125319  172
59.136801  166
59.140587  177
59.147224  158
59.154441  167
59.164150  183
59.176745  181
59.180491  183
59.191473  174
59.201496  180
59.207174  133
59.219594  177
59.234716  177
59.236349  157
59.264375  174
59.277690  180
59.289171  170
59.292976  178
59.299334  182
59.308404  177
59.313209  173
59.323192  175
59.337500  180
59.356193  188
59.393226  178
59.395319  182
59.442793  184
59.459973  182
59.467250  177
59.528799  177
59.534237  180
59.540994  178
59.548904  175
59.554662  180
59.560520  188
59.593927  187
59.597593  178
59.601678  184
59.617699  187
59.627368  184
59.635878  185
59.651086  183
59.656964  177
59.668126  185
59.685086  186
59.695129  179
59.738917  184
59.750079  182
59.756676  186
59.760846  183
59.795725  183
59.822927  189
59.867434  192
59.921594  204
59.923427  197
59.943858  205
59.952548  204
59.954700  188
59.970168  207
59.979477  186
59.996106  195
