# t(s) QueuingDelay(ms)
10.198153  3
10.210956  9
10.230428  11
10.239858  15
10.243963  15
10.246076  13
10.249961  6
10.267472  9
10.279767  9
10.287004  8
10.310116  42
10.311809  12
10.314501  50
10.342644  52
10.368054  25
10.374431  63
10.397869  63
10.408472  17
10.426291  25
10.442932  71
10.461866  36
10.477755  39
10.484832  116
10.497947  124
10.513562  140
10.524924  105
10.532081  139
10.534234  158
10.544557  160
10.547269  51
10.560144  150
10.564529  146
10.577265  152
10.589500  153
10.595977  134
10.608812  132
10.613117  176
10.621567  114
10.647337  58
10.653415  185
10.655927  65
10.668212  100
10.685338  186
10.687790  188
10.704630  189
10.717125  195
10.724462  199
10.731993  171
10.744948  159
10.751446  197
10.760476  218
10.767873  238
10.773851  278
10.794443  276
10.798608  120
10.839945  122
10.850707  275
10.894830  131
10.897142  285
10.919007  287
10.920620  154
10.935642  279
10.938194  288
10.946564  1
10.955594  164
10.960378  329
10.970921  293
10.973053  186
10.981143  326
10.987462  197
10.990134  342
11.003408  346
11.009546  367
11.015984  364
11.020329  218
11.026307  390
11.030951  383
11.041794  224
11.054796  232
11.056669  414
11.066692  261
11.069044  419
11.076315  277
11.089160  9
11.097730  261
11.103508  433
11.108672  389
11.123569  27
11.134552  397
11.141609  33
11.154304  52
11.156117  405
11.170225  359
11.179968  349
11.187564  349
11.194182  77
11.206557  281
11.215447  83
11.222804  283
11.237352  287
11.251640  347
11.261409  305
11.265494  345
11.278389  339
11.291344  298
11.300034  338
11.301867  295
11.310537  259
11.318807  257
11.333754  294
11.340172  269
11.347089  267
11.375743  95
11.381721  268
11.402486  273
11.418407  283
11.428031  287
11.436445  108
11.440530  288
11.463174  285
11.475469  120
11.490717  127
11.499586  127
11.533657  116
11.540974  268
11.543067  265
11.545179  108
11.548725  260
11.554942  257
11.566284  256
11.574954  247
11.616923  246
11.621428  241
11.625853  70
11.632650  232
11.636895  228
11.640980  58
11.647238  56
11.653895  215
11.658280  188
11.664349  186
11.668694  52
11.677524  183
11.729180  58
11.735977  204
11.740222  59
11.752377  60
11.762200  10
11.769305  192
11.786385  67
11.799860  72
11.816434  82
11.830946  224
11.832839  90
11.845694  92
11.848046  231
11.870300  233
11.885708  245
11.887761  1
11.900536  253
11.902748  99
11.908072  265
11.914370  266
11.929418  198
11.948690  21
11.959892  111
11.966589  112
11.972698  210
11.979096  221
11.983381  52
11.985254  115
11.996395  231
12.017569  121
12.026719  252
12.037182  59
12.043309  258
12.057897  122
12.068339  123
12.069912  59
12.095168  77
12.103678  129
12.114580  139
12.124963  142
12.128668  257
12.132993  164
12.151257  120
12.155622  19
12.174755  126
12.177187  285
12.202065  166
12.211734  171
12.213427  27
12.215460  300
12.223510  319
12.234393  192
12.236965  29
12.247587  95
12.256377  201
12.258470  139
12.260922  329
12.267600  271
12.279016  347
12.306323  140
12.308775  363
12.326515  208
12.328268  372
12.359581  390
12.363147  272
12.384178  404
12.386211  230
12.409589  250
12.423158  261
12.430354  174
12.436172  280
12.442929  298
12.449666  265
12.451379  182
12.462381  387
12.466607  278
12.478049  285
12.484227  307
12.491104  308
12.501707  421
12.510317  221
12.538978  310
12.545895  245
12.547888  422
12.556818  315
12.571725  323
12.578063  254
12.603713  336
12.606085  9
12.610510  365
12.619600  260
12.627076  342
12.633933  431
12.645838  365
12.672098  368
12.691218  460
12.702221  387
12.713243  2
12.722533  148
12.726438  390
12.740746  465
12.754140  465
12.757506  157
12.771221  414
12.772874  411
12.781444  432
12.788181  442
12.789794  481
12.805261  160
12.807014  460
12.810939  414
12.813451  495
12.830276  426
12.834341  453
12.839365  263
12.847835  24
12.858358  290
12.870400  516
12.881142  319
12.891964  520
12.906392  524
12.919566  344
12.944411  11
12.954973  465
12.963663  438
12.972693  504
12.975565  541
12.999382  514
13.014564  359
13.022000  523
13.026455  6
13.034406  521
13.052006  276
13.067033  372
13.080009  396
13.096016  285
13.098328  456
13.102334  6
13.109071  43
13.120021  540
13.130464  483
13.148977  291
13.151469  542
13.160458  461
13.171020  430
13.179510  555
13.185328  53
13.200526  574
13.207223  433
13.209276  574
13.213441  556
13.220972  442
13.226136  577
13.256361  81
13.271668  17
13.278945  447
13.281197  581
13.301583  448
13.303516  613
13.305549  587
13.310513  20
13.323808  624
13.329626  598
13.338127  29
13.347376  614
13.354647  139
13.365469  190
13.371886  635
13.380416  504
13.382509  198
13.384122  616
13.388886  459
13.425406  445
13.445731  637
13.492445  653
13.522420  546
13.528997  660
13.546817  587
13.555388  188
13.557081  17
13.561006  632
13.572848  622
13.580659  450
13.594853  46
13.605296  684
13.609581  664
13.620543  674
13.634217  463
13.652930  459
13.670390  477
13.693327  152
13.700838  173
13.717483  63
13.754615  716
13.769662  718
13.791387  741
13.797625  477
13.814345  769
13.816597  83
13.828746  464
13.834264  775
13.860947  787
13.863059  202
13.887014  495
13.891399  798
13.908858  89
13.927911  721
13.938322  510
13.951297  671
13.962239  513
14.005763  521
14.029938  560
14.036515  643
14.040721  213
14.056088  675
14.064739  548
14.067111  780
14.090416  133
14.105743  798
14.114134  806
14.128487  805
14.162908  780
14.165580  202
14.189557  216
14.191150  686
14.229861  286
14.250966  327
14.306132  566
14.310816  730
14.327497  686
14.336607  336
14.395956  207
14.400620  545
14.402972  697
14.417080  787
14.442451  262
14.450331  554
14.474368  570
14.481086  564
14.483238  10
14.507215  269
14.530361  235
14.532174  138
14.546262  35
14.573136  271
14.575468  278
14.581166  180
14.589656  304
14.598925  92
14.607415  560
14.611740  581
14.627386  580
14.656962  210
14.665819  342
14.706116  90
14.727721  552
14.742349  585
14.746428  212
14.765500  217
14.769465  738
14.799280  646
14.843069  711
14.844982  590
14.850940  766
14.861610  341
14.863203  776
14.874804  760
14.879714  797
14.888024  594
14.897073  212
14.903671  601
14.931890  597
14.939521  334
14.959253  332
14.974759  597
15.001250  13
15.008981  643
15.020183  781
15.026261  783
15.028294  337
15.039295  599
15.060410  601
15.073604  98
15.075856  644
15.084326  613
15.096242  653
15.100107  115
15.129312  615
15.141216  131
15.151270  617
15.170902  568
15.178672  624
15.184850  349
15.189075  796
15.201591  586
15.215599  591
15.219604  826
15.224668  824
15.265453  608
15.298925  611
15.312820  10
15.317205  626
15.328467  301
15.350394  343
15.354899  147
15.361197  108
15.365702  155
15.376224  624
15.392765  335
15.407044  648
15.409676  133
15.411968  46
15.434872  330
15.437324  663
15.441509  350
15.458319  139
15.460232  691
15.470994  88
15.484209  706
15.486042  628
15.536837  628
15.569124  374
15.572670  675
15.593189  649
15.601579  107
15.645356  664
15.647848  656
15.667943  803
15.683675  217
15.699622  136
15.710385  271
15.728383  52
15.748829  380
15.785368  823
15.819080  292
15.834203  694
15.849210  145
15.887556  402
15.916460  361
15.925269  378
15.948260  653
15.977746  432
15.990101  708
15.993687  654
16.015772  752
16.031261  768
16.041294  423
16.045379  765
16.066829  436
16.111517  169
16.120486  863
16.126385  668
16.137428  834
16.161064  838
16.162917  692
16.192172  698
16.194325  928
16.243613  444
16.245306  942
16.268945  713
16.275942  833
16.280846  72
16.282999  953
16.297376  736
16.328524  741
16.341838  807
16.360252  817
16.362584  446
16.365810  93
16.381230  457
16.390340  818
16.396917  184
16.427791  482
16.443418  809
16.460258  117
16.540093  407
16.561138  310
16.572768  435
16.585863  524
16.600811  751
16.688014  656
16.698181  659
16.714126  196
16.721482  171
16.723115  162
16.768691  536
16.772976  852
16.780172  172
16.860060  880
16.878333  251
16.917413  276
16.922537  278
16.925748  522
16.946718  296
16.955647  199
16.958159  542
17.018499  827
17.022904  751
17.026075  824
17.049581  521
17.067839  408
17.072783  792
17.102812  248
17.117204  271
17.142593  929
17.144825  319
17.159118  958
17.161490  521
17.169565  321
17.183926  519
17.190543  984
17.214513  468
17.243992  515
17.250648  291
17.258044  788
17.269973  990
17.298593  991
17.327118  994
17.349625  472
17.360231  528
17.365195  473
17.375343  526
17.379428  467
17.385785  520
17.403364  515
17.438346  202
17.479706  546
17.482018  204
17.493674  465
17.496006  292
17.537836  456
17.549021  534
17.550674  773
17.628660  409
17.665520  467
17.675188  470
17.677720  280
17.680272  281
17.682984  469
17.687748  467
17.690240  206
17.713761  466
17.715714  277
17.718046  465
17.720478  978
17.729352  277
17.736473  294
17.776547  412
17.807533  206
17.810888  421
17.816990  544
17.819602  416
17.822833  279
17.825405  416
17.827517  278
17.829430  856
17.833635  414
17.847108  549
17.851912  898
17.859887  412
17.865705  547
17.869770  968
17.921468  4
17.943686  301
17.951976  294
17.957659  199
17.961644  543
17.972765  527
17.992496  533
18.002484  546
18.007847  827
18.009860  821
18.013031  538
18.021075  303
18.029630  293
18.036027  489
18.041190  488
18.043103  381
18.045575  381
18.048027  289
18.051657  487
18.066249  516
18.086979  382
18.099897  291
18.103343  293
18.107033  297
18.108666  383
18.110239  297
18.118620  489
18.122645  518
18.131279  300
18.132912  495
18.134725  302
18.137916  496
18.140348  301
18.147384  493
18.149976  296
18.156206  489
18.157859  487
18.160071  485
18.162423  958
18.186150  430
18.227304  265
18.243963  486
18.245616  768
18.250241  490
18.257437  760
18.260708  759
18.265412  754
18.267884  484
18.270376  482
18.273127  479
18.278810  421
18.281302  414
18.283035  413
18.285367  407
18.286940  403
18.288613  403
18.290206  401
18.294411  454
18.296803  400
18.316323  455
18.320328  455
18.322600  400
18.326046  401
18.334660  456
18.343734  453
18.345387  453
18.349452  230
18.351145  137
18.361432  138
18.363005  136
18.383859  488
18.391155  140
18.417136  144
18.437646  233
18.439339  242
18.446815  153
18.448468  154
18.464857  245
18.469561  492
18.478195  243
18.509004  414
18.540784  498
18.543276  499
18.565544  416
18.572880  517
18.574453  518
18.586433  385
18.591524  386
18.596368  521
18.603724  517
18.606436  430
18.608928  387
18.611500  387
18.614172  434
18.616284  252
18.620489  385
18.627206  383
18.630472  246
18.632105  380
18.639940  436
18.647575  436
18.650646  434
18.666664  248
18.683116  178
18.690173  436
18.694298  440
18.696770  442
18.700695  441
18.702288  244
18.712775  244
18.714568  166
18.717918  368
18.720550  244
18.731671  242
18.756010  378
18.761229  257
18.765773  261
18.775041  513
18.788166  168
18.789779  513
18.800454  379
18.802167  244
18.815696  508
18.820061  942
18.826303  373
18.832261  506
18.836306  929
18.837999  0
18.839812  370
18.858549  244
18.870988  499
18.908741  241
18.918856  483
18.930824  169
18.935908  262
18.943424  485
18.945696  501
18.950440  487
18.952912  489
18.960393  490
18.964458  509
18.966391  491
18.968903  170
18.976359  516
18.981842  490
18.983415  517
18.985048  797
18.986741  513
18.990786  285
18.999939  476
19.004523  476
19.006256  369
19.015394  286
19.016987  286
19.021152  288
19.036805  510
19.046660  288
19.048253  374
19.057981  478
19.060852  506
19.066430  290
19.068223  286
19.078071  286
19.090470  285
19.101361  285
19.115319  482
19.122016  482
19.123809  489
19.125402  291
19.129152  485
19.149813  483
19.154717  427
19.163746  424
19.189329  480
19.200147  256
19.201760  253
19.208237  478
19.220035  951
19.224459  474
19.226811  742
19.234726  415
19.242022  474
19.250536  416
19.253028  419
19.254641  473
19.262069  420
19.269175  423
19.273300  423
19.275892  426
19.278184  426
19.282829  479
19.285660  422
19.299493  480
19.308202  477
19.313106  252
19.318749  164
19.339526  496
19.350639  241
19.359449  237
19.368878  232
19.375815  482
19.380440  479
19.390108  225
19.392660  222
19.395152  403
19.397404  400
19.402128  474
19.411876  222
19.442768  392
19.452536  466
19.485147  390
19.515546  467
19.520430  470
19.523142  347
19.530718  345
19.537722  481
19.542406  479
19.552229  346
19.553922  208
19.556254  395
19.558147  344
19.581088  397
19.584538  344
19.588563  397
19.590616  208
19.597472  396
19.599225  204
19.601597  391
19.603370  382
19.605223  373
19.607495  186
19.613357  185
19.621512  204
19.631814  320
19.634266  202
19.643834  183
19.656713  427
19.674291  322
19.700858  465
19.705572  465
19.707505  322
19.710616  461
19.713088  323
19.718371  324
19.721282  188
19.723634  322
19.732443  889
19.734316  459
19.739859  319
19.748577  456
19.754200  879
19.818223  671
19.847171  207
19.858612  430
19.861683  441
19.864375  217
19.866727  458
19.868859  440
19.870492  440
19.872944  464
19.885826  438
19.887599  438
19.890011  464
19.895015  436
19.901856  465
19.904168  464
19.911524  748
19.920973  246
19.940071  438
19.954991  449
19.957103  249
19.961655  253
19.963827  326
19.965440  253
19.968431  256
19.971063  342
19.978539  466
19.981231  252
19.983603  341
19.991399  466
20.003527  253
20.007572  254
20.009445  475
20.012037  254
20.015028  254
20.023643  255
20.027688  252
20.029940  475
20.031653  250
20.034245  248
20.041241  244
20.047578  243
20.049990  240
20.059938  364
20.066435  362
20.080987  356
20.098366  186
20.111595  878
20.117098  672
20.118671  343
20.121223  340
20.122956  338
20.125448  337
20.137760  334
20.139513  329
20.141186  326
20.149899  323
20.151552  320
20.154303  319
20.156755  131
20.158548  37
20.177290  115
20.184766  113
20.191032  111
20.205540  269
20.210284  264
20.235118  251
20.266195  239
20.283694  239
20.306177  189
20.320749  187
20.322542  184
20.324974  238
20.329958  238
20.337242  55
20.347529  185
20.352673  53
20.355205  188
20.365053  186
20.369038  49
20.382951  46
20.385083  43
20.386976  41
20.402443  30
20.417531  5
20.419983  0
20.422156  121
20.436284  681
20.441567  247
20.446571  654
20.513362  445
20.530861  0
20.557868  461
20.562153  458
20.568491  458
20.575576  113
20.579681  0
20.655499  530
20.661122  325
20.681743  0
20.843934  0
20.891360  0
20.934394  33
20.941610  457
20.966994  2
20.969186  4
20.997628  0
21.002796  239
21.048028  310
21.078083  15
21.176342  517
21.195594  527
21.400201  36
21.409909  38
21.413954  40
21.422094  43
21.430948  45
21.458757  46
21.477324  47
21.524717  74
21.526590  71
21.543722  58
21.618352  326
21.631887  333
21.656327  373
21.783124  327
21.791594  329
21.810113  329
21.840755  13
21.849904  40
21.856322  83
21.984547  66
22.024431  103
22.052712  111
22.059968  347
22.104601  117
22.123259  118
22.129317  133
22.142291  149
22.171152  381
22.176475  155
22.186583  158
22.236307  163
22.342712  302
22.373071  463
22.378889  384
22.387979  386
22.423397  468
22.429635  5
22.457067  465
22.513912  349
22.526987  364
22.551663  406
22.589297  86
22.591070  87
22.608209  87
22.619172  573
22.672971  60
22.685745  518
22.769861  533
22.803842  149
22.836005  50
22.854603  551
22.986333  87
22.994623  168
23.002079  392
23.016070  171
23.029471  201
23.033776  204
23.038940  97
23.041691  368
23.049202  373
23.083272  369
23.127866  506
23.215107  150
23.252662  492
23.387317  721
23.422189  97
23.448202  530
23.511160  506
23.521189  222
23.523362  520
23.553207  650
23.586777  522
23.627641  245
23.706112  255
23.833368  244
23.844210  57
23.862024  597
23.867427  327
23.916201  389
24.075916  186
24.078388  249
24.172953  635
24.316707  61
24.324323  744
24.336877  777
24.364788  75
24.453123  715
24.474193  548
24.523598  775
24.543798  228
24.598469  775
24.605126  475
24.641812  479
24.698462  702
24.848364  133
24.888649  511
24.940979  509
24.987781  419
25.081410  795
25.098074  405
25.168557  746
25.294381  824
25.324230  270
25.356957  415
25.359109  511
25.365926  512
25.374775  512
25.397983  264
25.464307  727
25.473136  951
25.485821  965
25.524914  805
25.526567  766
25.530532  460
25.583496  764
25.587401  756
25.612876  461
25.630375  459
25.641816  458
25.750097  357
25.789934  404
25.791587  870
25.808003  366
25.833356  370
25.835469  353
25.852929  318
25.862617  766
25.866722  758
25.871047  312
25.909851  333
25.963603  488
25.983096  465
25.997089  140
26.005159  135
26.013189  128
26.056741  344
26.061126  556
26.071434  558
26.082196  335
26.088581  34
26.092966  381
26.104149  302
26.135730  13
26.138242  11
26.160725  9
26.182787  471
26.201265  483
26.222414  254
26.237445  321
26.249529  22
26.281580  266
26.295333  45
26.299483  0
26.316570  12
26.336783  0
26.345832  468
26.377283  15
26.387406  222
26.437245  291
26.441750  0
26.443563  290
26.451773  286
26.458090  443
26.480300  0
26.482453  0
26.502112  402
26.517139  420
26.541639  238
26.548256  0
26.550129  279
26.556207  238
26.578804  72
26.582549  77
26.588707  82
26.591159  82
26.610572  0
26.737281  0
26.795804  434
26.798376  0
26.820133  4
26.822006  3
26.834350  197
26.877927  260
26.919944  7
26.923586  0
26.925759  225
26.943238  194
26.951808  404
26.958865  418
26.972798  410
26.977323  215
26.984200  253
26.996055  215
27.004945  426
27.073071  2
27.076956  2
27.133142  251
27.162552  1
27.167177  185
27.217860  213
27.230911  413
27.237428  0
27.239321  412
27.267383  181
27.269855  0
27.288687  0
27.305608  239
27.337580  0
27.370853  381
27.375597  394
27.399244  203
27.428126  203
27.462265  0
27.544388  233
27.551246  158
27.564780  0
27.585805  388
27.618906  401
27.627116  191
27.636365  390
27.649499  389
27.663233  146
27.665665  0
27.700644  217
27.766090  354
27.767663  367
27.794013  175
27.847543  383
27.859784  3
27.959193  218
27.969615  1
28.034772  176
28.140854  225
28.156795  4
28.175388  4
28.194801  177
28.224822  374
28.228548  180
28.231040  2
28.241343  181
28.357961  7
28.406224  229
28.419718  5
28.425776  12
28.430520  15
28.433826  379
28.478239  9
28.496557  190
28.504968  393
28.515592  5
28.521355  393
28.522948  12
28.530704  158
28.568950  252
28.582285  11
28.586690  252
28.607575  12
28.619891  380
28.660262  9
28.670011  258
28.681752  13
28.686117  386
28.688489  41
28.696759  223
28.711167  399
28.741181  13
28.745726  9
28.770829  17
28.862747  265
28.874568  266
28.876641  24
28.896053  15
28.905721  33
28.910560  417
28.912253  35
28.920763  235
28.923055  37
28.934396  437
28.936369  52
28.942227  44
28.951835  234
28.988567  45
29.002715  183
29.016636  276
29.021280  26
29.028452  279
29.038934  32
29.042899  274
29.066143  50
29.100743  366
29.114971  52
29.125914  57
29.134464  410
29.147559  430
29.151445  52
29.157682  63
29.164339  240
29.178687  441
29.198379  41
29.219884  44
29.232708  202
29.257499  66
29.357392  422
29.374132  431
29.385679  241
29.407503  60
29.428962  52
29.439189  244
29.471503  75
29.476507  445
29.507375  279
29.515625  300
29.528700  304
29.533065  87
29.553611  60
29.560628  438
29.608582  300
29.615793  253
29.627114  65
29.633391  455
29.655316  450
29.672316  463
29.689370  88
29.691043  67
29.708443  68
29.727236  87
29.772053  85
29.889183  70
29.893868  226
29.901159  0
29.911966  66
29.915392  84
29.948157  76
29.958820  85
29.962945  88
29.975660  260
29.989389  270
30.030412  229
30.043148  235
30.047333  329
30.060747  339
30.091435  438
30.093208  99
30.125976  308
30.169393  76
30.176704  355
30.179396  317
30.190737  320
30.217034  469
30.225904  99
30.232262  504
30.234255  513
30.251702  85
30.253695  137
30.259813  146
30.277252  129
30.282056  90
30.290566  91
30.300648  149
30.432799  473
30.446911  358
30.453428  361
30.461927  129
30.467570  276
30.492171  47
30.494883  134
30.500087  135
30.509200  154
30.510953  111
30.518689  507
30.535373  514
30.548416  119
30.561575  160
30.566040  140
30.572218  329
30.578716  138
30.589759  520
30.594044  163
30.598049  541
30.614063  330
30.636861  287
30.645531  370
30.656214  394
30.660519  288
30.667256  395
30.675766  417
30.695479  141
30.697911  535
30.720808  334
30.750802  147
30.755367  157
30.764336  186
30.773486  375
30.785322  496
30.802566  162
30.814901  543
30.819366  170
30.826083  566
30.838083  569
30.842088  162
30.852550  199
30.866028  165
30.877729  185
30.894134  203
30.896067  200
30.991649  187
30.994061  202
31.015045  511
31.030272  198
31.073564  535
31.117921  320
31.122933  177
31.156715  206
31.174538  224
31.182617  189
31.193319  125
31.198063  229
31.252815  199
31.257160  580
31.265849  377
31.270254  583
31.300656  424
31.312937  458
31.314950  352
31.330976  464
31.334921  474
31.342325  201
31.367173  636
31.379453  409
31.406713  183
31.421585  210
31.438609  435
31.443154  226
31.448338  477
31.450450  561
31.472861  202
31.488267  628
31.505131  267
31.512547  190
31.517391  645
31.522794  270
31.525765  271
31.530549  259
31.543004  196
31.565507  263
31.572331  275
31.639949  264
31.648279  261
31.659126  431
31.661498  588
31.682303  254
31.718329  239
31.730868  595
31.736291  466
31.749984  256
31.774923  398
31.784031  406
31.786623  259
31.836655  112
31.884504  263
31.889668  642
31.893953  642
31.896565  197
31.901749  268
31.927143  280
31.958356  268
31.981544  653
32.036829  477
32.041693  528
32.063796  273
32.066288  643
32.086587  483
32.102008  276
32.108026  257
32.145154  486
32.153723  527
32.154642  524
32.156255  606
32.174221  302
32.177452  304
32.179205  480
32.190715  655
32.192848  689
32.212842  682
32.219332  296
32.228441  305
32.231093  308
32.238948  294
32.244486  290
32.246958  285
32.248911  283
32.254494  288
32.303258  276
32.339694  461
32.413851  293
32.415464  608
32.421007  506
32.423259  279
32.434241  254
32.441437  252
32.466655  177
32.482105  244
32.496917  252
32.531925  251
32.534676  269
32.538941  269
32.549771  633
32.554475  250
32.556468  260
32.561292  255
32.576044  415
32.583495  233
32.585108  231
32.589852  612
32.597712  612
32.599305  228
32.601178  228
32.602831  227
32.604329  609
32.607320  405
32.640086  367
32.646563  228
32.661779  210
32.664371  209
32.671247  581
32.702543  205
32.710977  194
32.724291  195
32.726963  195
32.743288  198
32.747972  551
32.750085  195
32.752657  191
32.761246  189
32.780799  178
32.784564  558
32.787715  173
32.790427  553
32.792200  171
32.796445  170
32.803721  167
32.805674  163
32.812071  167
32.866246  166
32.879979  158
32.898596  514
32.954769  139
32.961846  508
32.963639  364
32.971255  153
32.989055  154
33.063646  188
33.137380  198
33.149995  205
33.158005  214
33.192359  163
33.308993  209
33.310906  192
33.343305  187
33.351935  177
33.361364  167
33.376177  175
33.381675  172
33.402812  143
33.409948  135
33.429241  488
33.476252  115
33.478904  337
33.482870  478
33.526070  522
33.543175  141
33.559680  142
33.602305  109
33.625047  94
33.637202  79
33.643000  79
33.647884  88
33.651090  84
33.669836  461
33.685622  84
33.719982  96
33.725046  475
33.734415  275
33.752794  237
33.761364  99
33.767022  87
33.792181  88
33.794633  74
33.796426  78
33.816079  439
33.827281  81
33.835871  69
33.844121  92
33.922797  471
33.932266  84
33.946019  223
33.955263  434
33.964772  83
33.966845  302
34.073499  104
34.144779  101
34.195366  85
34.283131  112
34.301964  113
34.335351  93
34.344720  113
34.403463  114
34.409081  111
34.431997  105
34.453648  449
34.480162  446
34.485027  306
34.551977  92
34.639529  100
34.645587  94
34.685484  82
34.689250  99
34.690863  99
34.719341  99
34.725918  478
34.727711  95
34.734215  86
34.750261  287
34.752054  278
34.806926  90
34.837570  93
34.845201  90
34.887485  101
34.889258  477
34.900380  105
34.916213  114
34.949139  104
34.957969  113
34.964147  121
35.005762  459
35.007515  311
35.025135  311
35.071576  118
35.132923  94
35.137368  103
35.143286  89
35.148170  86
35.150282  242
35.158852  98
35.181435  457
35.185560  98
35.187713  77
35.229726  87
35.234770  482
35.236463  277
35.252050  107
35.260760  104
35.284677  95
35.295739  99
35.300124  92
35.328386  84
35.332631  99
35.336736  83
35.370077  467
35.401691  317
35.410302  102
35.416839  106
35.428481  97
35.460095  100
35.466772  104
35.470917  456
35.473589  275
35.479907  315
35.544698  81
35.570950  99
35.624555  104
35.646059  107
35.653350  103
35.697078  115
35.701882  105
35.740725  484
35.756771  109
35.797205  115
35.810514  101
35.851802  113
35.899575  127
35.913944  125
35.920261  123
35.923487  114
35.935942  123
35.942147  106
35.982331  461
35.988848  321
36.005314  96
36.012311  99
36.016416  470
36.037126  322
36.050700  106
36.066501  93
36.071320  102
36.122976  103
36.136210  99
36.144106  95
36.145819  93
36.148351  121
36.154469  108
36.176513  246
36.178206  108
36.197824  107
36.231869  106
36.236594  329
36.239286  487
36.254294  489
36.260012  101
36.270162  491
36.292705  254
36.301175  106
36.329876  106
36.337807  94
36.350762  466
36.356999  98
36.367621  121
36.371047  116
36.402720  113
36.411649  470
36.448240  116
36.457257  115
36.469352  494
36.487199  109
36.491903  112
36.501192  290
36.589020  107
36.593325  109
36.613216  478
36.651088  117
36.661180  107
36.664386  110
36.669330  117
36.670943  101
36.682783  100
36.685295  109
36.701321  287
36.703294  108
36.709951  107
36.716808  107
36.721792  465
36.732953  103
36.735046  320
36.738811  484
36.750032  102
36.768704  106
36.770557  106
36.775241  105
36.777893  278
36.800380  252
36.802912  104
36.836833  102
36.862403  99
36.905499  103
36.909664  108
36.923477  112
36.925330  114
36.990887  104
36.993519  105
36.999457  108
37.023541  101
37.036076  465
37.067784  325
37.072668  96
37.128314  480
37.164826  116
37.188524  104
37.190117  107
37.194641  106
37.204944  102
37.209429  100
37.213814  454
37.228961  97
37.230694  99
37.234559  316
37.238824  89
37.243948  486
37.255984  484
37.270851  102
37.277688  117
37.315300  99
37.344260  88
37.373261  102
37.397146  127
37.421243  118
37.423076  115
37.430073  111
37.439103  477
37.471751  114
37.508010  109
37.519592  283
37.540917  466
37.580527  101
37.585052  100
37.599420  105
37.622304  470
37.642994  83
37.644967  93
37.652183  96
37.656668  78
37.671496  77
37.676300  77
37.677973  77
37.680445  232
37.691527  91
37.700177  448
37.716698  89
37.722796  310
37.727081  80
37.736630  480
37.746314  477
37.748127  93
37.773401  476
37.777566  273
37.794066  93
37.810753  93
37.845903  97
37.859238  104
37.889413  100
37.922906  118
37.929264  117
37.964483  116
38.019414  109
38.054544  465
38.058529  105
38.091335  315
38.098371  102
38.172529  105
38.183151  105
38.206008  93
38.219402  119
38.232637  102
38.234210  326
38.288223  117
38.294480  492
38.306976  120
38.329744  111
38.343937  122
38.346050  128
38.348382  250
38.370674  97
38.375339  262
38.392184  470
38.394117  101
38.409651  126
38.421393  119
38.423505  123
38.449266  122
38.453771  476
38.461427  107
38.468364  121
38.495257  121
38.497829  472
38.503233  285
38.507678  112
38.511803  497
38.532156  113
38.538714  113
38.540607  286
38.566647  108
38.578487  111
38.582772  100
38.613485  329
38.659740  485
38.692599  109
38.699555  113
38.702921  111
38.709343  263
38.720564  108
38.730212  124
38.736170  475
38.754122  114
38.760439  337
38.769628  338
38.809059  291
38.815956  498
38.833514  113
38.841309  111
38.854783  119
38.879706  101
38.881779  256
38.891227  109
38.906833  468
38.911937  116
38.914189  100
38.927982  113
38.937810  111
38.946479  112
38.948352  115
38.957720  114
38.962424  331
38.968202  486
38.969995  111
38.991904  115
38.999555  115
39.004399  115
39.006372  468
39.009543  290
39.024256  497
39.049658  287
39.074833  106
39.144999  116
39.158013  486
39.168955  482
39.196477  103
39.201601  100
39.203933  100
39.205546  99
39.213856  254
39.218620  254
39.220593  100
39.226076  100
39.232278  101
39.246950  469
39.251575  116
39.264654  111
39.267226  326
39.275416  100
39.325002  119
39.333492  500
39.355700  118
39.374777  121
39.379681  124
39.411996  110
39.414208  469
39.421532  111
39.425637  120
39.431400  103
39.441223  117
39.444354  120
39.450045  112
39.453251  119
39.454904  119
39.461021  119
39.495676  120
39.511681  122
39.531916  494
39.545650  110
39.551268  109
39.582628  106
39.587732  105
39.595428  102
39.597241  102
39.603818  97
39.616253  324
39.620278  94
39.627115  92
39.629747  92
39.631440  322
39.649558  110
39.652150  106
39.662812  480
39.693806  107
39.696358  91
39.698710  105
39.700503  90
39.710151  91
39.712483  91
39.715869  87
39.718241  100
39.720433  85
39.736846  104
39.744442  460
39.747134  102
39.751040  278
39.766793  321
39.774749  91
39.793191  487
39.806585  105
39.816433  103
39.819364  101
39.826900  277
39.839895  100
39.852599  98
39.858517  97
39.862882  98
39.871272  473
39.884927  242
39.886960  82
39.898955  86
39.901148  448
39.907645  84
39.910097  448
39.912529  93
39.925624  91
39.927337  89
39.929469  82
39.931062  82
39.935307  88
39.937220  89
39.941065  86
39.947422  79
39.953500  71
39.956212  287
39.960437  444
39.975524  416
39.979876  234
39.984341  50
39.991258  434
39.995623  50
40.004413  227
40.017467  264
40.023405  39
40.030482  31
40.032634  184
40.035026  19
40.042537  248
40.051586  15
40.053159  15
40.055751  246
40.069599  25
40.076316  23
40.087258  400
40.113048  13
40.116698  30
40.120284  11
40.124909  11
40.129254  10
40.133339  9
40.135531  6
40.137464  20
40.141769  3
40.146054  16
40.151278  368
40.153670  183
40.160007  6
40.164052  3
40.166164  221
40.175134  0
40.198152  385
40.202997  151
40.213380  9
40.220237  14
40.224342  7
40.231019  14
40.254837  4
40.258682  0
40.267251  7
40.273169  2
40.300652  0
40.302385  354
40.318751  0
40.320704  0
40.325209  0
40.343356  0
40.350120  215
40.354625  371
40.373558  173
40.385894  381
40.426861  144
40.450446  213
40.458556  0
40.476623  366
40.520090  0
40.553697  0
40.652840  7
40.665296  14
40.667049  15
40.736968  3
40.757158  1
40.780261  2
40.793555  174
40.808702  6
40.812607  186
40.816472  21
40.830107  230
40.844715  18
40.864416  235
40.886795  374
40.906567  384
40.915257  9
40.919961  6
40.937261  18
40.941706  11
40.951829  7
40.966541  187
40.970566  357
40.985661  24
40.991659  23
40.998417  232
41.003221  14
41.025252  396
41.037828  16
41.051170  17
41.057647  27
41.066257  27
41.075960  19
41.093919  18
41.155955  12
41.160060  19
41.166597  13
41.198629  366
41.206920  368
41.250050  18
41.252762  12
41.263764  163
41.279671  22
41.290433  26
41.338155  394
41.370082  17
41.379159  15
41.381691  20
41.392174  39
41.394586  39
41.407326  49
41.411891  49
41.414443  194
41.417115  14
41.435615  26
41.437747  30
41.446971  28
41.459291  20
41.463536  20
41.465269  21
41.467402  31
41.487988  27
41.492253  20
41.501322  32
41.506666  201
41.517868  56
41.524386  2
41.527812  33
41.539033  22
41.549615  57
41.560757  28
41.562510  64
41.588819  24
41.603866  28
41.617260  24
41.621745  56
41.634340  40
41.643790  34
41.647895  25
41.651241  34
41.665135  42
41.680043  22
41.687044  29
41.688877  48
41.694520  228
41.698825  60
41.712000  165
41.716565  57
41.725495  57
41.743928  61
41.756842  70
41.763519  73
41.776155  58
41.780120  62
41.782572  61
41.806909  69
41.836326  57
41.843263  64
41.844996  52
41.849101  67
41.851353  63
41.857990  70
41.869152  50
41.874750  70
41.877302  65
41.881367  50
41.885772  241
41.890017  57
41.900639  62
41.905024  69
41.907236  70
41.911341  72
41.940009  67
41.969405  199
41.971058  77
41.974843  243
41.979647  73
41.984392  78
41.993522  75
42.026776  76
42.060057  59
42.079629  51
42.088646  74
42.095757  68
42.103134  74
42.118222  73
42.134204  72
42.154779  66
42.160497  245
42.173952  75
42.177777  245
42.183975  76
42.185968  73
42.204286  73
42.210244  212
42.212516  73
42.219453  62
42.257358  76
42.282313  76
42.297521  77
42.313687  84
42.317113  101
42.319166  88
42.343822  78
42.355797  90
42.362594  71
42.364387  88
42.374518  95
42.377010  73
42.378903  256
42.390419  91
42.401081  86
42.417322  89
42.418915  90
42.424188  81
42.426580  213
42.435929  100
42.440533  73
42.459787  84
42.466604  84
42.473011  220
42.477616  258
42.481821  85
42.483914  94
42.502114  96
42.513730  64
42.518973  89
42.523238  103
42.556372  79
42.582216  88
42.611470  96
42.631821  100
42.653107  101
42.655639  79
42.668554  95
42.672939  99
42.677404  102
42.679676  261
42.684121  98
42.688006  272
42.693944  101
42.703094  100
42.706979  281
42.717262  96
42.734103  77
42.735936  83
42.740001  106
42.745979  100
42.752736  106
42.754729  107
42.766251  114
42.781459  117
42.810633  100
42.822389  108
42.837715  110
42.840067  103
42.848877  112
42.853022  118
42.857387  106
42.875007  106
42.881355  99
42.882968  116
42.891717  117
42.893630  288
42.901820  114
42.914455  119
42.918720  117
42.922865  105
42.930064  118
42.932456  87
42.938733  103
42.942099  96
42.947043  119
42.955993  114
42.958425  113
42.980197  119
42.982889  114
42.985241  105
43.001312  122
43.026154  121
43.038429  117
43.052857  125
43.085744  122
43.089589  103
43.123068  114
43.156778  113
43.158771  120
43.160644  121
43.167381  116
43.195902  119
43.204811  123
43.206384  290
43.222590  291
43.227235  123
43.236305  119
43.246927  117
43.253444  115
43.262154  127
43.265880  122
43.280068  111
43.282660  124
43.293003  122
43.301253  122
43.336968  122
43.350083  123
43.368682  132
43.370315  124
43.375459  128
43.395630  123
43.402866  131
43.409363  124
43.411855  126
43.423097  132
43.441989  137
43.444521  128
43.448067  128
43.458769  123
43.468158  124
43.538468  129
43.560506  129
43.567942  135
43.583449  133
43.595550  133
43.624430  129
43.643102  125
43.657196  137
43.672323  133
43.702437  131
43.710237  139
43.711970  123
43.723926  134
43.771669  134
43.777986  136
43.782331  132
43.789947  134
43.794512  157
43.800750  132
43.815765  140
43.827106  148
43.853017  139
43.864006  160
43.874928  121
43.881911  149
43.890741  135
43.904635  145
43.918553  147
43.940650  151
43.942982  149
43.945893  148
43.954702  153
43.967908  152
43.980962  149
43.989172  151
43.993517  155
43.999379  160
44.001292  158
44.005457  160
44.018006  137
44.028518  130
44.031904  151
44.051280  155
44.066526  140
44.070991  157
44.079321  141
44.091141  159
44.118771  158
44.124374  141
44.137428  161
44.142811  164
44.148469  169
44.155785  164
44.176906  141
44.186355  156
44.206813  158
44.225081  146
44.229825  161
44.240891  160
44.248095  152
44.269688  160
44.271421  161
44.274492  161
44.282754  156
44.311374  158
44.313746  161
44.315619  162
44.317871  158
44.319684  157
44.326341  162
44.332958  161
44.344191  157
44.346863  152
44.361378  151
44.373458  155
44.391436  149
44.396224  151
44.404418  148
44.408683  147
44.414306  145
44.426714  148
44.429326  136
44.460103  151
44.462615  150
44.464188  148
44.466620  149
44.470974  136
44.473945  145
44.475538  135
44.487334  141
44.490405  148
44.494075  135
44.495788  141
44.498060  144
44.500392  143
44.503902  133
44.512601  142
44.533337  143
44.535809  146
44.539375  143
44.543999  147
44.545592  147
44.551450  144
44.553103  133
44.558626  135
44.562651  135
44.596113  135
44.604862  137
44.631116  154
44.639311  157
44.655956  146
44.658628  146
44.665385  143
44.685139  146
44.692275  148
44.703077  135
44.713859  127
44.720511  126
44.723981  122
44.741939  133
44.749035  132
44.761415  133
44.766179  122
44.772416  118
44.774409  117
44.780766  122
44.788461  124
44.799815  122
44.802207  124
44.821663  123
44.824834  121
44.826927  119
44.829419  124
44.842120  126
44.851049  126
44.855214  118
44.858445  120
44.865142  120
44.868927  112
44.882600  118
44.906943  121
44.911328  117
44.919124  120
44.923916  115
44.933365  119
44.935897  106
44.938609  117
44.943513  117
44.961291  106
44.965316  114
44.966889  115
44.975063  104
44.977735  114
44.979368  104
44.997258  117
45.002701  106
45.004454  114
45.009937  120
45.013982  117
45.018906  114
45.030155  107
45.032727  115
45.035159  116
45.039104  114
45.042916  113
45.045009  114
45.050512  116
45.070736  114
45.088784  112
45.095521  96
45.097693  99
45.100005  101
45.104310  99
45.105923  96
45.107536  99
45.109369  95
45.111661  96
45.123426  95
45.137199  91
45.145441  94
45.147194  92
45.157042  85
45.161467  85
45.163679  83
45.165412  84
45.178399  83
45.187169  74
45.189421  82
45.195798  86
45.202615  76
45.221193  80
45.225458  76
45.229323  71
45.235241  63
45.240939  71
45.242672  71
45.253418  75
45.257391  71
45.259244  65
45.261816  68
45.280962  60
45.282595  57
45.284328  52
45.286001  54
45.289152  50
45.291664  53
45.293357  52
45.295130  42
45.309183  38
45.316798  43
45.331537  36
45.333110  37
45.335482  33
45.337335  31
45.340027  29
45.348382  29
45.352012  30
45.354703  27
45.356736  24
45.358309  25
45.361420  14
45.378508  23
45.380720  20
45.382353  7
45.391526  3
45.393898  0
45.403246  0
45.405838  0
45.410926  0
45.421948  0
45.443632  0
45.447497  0
45.452641  0
45.457545  0
45.508397  0
45.510969  0
45.546597  0
45.583054  0
45.585007  0
45.657644  0
45.665934  0
45.675862  0
45.695534  0
45.939473  0
46.147069  0
46.155639  0
46.158151  0
46.177683  1
46.194330  2
46.234282  6
46.316641  6
46.318314  2
46.422139  7
46.434215  7
46.453395  8
46.473867  6
46.487316  9
46.500965  9
46.514499  8
46.529866  8
46.561120  4
46.578734  8
46.600918  4
46.611840  11
46.615925  7
46.620150  18
46.639543  18
46.677887  17
46.681972  4
46.710154  6
46.737562  18
46.742327  8
46.752969  12
46.760286  21
46.764471  26
46.768776  21
46.772701  25
46.774993  5
46.784862  23
46.789567  11
46.798197  10
46.799850  21
46.804315  29
46.809060  31
46.824586  26
46.830524  19
46.833231  7
46.835044  30
46.850891  16
46.857868  13
46.862492  22
46.873654  24
46.875647  18
46.914120  10
46.928401  26
46.932526  33
46.939043  19
46.959489  19
46.970491  31
47.005151  7
47.017055  20
47.040640  19
47.078692  31
47.090174  24
47.092606  30
47.102810  24
47.106176  31
47.124613  34
47.127859  34
47.132743  57
47.137108  23
47.153509  44
47.168376  59
47.183864  24
47.195819  23
47.203355  34
47.205488  20
47.210427  21
47.223762  10
47.263167  31
47.265300  31
47.285571  60
47.293162  29
47.299759  35
47.312114  50
47.316319  33
47.323776  69
47.356882  30
47.366112  19
47.382533  44
47.397101  47
47.409936  50
47.422376  71
47.432928  36
47.435081  63
47.452041  35
47.457213  63
47.473734  56
47.478499  64
47.482045  70
47.488682  57
47.502197  71
47.508834  88
47.533071  71
47.543401  75
47.552011  74
47.554203  57
47.556376  93
47.566639  61
47.572717  62
47.579973  57
47.583519  61
47.586710  60
47.593766  41
47.617983  64
47.641668  59
47.647346  59
47.660101  55
47.671763  68
47.697574  77
47.704071  96
47.742484  54
47.764827  65
47.779275  66
47.784439  72
47.788625  99
47.799747  89
47.804112  97
47.809276  94
47.820362  67
47.825286  104
47.827139  86
47.847112  88
47.859048  85
47.873815  71
47.897732  85
47.906229  64
47.921337  105
47.937065  98
47.944924  89
47.955047  92
47.962807  89
47.973329  72
47.977874  85
47.980286  90
47.984571  79
47.988757  82
47.994001  90
48.013373  91
48.032365  94
48.042708  90
48.052811  84
48.062201  107
48.066546  96
48.103478  90
48.129297  94
48.142112  88
48.185109  99
48.194458  96
48.204521  105
48.206234  112
48.212851  116
48.215323  99
48.220961  114
48.227138  90
48.241475  94
48.243248  127
48.265392  100
48.269936  108
48.278806  112
48.284864  111
48.292280  93
48.296365  110
48.297938  98
48.300550  110
48.304316  124
48.315637  113
48.337041  118
48.349396  120
48.355603  124
48.360527  105
48.367245  126
48.378447  105
48.384984  105
48.391341  106
48.395387  102
48.408921  106
48.411173  124
48.415798  122
48.429193  115
48.448845  110
48.461141  118
48.471603  115
48.482032  127
48.485358  111
48.509355  122
48.517945  138
48.535704  100
48.567759  107
48.611108  137
48.615094  128
48.623884  133
48.636706  121
48.643203  134
48.647408  141
48.649760  145
48.653246  141
48.658150  124
48.674197  125
48.701926  124
48.704079  141
48.706631  130
48.710297  130
48.712270  141
48.714702  126
48.734315  151
48.738620  112
48.743064  127
48.750001  143
48.752134  134
48.769154  132
48.789860  142
48.791513  149
48.805810  132
48.813251  154
48.820043  134
48.834216  120
48.842366  121
48.847070  136
48.851495  137
48.860504  149
48.870968  153
48.878425  149
48.895884  145
48.909313  137
48.913418  131
48.917822  134
48.924659  140
48.933349  153
48.947757  138
48.955041  143
48.967776  159
48.981190  162
49.000890  123
49.014464  128
49.032887  136
49.040798  129
49.049547  153
49.071551  136
49.074023  176
49.078867  169
49.086718  158
49.097539  187
49.100745  142
49.104710  184
49.109474  156
49.113080  168
49.116965  149
49.121669  183
49.158212  158
49.166382  162
49.173059  149
49.177324  155
49.185234  151
49.189659  165
49.205186  187
49.206759  130
49.208392  157
49.210545  157
49.217482  171
49.223440  186
49.239765  165
49.254620  178
49.264009  181
49.272259  155
49.273892  178
49.275785  188
49.283995  162
49.288180  178
49.296369  156
49.298142  150
49.300055  165
49.314200  146
49.315833  168
49.325881  178
49.338476  174
49.343101  181
49.349159  177
49.382206  170
49.385472  169
49.397093  179
49.406876  174
49.434959  171
49.441237  185
49.453999  188
49.476224  194
49.486647  177
49.500685  167
49.522450  173
49.564565  199
49.569050  186
49.584497  209
49.609520  179
49.613485  214
49.617430  184
49.644533  179
49.659500  188
49.665218  195
49.684610  199
49.687262  200
49.689794  193
49.691906  159
49.706762  202
49.709134  183
49.718371  200
49.739815  190
49.753190  204
49.755083  208
49.768238  206
49.772543  209
49.787610  194
49.789223  181
49.793508  198
49.804458  198
49.809996  178
49.812149  183
49.822632  190
49.833973  204
49.838138  209
49.842363  201
49.850813  213
49.881828  195
49.893231  200
49.899309  212
49.915154  201
49.932414  200
49.940684  210
49.973352  213
49.996224  189
50.014251  205
50.016383  193
50.021462  186
50.039201  218
50.052996  211
50.061733  220
50.063466  206
50.072855  206
50.093700  225
50.100277  209
50.124214  229
50.128739  233
50.131271  215
50.176287  205
50.187828  206
50.196218  216
50.200563  233
50.207260  215
50.217523  192
50.219116  212
50.227992  212
50.232477  214
50.238715  235
50.243040  204
50.257948  215
50.270883  222
50.275488  229
50.283648  223
50.289246  210
50.291958  236
50.296982  234
50.315140  207
50.323170  214
50.330027  207
50.345174  234
50.351492  227
50.364354  231
50.371905  235
50.384827  239
50.399875  207
50.408466  221
50.427898  213
50.432583  237
50.447190  233
50.449882  228
50.451815  238
50.464131  215
50.481571  238
50.490520  239
50.522449  243
50.546486  214
50.548059  231
50.573788  237
50.593321  247
50.596887  235
50.618260  235
50.624478  239
50.635980  223
50.641598  249
50.647875  252
50.655231  245
50.657104  256
50.663868  249
50.665601  231
50.669447  268
50.674870  246
50.713820  262
50.727782  241
50.731228  251
50.745700  252
50.750365  269
50.754550  247
50.756882  258
50.767864  213
50.773902  237
50.780219  252
50.785383  269
50.798176  246
50.812927  261
50.821424  265
50.823916  262
50.828161  261
50.830873  261
50.844187  262
50.855468  240
50.857301  231
50.864058  245
50.868563  248
50.870476  231
50.872049  234
50.881098  262
50.882771  232
50.884424  251
50.888829  248
50.897739  258
50.906729  259
50.908662  252
50.919144  254
50.936982  246
50.939114  251
50.968614  255
50.994703  249
50.996436  250
51.011336  248
51.021583  258
51.028201  256
51.039942  255
51.056391  241
51.064661  238
51.077123  255
51.093902  251
51.114757  235
51.161425  255
51.183790  257
51.207886  258
51.210178  260
51.276499  257
51.286614  261
51.300055  253
51.303266  250
51.307631  252
51.309764  250
51.360178  260
51.362330  262
51.364083  258
51.378975  257
51.383200  258
51.400858  246
51.410885  248
51.415969  241
51.417622  252
51.424059  249
51.427130  249
51.458960  252
51.531993  252
51.555375  257
51.558841  256
51.588899  246
51.601050  254
51.604261  240
51.616696  243
51.645394  236
51.651576  248
51.687845  249
51.689458  251
51.696534  256
51.705303  248
51.708813  250
51.711505  247
51.713857  251
51.718881  254
51.723046  253
51.732035  250
51.733828  251
51.736180  249
51.738892  249
51.772882  252
51.777626  252
51.799553  247
51.805715  249
51.808866  239
51.818794  249
51.831393  239
51.840122  241
51.841695  244
51.845980  246
51.848252  246
51.849985  241
51.861186  238
51.870315  246
51.871928  245
51.875678  243
51.878130  243
51.879763  240
51.884048  240
51.887139  239
51.888952  239
51.909967  238
51.912419  228
51.918976  240
51.927650  238
51.929902  235
51.934546  235
51.936798  240
51.943470  237
51.945842  232
51.947675  235
51.973129  236
51.974862  235
51.986801  251
52.007191  246
52.009783  247
52.024362  247
52.041286  245
52.057111  243
52.093097  245
52.103524  245
52.107242  236
52.122493  247
52.124386  247
52.133610  232
52.135962  236
52.148457  232
52.168722  240
52.172947  239
52.178191  238
52.193370  235
52.203059  233
52.214580  233
52.216193  238
52.218146  230
52.219739  236
52.222850  228
52.226081  235
52.243865  235
52.245778  240
52.255002  234
52.277998  236
52.288361  242
52.294878  241
52.296711  234
52.303375  237
52.322959  239
52.325551  236
52.333868  242
52.343397  235
52.345609  235
52.362079  239
52.366803  243
52.379702  234
52.394870  242
52.404219  239
52.406351  239
52.411215  235
52.413907  234
52.417632  218
52.419565  207
52.424417  215
52.428922  215
52.431554  213
52.434026  215
52.436219  211
52.443195  216
52.473983  219
52.477154  216
52.481859  218
52.486583  212
52.488436  211
52.500497  215
52.510340  203
52.521821  208
52.528838  210
52.531170  208
52.558020  208
52.565516  202
52.590746  200
52.595151  200
52.604274  203
52.616175  189
52.638667  187
52.641319  186
52.652022  182
52.660772  175
52.662365  175
52.664138  167
52.665831  175
52.670675  176
52.674321  170
52.676453  166
52.678605  161
52.687254  160
52.693372  160
52.697677  154
52.702182  158
52.710293  156
52.715357  153
52.716990  154
52.726180  152
52.727873  149
52.730405  152
52.734670  137
52.742121  135
52.743694  133
52.764607  136
52.768712  133
52.778461  137
52.793049  130
52.806692  132
52.811416  123
52.818193  132
52.824990  119
52.831208  125
52.833141  121
52.839098  118
52.840891  123
52.857356  108
52.864093  114
52.866226  109
52.867879  109
52.876739  107
52.883676  105
52.888660  87
52.907959  81
52.916808  77
52.923466  83
52.946009  68
52.949175  70
52.952206  76
52.985811  64
52.999526  65
53.003671  63
53.007916  57
53.014573  62
53.018818  59
53.033506  60
53.040442  61
53.045406  60
53.055195  64
53.061733  57
53.066212  60
53.071136  57
53.084770  60
53.090988  63
53.095353  64
53.099418  57
53.101471  59
53.108508  53
53.122462  66
53.135996  68
53.140541  67
53.148412  54
53.160113  63
53.164479  51
53.171036  55
53.175061  54
53.181719  62
53.288052  61
53.320899  53
53.334273  54
53.336865  61
53.338938  49
53.349481  61
53.365527  49
53.382667  58
53.385199  61
53.399087  58
53.407137  60
53.416034  58
53.440631  56
53.444357  69
53.460517  61
53.473457  72
53.482227  75
53.598004  60
53.625080  65
53.640467  63
53.653409  68
53.689520  78
53.708486  60
53.731463  82
53.733176  89
53.735808  70
53.741945  76
53.747944  63
53.761837  59
53.765212  72
53.843590  71
53.851441  75
53.857678  54
53.862263  74
53.864076  71
53.868641  57
53.872726  65
53.883568  65
53.885501  55
53.916608  77
53.929743  71
53.944930  76
53.982091  74
53.996006  66
54.017691  76
54.031963  59
54.044603  67
54.059175  75
54.063540  72
54.075996  89
54.078508  76
54.094476  94
54.096928  78
54.104045  80
54.132607  86
54.136832  68
54.143190  67
54.149887  78
54.180168  59
54.192923  85
54.195555  72
54.213475  77
54.219133  74
54.232746  81
54.239363  59
54.267305  72
54.284546  68
54.286918  96
54.288771  79
54.298499  68
54.325629  88
54.365554  89
54.377789  89
54.379482  81
54.403250  96
54.413951  79
54.424993  81
54.449369  87
54.462484  105
54.468481  102
54.471727  101
54.474219  97
54.476032  98
54.487700  97
54.491186  94
54.499895  87
54.506991  91
54.509124  82
54.515601  92
54.517274  92
54.528664  88
54.549016  89
54.550629  80
54.557346  87
54.570620  94
54.585188  81
54.615465  97
54.619990  102
54.624815  92
54.627347  106
54.639223  80
54.646260  90
54.650185  79
54.653811  93
54.660488  93
54.674042  87
54.769711  97
54.794355  106
54.810715  93
54.836813  107
54.840479  91
54.842851  109
54.864430  107
54.873229  116
54.877434  125
54.879307  85
54.886903  130
54.895453  106
54.897885  95
54.906655  108
54.911080  131
54.916878  97
54.921103  91
54.925548  108
54.938851  91
54.948400  120
54.957230  112
54.963168  97
54.993129  103
55.001559  93
55.005405  108
55.022191  92
55.035406  101
55.043362  95
55.045534  111
55.047607  94
55.056167  119
55.062804  101
55.065436  103
55.073946  104
55.082796  131
55.085328  128
55.092999  97
55.107973  107
55.128139  133
55.148051  128
55.155068  134
55.168043  139
55.174141  121
55.188309  105
55.195046  129
55.202462  108
55.208640  139
55.222194  133
55.241206  109
55.256533  114
55.260039  121
55.263964  136
55.277139  133
55.294858  145
55.299023  147
55.308866  136
55.312831  131
55.326704  132
55.342053  125
55.360906  129
55.371968  140
55.392419  133
55.412545  136
55.423607  136
55.433116  130
55.459579  143
55.466796  130
55.468989  120
55.472894  140
55.483277  133
55.485749  129
55.494819  126
55.499424  135
55.503809  132
55.514212  148
55.531491  133
55.540381  134
55.544606  150
55.584345  138
55.599273  142
55.608543  145
55.627275  146
55.632339  145
55.640737  147
55.651618  147
55.668718  134
55.699864  155
55.709372  140
55.714356  151
55.720913  156
55.722586  126
55.724339  145
55.744750  158
55.755533  150
55.758145  172
55.767495  179
55.769528  136
55.776760  151
55.778873  134
55.785791  153
55.790236  185
55.801499  146
55.805564  137
55.810788  134
55.819378  148
55.827876  137
55.836366  171
55.838099  153
55.848941  129
55.850914  167
55.857451  135
55.876310  159
55.892500  147
55.901509  149
55.905654  161
55.924327  178
55.934541  159
55.941878  145
55.945624  153
55.953954  148
55.960591  141
55.964796  166
55.966649  177
55.968682  148
55.986661  154
55.992719  189
56.001229  167
56.002822  159
56.035589  179
56.055521  169
56.068535  177
56.080591  184
56.090379  165
56.102320  165
56.106206  172
56.115075  153
56.121372  190
56.123165  191
56.132494  207
56.141583  176
56.152146  195
56.155372  166
56.172552  167
56.178997  169
56.191632  186
56.199156  163
56.201049  200
56.206093  202
56.215082  181
56.219447  166
56.232382  205
56.245377  201
56.252654  211
56.254567  204
56.258892  192
56.268002  214
56.271808  196
56.275873  212
56.280857  177
56.287574  171
56.296844  186
56.299037  194
56.305674  175
56.319606  193
56.326444  209
56.330409  206
56.337426  203
56.341571  181
56.348668  194
56.359379  185
56.365077  199
56.380916  194
56.394750  187
56.398576  207
56.412189  190
56.414382  203
56.418548  212
56.431572  187
56.437680  207
56.442564  207
56.448462  189
56.466721  203
56.471006  200
56.477963  197
56.483127  204
56.505778  198
56.511556  205
56.532209  198
56.568861  205
56.593992  208
56.606787  208
56.632776  238
56.638974  213
56.664010  193
56.674833  218
56.693751  199
56.712644  225
56.718982  218
56.725200  232
56.750051  235
56.755454  223
56.757347  230
56.763785  219
56.768789  229
56.771101  229
56.808000  209
56.816510  219
56.820955  220
56.824920  206
56.833251  226
56.839688  238
56.852443  230
56.862591  234
56.864224  207
56.908756  206
56.914543  224
56.931263  234
56.934414  224
56.953865  214
56.973017  236
56.977422  238
56.983840  221
56.999576  214
57.002447  233
57.005913  253
57.012370  236
57.021300  233
57.022893  246
57.041766  228
57.081690  239
57.098797  237
57.130543  247
57.135068  240
57.146864  236
57.163524  258
57.167928  245
57.174905  273
57.183995  243
57.185648  247
57.201315  258
57.218594  226
57.238066  244
57.246057  231
57.252355  263
57.254148  251
57.267882  234
57.280937  255
57.285742  239
57.292299  271
57.297263  270
57.304674  267
57.306747  225
57.308360  259
57.323267  264
57.329365  253
57.341287  241
57.343200  264
57.354402  243
57.367037  247
57.369150  242
57.383378  259
57.387663  258
57.390969  261
57.404347  271
57.413637  273
57.457610  257
57.464507  261
57.474970  261
57.483100  268
57.485532  259
57.492508  247
57.498586  266
57.508849  258
57.519612  268
57.528102  254
57.532466  268
57.539837  263
57.545715  257
57.574336  253
57.584404  261
57.586497  268
57.595168  264
57.597261  263
57.635511  280
57.698066  277
57.736571  286
57.768802  284
57.782310  255
57.830846  270
57.837044  277
57.841728  270
57.853670  278
57.861760  278
57.891539  275
57.895844  283
57.900988  274
57.907466  265
57.909279  267
57.924866  270
57.945997  267
57.957039  273
57.964419  276
57.970397  282
57.981324  271
57.983517  267
58.007473  270
58.026345  261
58.034595  280
58.042111  268
58.054790  268
58.056623  278
58.063060  272
58.067545  280
58.077488  281
58.084824  270
58.090602  282
58.105215  266
58.112556  269
58.115268  280
58.116841  277
58.133433  269
58.140310  269
58.144296  269
58.163768  277
58.205524  274
58.298147  273
58.308235  289
58.321628  274
58.323621  293
58.331276  291
58.350413  271
58.355137  275
58.375716  274
58.377309  284
58.384286  287
58.402983  293
58.412532  280
58.418710  287
58.426146  286
58.463282  275
58.470479  288
58.475143  274
58.479807  289
58.482199  284
58.489415  289
58.500356  279
58.508127  280
58.524457  288
58.542603  292
58.550039  276
58.554044  270
58.582965  287
58.606021  287
58.611445  286
58.617843  292
58.622687  294
58.630084  294
58.639572  293
58.649301  297
58.650914  297
58.655618  275
58.659463  292
58.676067  272
58.686217  273
58.691021  281
58.692594  280
58.708350  277
58.710043  279
58.717299  276
58.721724  281
58.725709  277
58.753765  277
58.759902  273
58.814824  278
58.824697  277
58.826310  274
58.830055  273
58.832747  267
58.836852  266
58.838565  258
58.840123  262
58.850270  261
58.852902  250
58.860262  253
58.871892  244
58.876556  243
58.880881  242
58.885805  250
58.893376  236
58.918922  240
58.923127  235
58.925040  235
58.929804  232
58.934229  237
58.941985  239
58.960850  237
58.968106  229
58.983492  227
58.988955  229
58.991447  227
58.993120  217
58.995432  218
59.000616  225
59.016087  221
59.027615  221
59.028434  213
59.035111  215
59.040334  210
59.044299  199
59.048624  203
59.095944  198
59.101068  200
59.103740  206
59.109918  198
59.114503  208
59.124012  205
59.125690  205
59.130662  205
59.139352  202
59.143602  200
59.151301  193
59.158837  197
59.172551  188
59.177136  188
59.179029  190
59.181182  190
59.188478  195
59.195435  198
59.217660  196
59.226730  190
59.238925  188
59.278173  173
59.283736  172
59.287981  168
59.290353  167
59.299542  165
59.316087  157
59.320772  157
59.323104  157
59.331874  154
59.356371  148
59.360116  148
59.361095  139
59.363547  146
59.388750  151
59.398619  151
59.412477  154
59.419872  155
59.423917  149
59.427882  152
59.435313  144
59.452772  150
59.455084  150
59.456677  148
59.458270  136
59.467684  136
59.513992  136
59.515625  135
59.520310  140
59.526288  130
59.530773  142
59.535437  140
59.544726  139
59.551264  130
59.562840  142
59.569577  123
59.576274  120
59.590360  123
59.594485  127
59.608174  133
59.650007  132
59.686606  136
59.698032  129
59.707740  125
59.716430  133
59.721234  120
59.730343  122
59.733055  112
59.743858  105
59.754381  113
59.762831  112
59.767576  103
59.776626  111
59.785955  108
59.790979  109
59.796087  107
59.799873  108
59.807364  106
59.818051  115
59.840535  113
59.847832  116
59.903351  103
59.910288  113
59.914813  104
59.919337  115
59.927947  113
59.930179  111
59.938289  105
59.942634  104
59.944966  106
59.953576  100
59.963245  100
59.964978  96
59.969183  93
59.975641  97
59.979786  95
59.981919  92
