# t(s) QueuingDelay(ms)
10.175199  1
10.182390  4
10.206967  4
10.211112  6
10.231384  21
10.237362  12
10.240928  10
10.266609  2
10.275439  26
10.308086  11
10.313110  13
10.370638  35
10.373010  35
10.382219  37
10.388544  52
10.395581  63
10.408956  75
10.415214  76
10.448786  85
10.460502  36
10.477621  42
10.482146  86
10.493268  31
10.499506  94
10.519698  91
10.532494  108
10.543516  118
10.563508  155
10.567754  124
10.571289  125
10.581736  148
10.589268  157
10.607725  169
10.617852  166
10.627935  177
10.641774  188
10.645779  37
10.656781  201
10.663306  61
10.676461  123
10.687323  207
10.701072  207
10.708049  192
10.710481  219
10.712214  130
10.732851  133
10.739628  137
10.741681  233
10.761153  158
10.776200  101
10.778313  208
10.814346  214
10.820970  243
10.838590  107
10.847680  226
10.858483  270
10.860456  107
10.862888  236
10.877875  243
10.880068  340
10.897228  252
10.914660  114
10.919724  354
10.933139  261
10.935251  367
10.937184  128
10.954803  369
10.965645  136
10.969231  268
10.988532  374
10.990445  272
11.008044  278
11.011530  382
11.025505  389
11.029491  305
11.034055  149
11.045418  413
11.047710  160
11.049423  430
11.058152  438
11.059985  312
11.068495  162
11.077245  217
11.080871  324
11.090000  452
11.093426  221
11.102775  228
11.104588  329
11.123332  343
11.137226  234
11.168807  352
11.181843  237
11.186288  363
11.197810  375
11.199563  250
11.210866  397
11.224939  276
11.229164  405
11.237335  268
11.258811  405
11.298157  6
11.309379  274
11.315916  257
11.317669  278
11.330884  256
11.334729  245
11.344810  244
11.360950  237
11.362523  242
11.426906  242
11.439721  250
11.455615  233
11.468070  264
11.473688  1
11.490059  0
11.497296  238
11.503833  271
11.525618  275
11.536940  285
11.562611  300
11.597371  18
11.601676  312
11.609471  22
11.621127  244
11.634781  29
11.639553  318
11.652048  36
11.662531  262
11.671841  269
11.676186  288
11.682404  302
11.686369  324
11.699444  338
11.710586  347
11.718557  374
11.727467  15
11.767471  1
11.783718  17
11.787763  383
11.794581  17
11.800130  389
11.810019  60
11.816177  254
11.817930  401
11.826640  73
11.838209  408
11.845560  410
11.853356  265
11.855269  81
11.871375  42
11.900356  333
11.914784  88
11.918390  346
11.931918  353
11.933591  60
11.941227  7
11.947005  370
11.959858  69
11.961851  366
11.971684  96
11.988289  99
11.990362  21
12.007142  314
12.011288  112
12.024409  117
12.047647  319
12.053725  2
12.062035  123
12.074381  27
12.081198  363
12.082991  138
12.091162  37
12.096046  144
12.101964  365
12.109760  367
12.114105  101
12.120982  56
12.122755  168
12.135250  65
12.145832  18
12.147845  68
12.156375  72
12.162832  334
12.173914  74
12.178219  103
12.210534  104
12.228174  342
12.236904  114
12.249139  344
12.250892  137
12.257129  355
12.268491  140
12.272756  140
12.281086  7
12.286984  145
12.313955  146
12.337019  154
12.343696  22
12.351907  5
12.357311  158
12.366401  389
12.377423  397
12.383841  399
12.387926  404
12.392690  402
12.401340  49
12.420432  143
12.431415  71
12.438676  170
12.457114  77
12.461279  178
12.468157  16
12.479039  104
12.505928  191
12.512873  40
12.522697  57
12.525451  208
12.533824  90
12.545126  376
12.546719  111
12.559553  23
12.572568  218
12.575040  378
12.581118  115
12.590307  232
12.602683  81
12.604776  234
12.609540  454
12.626461  134
12.631066  11
12.637563  472
12.642188  492
12.646134  236
12.658735  192
12.667165  242
12.675175  502
12.687130  197
12.691555  128
12.706873  361
12.708686  208
12.724113  516
12.728359  220
12.749304  237
12.777106  251
12.788989  486
12.793534  251
12.798338  257
12.812032  264
12.818111  493
12.826281  271
12.837903  497
12.842688  31
12.844461  517
12.846474  288
12.857216  300
12.861301  248
12.872163  530
12.877646  23
12.883135  315
12.893238  115
12.895111  331
12.909778  30
12.918068  334
12.924006  254
12.932116  107
12.933689  348
12.943910  141
12.954432  265
12.968381  179
12.973185  154
12.998674  562
13.000427  192
13.002540  357
13.007484  278
13.014821  164
13.025084  202
13.033354  582
13.039979  599
13.042092  248
13.044484  230
13.051281  359
13.065490  313
13.067143  624
13.068936  387
13.079898  120
13.084942  255
13.089207  39
13.095185  396
13.108100  311
13.110592  273
13.122148  70
13.137944  335
13.146494  136
13.159149  344
13.161242  148
13.172284  292
13.183155  230
13.185787  380
13.203686  444
13.207432  282
13.217795  217
13.221330  455
13.233091  288
13.235743  517
13.239069  218
13.259441  295
13.263566  463
13.309315  340
13.313140  239
13.321810  520
13.327848  358
13.332413  484
13.347741  535
13.353659  505
13.357844  414
13.364701  367
13.378969  498
13.383593  368
13.410585  377
13.458939  661
13.505348  311
13.525280  551
13.542100  393
13.582236  627
13.592479  249
13.621181  417
13.625566  641
13.635330  498
13.668996  261
13.672522  292
13.684024  452
13.703036  490
13.707780  292
13.716550  643
13.720616  308
13.735663  637
13.756528  540
13.765917  320
13.782998  641
13.787063  345
13.789535  527
13.795673  688
13.798045  327
13.813192  373
13.815225  221
13.828519  696
13.841295  389
13.843507  402
13.845220  338
13.880493  226
13.928276  345
13.962411  370
13.964284  574
13.968090  621
13.981344  232
13.996732  425
14.008927  404
14.013431  295
14.017416  285
14.027939  371
14.090389  669
14.100831  409
14.111794  640
14.157422  424
14.163380  645
14.178708  459
14.206431  441
14.216993  650
14.251354  494
14.262496  460
14.266521  373
14.295342  680
14.319439  365
14.370500  720
14.385407  412
14.393537  716
14.413350  475
14.485461  731
14.511931  383
14.550195  722
14.560878  738
14.567656  631
14.581249  758
14.609012  425
14.611504  398
14.615549  775
14.633430  436
14.648597  659
14.650869  631
14.659878  309
14.671315  666
14.683156  431
14.698842  495
14.754612  354
14.812181  858
14.818239  362
14.827734  437
14.854202  453
14.862672  375
14.899938  492
14.936829  432
14.938582  685
14.942507  946
14.956161  431
14.958293  466
14.968042  962
15.004154  907
15.020719  508
15.027176  856
15.035137  740
15.045980  517
15.054429  523
15.111321  543
15.117518  738
15.148792  812
15.206074  819
15.231348  829
15.232921  565
15.249362  435
15.271765  840
15.305750  487
15.357627  869
15.372753  809
15.399402  849
15.415963  582
15.427998  621
15.507874  777
15.515909  601
15.563028  505
15.599484  540
15.612368  665
15.655045  664
15.693799  388
15.720123  829
15.738900  732
15.773193  956
15.815361  484
15.834347  557
15.891295  1005
15.893687  702
15.910013  530
15.930544  578
15.945356  830
15.952972  706
15.957837  613
15.962541  715
15.976102  860
15.978734  874
15.988210  656
16.026340  558
16.038264  867
16.080088  734
16.116794  615
16.125583  407
16.131246  1079
16.183875  1123
16.192209  733
16.201758  692
16.263298  880
16.269835  638
16.279363  635
16.315902  633
16.317735  695
16.352458  585
16.361187  853
16.431260  727
16.473972  588
16.476624  729
16.520116  742
16.569617  733
16.572748  631
16.600661  634
16.606699  696
16.609231  636
16.615728  888
16.633107  733
16.648174  731
16.698871  636
16.709960  982
16.712991  516
16.717176  977
16.723993  731
16.762181  728
16.765347  591
16.775674  634
16.783789  571
16.799084  635
16.804008  732
16.811448  637
16.819763  735
16.826680  735
16.830985  735
16.837511  979
16.840662  633
16.844907  632
16.848337  627
16.850110  723
16.852582  974
16.871339  730
16.876143  567
16.916573  586
16.921677  645
16.928533  567
16.953442  631
16.975117  644
16.978962  636
16.982907  636
16.984820  993
16.995990  634
16.999001  689
17.004025  724
17.008869  634
17.030158  726
17.034243  695
17.049909  636
17.052900  695
17.059936  633
17.061929  693
17.066973  634
17.069605  728
17.079333  692
17.081106  632
17.119684  588
17.123909  568
17.146160  695
17.148632  695
17.151264  588
17.154590  568
17.158815  693
17.162800  692
17.170375  729
17.193209  730
17.198712  729
17.201004  731
17.206288  728
17.219582  693
17.226618  732
17.238730  690
17.241242  566
17.243115  724
17.257867  690
17.270052  993
17.283497  633
17.286308  632
17.295924  632
17.311854  690
17.314346  629
17.316019  629
17.319010  629
17.325052  631
17.329676  690
17.348393  629
17.357067  585
17.365417  688
17.367729  628
17.369462  626
17.377018  580
17.389078  728
17.401533  582
17.415646  582
17.425254  688
17.471932  689
17.473545  580
17.476197  724
17.527834  689
17.535245  727
17.546945  729
17.559132  585
17.565541  690
17.600429  633
17.609758  689
17.632281  632
17.646593  733
17.653350  697
17.658174  639
17.661345  639
17.668481  640
17.678569  642
17.686788  643
17.689100  729
17.692386  642
17.694219  641
17.708711  729
17.710324  587
17.712816  641
17.719118  595
17.721510  640
17.730583  568
17.733814  573
17.774702  589
17.785404  639
17.787017  637
17.796625  572
17.800810  627
17.803861  564
17.805474  623
17.807966  622
17.810977  705
17.812550  703
17.815082  601
17.816755  600
17.819367  600
17.821779  599
17.823512  592
17.834758  592
17.837609  594
17.840181  593
17.842433  528
17.844905  527
17.847417  527
17.849330  590
17.856805  588
17.858658  587
17.863781  521
17.866273  521
17.874587  587
17.876999  541
17.881324  586
17.885609  539
17.893424  520
17.896535  583
17.898128  584
17.900640  584
17.902273  519
17.904505  580
17.909509  581
17.928745  583
17.930358  581
17.931931  580
17.934523  533
17.939966  530
17.941779  573
17.944391  630
17.947857  628
17.951387  569
17.956291  504
17.963727  629
17.972037  567
17.974369  625
17.977855  518
17.980187  563
17.982799  561
17.984432  561
17.987583  621
17.990674  559
17.995358  619
17.999370  561
18.003715  558
18.007465  556
18.011095  617
18.016638  494
18.025487  615
18.027240  553
18.029532  611
18.051104  512
18.054909  493
18.060352  487
18.080528  509
18.090496  612
18.095088  614
18.102044  613
18.123362  600
18.130713  597
18.133245  473
18.137410  594
18.140521  588
18.142154  462
18.152142  585
18.162969  584
18.174990  891
18.183169  532
18.185741  525
18.188053  531
18.201906  581
18.212700  524
18.217304  523
18.222128  523
18.231696  523
18.242892  521
18.246613  578
18.248985  472
18.253809  517
18.255462  514
18.266649  523
18.268841  472
18.271233  470
18.273405  460
18.276017  457
18.287177  452
18.289489  448
18.330642  437
18.351519  429
18.356023  426
18.357596  467
18.364293  461
18.365906  415
18.383374  404
18.393717  441
18.411938  395
18.413511  438
18.421985  435
18.427088  438
18.432566  427
18.434918  422
18.436591  419
18.441095  409
18.442728  408
18.448890  407
18.450723  404
18.453954  403
18.467951  351
18.478555  532
18.485032  404
18.486685  499
18.489297  414
18.494101  414
18.498586  416
18.500179  414
18.504533  340
18.521772  752
18.563192  356
18.568236  357
18.580351  369
18.582184  342
18.584796  344
18.586409  349
18.593086  413
18.599752  511
18.601625  413
18.605106  411
18.616511  413
18.619143  413
18.624247  410
18.626799  346
18.629730  407
18.632162  406
18.646282  348
18.648834  347
18.656150  346
18.663390  367
18.667395  408
18.676608  365
18.681372  409
18.683005  409
18.686136  345
18.698356  361
18.700209  408
18.704893  408
18.706606  407
18.708179  406
18.709932  406
18.728298  334
18.730710  453
18.732423  329
18.734036  328
18.739359  342
18.741951  287
18.743524  286
18.745996  285
18.765943  295
18.770148  277
18.774453  276
18.789991  290
18.794895  271
18.796508  271
18.821715  250
18.824826  244
18.837225  649
18.842476  227
18.851050  183
18.857017  216
18.859389  171
18.861142  170
18.887779  171
18.890331  179
18.931913  180
18.949137  178
18.953362  177
18.958960  174
18.971595  168
18.993782  163
19.022459  135
19.024152  123
19.030741  265
19.033353  122
19.035465  119
19.038037  95
19.040529  93
19.042921  92
19.050217  501
19.091831  109
19.095976  108
19.102313  104
19.107517  87
19.111442  87
19.114014  85
19.119037  243
19.130009  65
19.132960  60
19.134733  56
19.139737  55
19.141450  55
19.144102  52
19.145792  63
19.152089  48
19.153802  41
19.156314  39
19.158187  33
19.159780  30
19.166057  398
19.169942  74
19.173448  7
19.175061  130
19.177333  7
19.186055  42
19.191119  32
19.201486  16
19.204098  19
19.222600  14
19.231769  10
19.240199  7
19.263260  3
19.264853  2
19.281431  430
19.292991  61
19.411945  103
19.414077  0
19.427815  350
19.485048  89
19.508368  285
19.513112  0
19.519110  29
19.529292  0
19.585231  290
19.606699  0
19.706559  16
19.719623  262
19.726760  253
19.768756  7
19.786414  8
19.791358  227
19.801905  0
19.804537  10
19.962244  0
19.975218  225
19.978484  222
19.995068  222
20.093221  10
20.242844  300
20.257471  301
20.357231  317
20.456264  326
20.467246  241
20.471411  66
20.547233  74
20.609857  329
20.680950  1
20.696671  320
20.717560  328
20.727823  333
20.767583  343
20.848996  75
20.856347  77
20.859358  286
20.967506  26
20.983812  337
20.997427  31
20.999440  363
21.007909  43
21.011775  65
21.064696  85
21.070339  91
21.115024  351
21.179191  81
21.183296  46
21.192585  138
21.197748  39
21.201813  141
21.226328  84
21.236590  83
21.247078  314
21.273068  108
21.307354  44
21.316383  131
21.323100  83
21.330516  86
21.340644  135
21.342697  102
21.345189  138
21.356601  139
21.363578  142
21.389707  45
21.437302  67
21.441247  70
21.443000  413
21.447864  111
21.472240  112
21.478857  355
21.485274  120
21.505349  358
21.518333  148
21.541515  364
21.584666  150
21.607843  369
21.619244  143
21.620817  108
21.652564  183
21.661099  185
21.704619  332
21.711396  340
21.723796  151
21.727422  153
21.767461  153
21.772265  111
21.782128  161
21.799855  374
21.841289  63
21.859068  413
21.875748  415
21.888530  428
21.913801  430
21.919124  113
21.926581  189
21.928634  386
21.952175  407
21.995467  154
22.071741  88
22.096304  193
22.101428  155
22.104000  417
22.122178  168
22.129014  172
22.134238  443
22.145999  195
22.155648  195
22.179769  190
22.182341  392
22.189258  192
22.199921  201
22.204606  207
22.224617  184
22.301133  107
22.312008  117
22.327055  444
22.348220  448
22.359269  115
22.367999  448
22.370151  133
22.374316  148
22.401579  422
22.433865  395
22.471197  102
22.503234  150
22.505147  150
22.510665  379
22.587009  146
22.604672  363
22.632219  164
22.639096  159
22.641169  158
22.684076  151
22.745004  132
22.757739  130
22.770874  430
22.836069  150
22.855071  153
22.885592  416
22.902692  182
22.942314  179
22.953297  415
22.976120  111
22.997453  394
23.000105  125
23.010488  137
23.015971  133
23.024405  361
23.065150  360
23.078724  94
23.085421  98
23.106327  99
23.110832  95
23.119082  377
23.173054  387
23.218781  150
23.253742  105
23.269969  360
23.274334  105
23.324906  154
23.349402  154
23.373019  389
23.416382  164
23.420128  182
23.426485  397
23.497772  152
23.533002  97
23.539020  392
23.559711  131
23.574779  118
23.607846  98
23.620341  400
23.719801  415
23.741407  429
23.786389  392
23.792966  183
23.804802  183
23.867156  446
23.872215  106
23.877958  157
23.891520  184
23.893153  220
23.906467  457
23.909019  224
23.938455  373
23.973777  155
23.986711  158
23.990956  381
24.005844  129
24.068003  167
24.069656  116
24.085496  130
24.096758  120
24.099250  221
24.139817  157
24.156537  169
24.191176  462
24.203197  417
24.242001  465
24.272256  448
24.365022  156
24.369067  217
24.396583  469
24.420106  271
24.433940  479
24.444142  159
24.464518  432
24.482697  195
24.502069  208
24.508787  439
24.521689  227
24.539416  183
24.541109  474
24.614972  179
24.637115  487
24.658819  190
24.667728  202
24.726224  451
24.752715  478
24.771328  513
24.815711  499
24.840242  508
24.859180  215
24.960324  516
24.990005  275
25.016314  523
25.044116  263
25.046328  307
25.050433  213
25.056651  312
25.086012  313
25.089278  463
25.103790  477
25.119137  238
25.132132  506
25.146219  216
25.186502  272
25.210208  216
25.238430  244
25.250151  533
25.258142  541
25.306764  284
25.323625  220
25.381047  569
25.387025  264
25.403970  344
25.430498  600
25.453395  603
25.472748  536
25.492180  579
25.500730  294
25.502383  628
25.508881  315
25.538921  301
25.609503  559
25.649818  630
25.694608  636
25.710474  293
25.722630  639
25.736828  315
25.747890  323
25.750222  323
25.757278  326
25.765749  331
25.793131  419
25.797176  418
25.828406  628
25.845055  371
25.870464  635
25.885371  305
25.887264  632
25.962825  353
26.002849  359
26.010900  318
26.015744  390
26.020229  344
26.028860  643
26.051564  391
26.076081  448
26.128761  634
26.134045  384
26.142455  679
26.158701  452
26.169764  495
26.204107  682
26.212257  386
26.236113  747
26.250761  662
26.263136  712
26.276610  743
26.311629  334
26.462245  655
26.486027  331
26.505837  407
26.512254  458
26.528275  760
26.567314  441
26.581487  457
26.617483  668
26.630557  678
26.657432  455
26.668853  531
26.681341  747
26.707873  747
26.723658  436
26.739703  769
26.741356  432
26.755768  458
26.765678  504
26.776213  476
26.788048  521
26.792373  467
26.794765  459
26.797077  753
26.829628  466
26.863870  729
26.865763  507
26.918557  495
26.920230  450
26.965110  497
26.979424  512
26.982615  498
26.985606  508
27.089872  748
27.096009  782
27.115411  787
27.129503  481
27.138792  485
27.180333  542
27.197417  531
27.265190  779
27.304953  792
27.382284  788
27.504878  780
27.517498  818
27.580900  819
27.629619  798
27.687058  482
27.692162  813
27.699270  490
27.705028  547
27.727200  808
27.729752  539
27.770597  538
27.777134  567
27.778947  828
27.799696  549
27.802348  549
27.804061  546
27.817862  502
27.820334  797
27.825238  494
27.837639  785
27.868244  751
27.873468  749
27.875206  744
27.884255  456
27.891971  453
27.916480  480
27.923876  475
27.926348  453
27.966749  688
27.978937  616
27.983701  398
27.986113  340
27.995463  314
28.003473  318
28.007678  260
28.019523  266
28.024442  465
28.029086  456
28.039089  248
28.049451  414
28.051284  455
28.055808  409
28.063284  195
28.067149  186
28.084440  421
28.105078  125
28.107310  182
28.109163  125
28.113028  125
28.116214  120
28.117532  118
28.124169  120
28.126441  420
28.132024  417
28.135794  156
28.144750  362
28.147801  106
28.149414  105
28.169544  108
28.174308  107
28.189800  398
28.204038  133
28.213147  133
28.214900  149
28.218846  88
28.221298  82
28.225670  82
28.251561  350
28.267027  75
28.269180  70
28.290052  117
28.305159  103
28.357314  118
28.359047  51
28.377005  75
28.385842  95
28.396991  292
28.408133  88
28.432164  64
28.437048  10
28.444765  7
28.446758  4
28.450388  45
28.452900  307
28.461750  262
28.463623  4
28.533300  1
28.554345  275
28.570865  3
28.577622  1
28.594382  43
28.605744  27
28.607317  43
28.665079  60
28.699024  38
28.714072  259
28.731172  62
28.758887  0
28.770508  297
28.775273  0
28.777565  252
28.783450  295
28.821885  36
28.833226  36
28.838744  32
28.892975  2
28.910195  31
28.930986  57
28.964533  47
28.969956  0
28.975681  248
29.004184  20
29.047092  54
29.063058  48
29.118329  298
29.144957  35
29.151075  41
29.169185  45
29.197660  275
29.208227  285
29.257587  50
29.293359  6
29.300596  20
29.307273  16
29.341122  59
29.348973  68
29.359241  67
29.379273  54
29.394460  286
29.401337  5
29.408154  59
29.416604  51
29.418497  252
29.431052  300
29.435277  255
29.449405  303
29.464752  53
29.498132  6
29.520656  55
29.527813  56
29.533738  297
29.621464  76
29.628321  30
29.689673  268
29.695910  79
29.716121  71
29.736233  82
29.748689  74
29.750842  313
29.759532  58
29.762483  270
29.766588  0
29.775698  315
29.794660  315
29.805902  317
29.823522  62
29.829939  66
29.841440  72
29.843593  18
29.848872  74
29.863864  19
29.881523  304
29.904228  30
29.908873  77
29.926153  85
29.932910  78
29.942020  86
29.971955  36
29.981998  50
30.017777  38
30.032425  49
30.034138  89
30.045100  278
30.072662  78
30.089854  101
30.092126  308
30.102728  105
30.107253  92
30.109485  33
30.115823  90
30.127245  91
30.129298  285
30.137608  18
30.141853  331
30.150023  332
30.154488  21
30.166963  335
30.171148  294
30.180078  354
30.188847  94
30.222302  54
30.229079  95
30.230752  37
30.246559  46
30.256842  100
30.263738  320
30.270016  321
30.284524  104
30.296365  93
30.300177  75
30.313831  108
30.317917  98
30.358160  78
30.367290  80
30.380604  82
30.412272  127
30.417116  66
30.421641  123
30.426326  298
30.473904  335
30.479882  352
30.494790  122
30.515574  310
30.517327  107
30.528309  26
30.553619  59
30.557484  312
30.567908  108
30.595357  354
30.607752  370
30.618694  84
30.632252  68
30.647098  91
30.659573  116
30.670116  123
30.672668  93
30.674401  354
30.679065  119
30.693119  95
30.696385  125
30.707667  130
30.709600  140
30.753588  146
30.782276  97
30.784309  323
30.809799  72
30.836077  94
30.838789  331
30.876064  130
30.896394  154
30.902332  370
30.910722  158
30.912315  140
30.919372  161
30.927682  77
30.949607  398
30.973945  72
30.980962  351
30.987319  142
30.989671  400
31.000473  99
31.013547  144
31.047068  105
31.054044  145
31.056616  86
31.071550  142
31.094294  119
31.107889  386
31.128160  166
31.142708  161
31.189288  168
31.210993  125
31.241642  406
31.248599  173
31.260640  120
31.262553  173
31.264266  355
31.277560  363
31.279373  173
31.283538  111
31.326833  167
31.360200  171
31.381711  116
31.394634  143
31.402524  144
31.405096  364
31.406689  102
31.418811  409
31.436349  106
31.442207  128
31.447011  370
31.451496  175
31.453589  412
31.481531  184
31.487756  188
31.504575  445
31.509300  192
31.511313  157
31.516377  130
31.529612  118
31.543426  124
31.545619  161
31.547392  192
31.562519  194
31.564092  166
31.569096  399
31.570949  194
31.583252  419
31.601171  172
31.608216  199
31.616886  207
31.620372  187
31.635946  213
31.666993  170
31.669325  228
31.694923  174
31.722905  142
31.757584  375
31.759297  229
31.763482  402
31.776656  422
31.793029  192
31.795102  210
31.824382  223
31.851550  435
31.880850  143
31.886848  161
31.888841  120
31.900322  141
31.910744  182
31.922126  407
31.927350  448
31.934921  452
31.949555  183
31.953840  148
31.963336  210
31.965429  427
31.969534  453
31.992158  197
32.001807  225
32.008764  244
32.016655  234
32.018987  495
32.024825  498
32.030049  208
32.043903  209
32.063642  192
32.082988  240
32.106970  470
32.118013  225
32.126842  232
32.154192  261
32.157958  218
32.197924  214
32.223348  214
32.235543  191
32.248365  197
32.271783  201
32.278640  264
32.283544  268
32.315237  259
32.348013  269
32.359274  269
32.378271  473
32.386721  449
32.393458  485
32.406052  179
32.425904  207
32.430309  219
32.432701  243
32.447082  462
32.477336  221
32.479668  237
32.482320  201
32.489397  467
32.530389  225
32.532542  252
32.539279  257
32.549062  257
32.551594  504
32.564668  254
32.579982  260
32.581555  227
32.603460  273
32.605633  211
32.609898  228
32.616795  491
32.623946  499
32.636941  278
32.641545  501
32.661137  279
32.662830  263
32.685159  267
32.691676  275
32.721038  275
32.722771  235
32.728789  228
32.733434  214
32.768775  238
32.780910  270
32.835738  261
32.859435  506
32.892405  265
32.903986  274
32.912236  286
32.927762  469
32.934159  507
32.960675  220
32.967412  203
32.981761  223
32.997268  214
33.002966  473
33.031555  222
33.036479  515
33.046962  278
33.058418  281
33.074484  256
33.089172  281
33.090905  277
33.106118  536
33.127823  539
33.131928  251
33.141597  232
33.150187  273
33.152699  240
33.175290  510
33.193603  251
33.209197  299
33.248040  282
33.257649  306
33.302691  255
33.337631  250
33.351645  308
33.369145  309
33.372511  282
33.392130  484
33.428207  511
33.438329  303
33.464227  306
33.476228  313
33.491755  317
33.497258  307
33.510172  524
33.514277  497
33.521153  323
33.523346  530
33.561702  279
33.587601  299
33.591626  244
33.595216  500
33.612994  541
33.615007  519
33.628780  548
33.644367  308
33.648333  531
33.652438  321
33.654870  552
33.663081  288
33.696294  317
33.703251  577
33.709668  293
33.722183  288
33.725389  575
33.732785  545
33.735017  263
33.745886  326
33.747679  282
33.762292  281
33.771201  561
33.783201  320
33.789798  328
33.804231  335
33.813455  338
33.817520  313
33.833239  285
33.842088  248
33.844580  325
33.858621  331
33.891673  292
33.919954  287
33.926032  329
33.949700  295
33.968817  311
33.974834  523
33.984343  305
33.990780  558
34.017931  314
34.027559  304
34.031904  286
34.040960  311
34.082967  545
34.092675  522
34.115238  568
34.117590  272
34.125006  266
34.170975  267
34.173607  516
34.182957  510
34.187302  554
34.198843  271
34.203847  258
34.205999  257
34.214928  291
34.222579  294
34.236773  270
34.245967  287
34.250851  287
34.272120  269
34.293468  268
34.298492  555
34.304889  316
34.307041  264
34.319821  319
34.329309  262
34.343382  544
34.360576  542
34.371982  292
34.381291  268
34.383643  320
34.418280  314
34.426450  311
34.446231  265
34.450296  260
34.485479  284
34.501803  556
34.517134  283
34.530587  291
34.540954  506
34.580134  306
34.595445  303
34.600748  280
34.604913  495
34.609247  491
34.612418  485
34.614611  458
34.625113  205
34.632529  199
34.640072  238
34.656577  203
34.658290  196
34.660482  201
34.665361  183
34.667034  436
34.675823  436
34.678435  477
34.690779  191
34.696757  181
34.706904  218
34.712387  218
34.761774  191
34.763607  188
34.790139  478
34.793570  463
34.795283  180
34.806824  170
34.809436  167
34.823789  163
34.826281  187
34.837862  153
34.857100  131
34.860710  186
34.866074  385
34.883560  134
34.885413  132
34.891670  131
34.902343  129
34.916935  149
34.939844  426
34.956030  153
34.975047  374
34.999962  157
35.003368  155
35.014334  377
35.019133  347
35.033426  105
35.042882  103
35.046708  92
35.053085  91
35.055617  96
35.066618  89
35.068551  343
35.076007  384
35.088643  80
35.091115  79
35.093547  377
35.097852  319
35.101607  361
35.117747  98
35.130275  350
35.154828  349
35.163210  60
35.187152  78
35.210134  41
35.211133  94
35.255939  57
35.258171  54
35.259924  51
35.292981  262
35.319813  63
35.335260  292
35.359757  6
35.373478  10
35.384801  6
35.402500  312
35.412803  306
35.417468  263
35.428311  265
35.441733  48
35.485425  306
35.527820  60
35.566283  29
35.615365  261
35.635857  59
35.655469  288
35.657482  259
35.679346  304
35.698978  2
35.703163  257
35.722215  304
35.731264  303
35.738261  301
35.759366  39
35.767796  38
35.799350  300
35.807600  0
35.827211  39
35.844032  266
35.850649  0
35.883777  0
35.886009  213
35.909307  11
35.913352  10
35.921882  0
35.923555  234
35.930939  211
35.948199  255
35.971956  0
36.019450  18
36.032765  216
36.058854  258
36.075171  262
36.216908  10
36.219340  217
36.232775  239
36.270300  230
36.298022  233
36.304459  269
36.310717  234
36.322992  276
36.334927  11
36.343436  20
36.351067  274
36.400276  20
36.423135  37
36.432424  258
36.442427  10
36.489150  238
36.502044  27
36.508042  32
36.510734  22
36.528634  41
36.530567  239
36.537684  15
36.546774  266
36.581521  21
36.584193  241
36.590032  17
36.605299  22
36.616741  256
36.620846  281
36.637546  39
36.648048  258
36.654845  41
36.670092  302
36.678562  303
36.710932  304
36.718089  313
36.731204  25
36.761079  44
36.765604  270
36.779632  43
36.789081  16
36.793546  27
36.824309  263
36.837204  45
36.852272  34
36.856217  55
36.858589  282
36.862834  263
36.875450  74
36.880014  287
36.901386  48
36.915080  24
36.929688  41
36.944375  277
36.955078  314
36.978683  64
36.996462  62
37.005846  62
37.014875  319
37.021353  64
37.023685  321
37.063812  328
37.070629  331
37.087590  306
37.090781  59
37.108021  306
37.109714  73
37.123088  50
37.129565  77
37.180354  285
37.201899  70
37.208676  78
37.217446  287
37.219579  79
37.230082  311
37.234786  92
37.247961  332
37.252166  65
37.256511  338
37.264861  63
37.291933  70
37.299377  292
37.339502  85
37.360357  77
37.371938  70
37.373711  339
37.376123  82
37.384213  342
37.462369  313
37.471838  76
37.484533  322
37.491769  94
37.506138  70
37.525291  73
37.540038  80
37.557177  92
37.566014  304
37.576896  85
37.604558  346
37.610396  320
37.615280  112
37.631681  343
37.648980  356
37.654798  72
37.694403  86
37.722604  105
37.724277  125
37.737752  323
37.746302  90
37.751107  102
37.753060  365
37.758898  87
37.767788  116
37.770400  111
37.786581  328
37.827361  375
37.834178  370
37.854843  113
37.884564  99
37.895306  124
37.901224  97
37.950637  119
37.969829  121
37.989379  356
37.995097  120
38.005125  129
38.016408  369
38.020733  115
38.039386  115
38.047736  109
38.095240  333
38.105423  333
38.145187  121
38.154037  117
38.169678  372
38.221964  378
38.268005  117
38.282553  361
38.323593  141
38.351779  105
38.358557  147
38.405001  117
38.406854  125
38.417776  336
38.421961  384
38.433444  130
38.449411  174
38.451663  386
38.456815  379
38.466759  123
38.479893  379
38.489223  119
38.509236  143
38.518585  123
38.535546  375
38.554378  389
38.559606  380
38.567026  161
38.575076  382
38.584045  419
38.585818  156
38.605550  416
38.609635  127
38.611328  376
38.627354  163
38.671666  405
38.705413  167
38.719001  138
38.737286  172
38.746117  178
38.750502  150
38.762378  177
38.793151  150
38.804772  166
38.813143  173
38.817108  369
38.833116  158
38.842173  399
38.854348  169
38.869715  368
38.875054  169
38.888288  414
38.889921  165
38.891714  150
38.905568  410
38.918164  155
38.963093  366
38.971403  152
38.994887  171
39.013280  408
39.027867  407
39.035283  150
39.043094  370
39.108185  406
39.142865  151
39.147789  392
39.160784  167
39.169574  167
39.174039  144
39.247005  370
39.258641  158
39.272175  367
39.296732  365
39.311699  166
39.313432  152
39.446008  371
39.447701  410
39.456431  160
39.462669  154
39.473151  158
39.487799  416
39.502113  169
39.521314  396
39.525299  411
39.567438  154
39.597460  176
39.611088  150
39.636803  177
39.649918  153
39.656835  154
39.681711  373
39.685776  168
39.705489  376
39.711327  407
39.718104  171
39.730139  376
39.738170  405
39.743374  156
39.752184  174
39.768284  160
39.793900  156
39.814766  162
39.816639  160
39.827921  158
39.843942  178
39.847687  161
39.868705  418
39.895536  423
39.899761  391
39.905279  170
39.917634  382
39.928636  171
39.932921  424
39.946575  178
39.963834  423
39.978222  415
39.995841  160
40.009275  156
40.015812  401
40.017965  154
40.034965  173
40.080607  151
40.139127  176
40.161705  176
40.166330  181
40.184977  408
40.196698  184
40.266677  165
40.280365  163
40.284020  379
40.326105  174
40.336487  425
40.351155  173
40.358311  423
40.367401  385
40.453407  167
40.474752  162
40.493624  176
40.497769  180
40.521307  157
40.525492  181
40.542352  176
40.549569  175
40.577352  185
40.593378  176
40.610279  417
40.630711  386
40.635196  423
40.655242  190
40.670908  427
40.672921  182
40.679778  193
40.681831  175
40.705574  164
40.719303  182
40.725301  167
40.748444  396
40.753229  196
40.757315  196
40.771223  185
40.782425  399
40.786490  197
40.791115  175
40.800065  189
40.806163  177
40.808355  405
40.817064  181
40.829699  405
40.833824  186
40.840561  190
40.848791  192
40.855449  188
40.860233  180
40.901310  176
40.910999  176
40.936330  195
40.944800  193
40.951877  171
40.964093  169
41.034765  194
41.038611  183
41.105658  200
41.114808  194
41.128816  187
41.136707  179
41.161476  178
41.177882  179
41.180055  177
41.233715  185
41.240172  194
41.242344  186
41.263664  186
41.265497  179
41.299198  184
41.305475  189
41.313325  192
41.323973  185
41.339800  186
41.357519  181
41.384169  179
41.404535  197
41.414283  173
41.426999  178
41.451730  197
41.461139  180
41.465124  180
41.521848  201
41.542394  196
41.548891  205
41.553695  190
41.557880  187
41.561426  182
41.582660  186
41.585252  186
41.596773  180
41.598386  199
41.634188  187
41.654061  191
41.663850  203
41.674693  187
41.693066  184
41.701496  193
41.708193  191
41.717003  199
41.752696  194
41.757081  194
41.761406  200
41.767764  198
41.785224  191
41.789289  204
41.839915  192
41.863413  203
41.921217  190
41.938797  194
42.000241  208
42.014434  206
42.020851  217
42.035379  208
42.045542  204
42.049807  228
42.057223  218
42.068405  195
42.076596  199
42.081381  221
42.106012  207
42.129174  205
42.137525  196
42.149326  197
42.151738  208
42.155584  213
42.178369  205
42.188399  208
42.190212  215
42.203546  191
42.213430  200
42.215702  203
42.217795  202
42.256566  207
42.291506  229
42.295731  221
42.301929  225
42.376352  218
42.391480  195
42.420336  218
42.430225  221
42.450017  225
42.486358  217
42.488171  226
42.514607  230
42.524231  229
42.539898  243
42.547215  220
42.555466  248
42.561504  235
42.568760  223
42.581894  217
42.586039  244
42.617683  237
42.625674  223
42.641340  240
42.650430  228
42.677379  226
42.696411  208
42.702129  243
42.704082  243
42.715164  240
42.722935  244
42.725167  239
42.736748  221
42.741053  236
42.744579  240
42.754388  238
42.756121  255
42.761779  228
42.768204  235
42.780879  238
42.801831  238
42.829880  237
42.854117  242
42.862018  243
42.872440  257
42.902575  221
42.916410  230
42.932118  234
42.958431  234
43.006678  244
43.030753  260
43.043507  255
43.052376  253
43.061984  245
43.065869  242
43.072227  241
43.074120  258
43.100588  242
43.125817  239
43.154104  254
43.190301  243
43.214578  238
43.217030  254
43.240140  239
43.260490  240
43.262323  245
43.273179  241
43.286933  243
43.291338  246
43.293810  245
43.303419  248
43.314461  243
43.323330  250
43.335111  246
43.337683  243
43.367176  243
43.375825  236
43.387087  242
43.431358  234
43.447184  234
43.456493  254
43.459879  232
43.466236  231
43.509548  252
43.511840  242
43.520035  249
43.533169  261
43.562900  253
43.564653  255
43.573413  247
43.590257  242
43.594462  235
43.603392  237
43.605824  235
43.613220  238
43.631358  234
43.661896  251
43.686977  238
43.750855  238
43.752768  238
43.760543  242
43.777487  237
43.779140  231
43.780713  248
43.786720  230
43.788433  233
43.794795  233
43.799284  232
43.807159  227
43.808732  220
43.811918  220
43.818455  205
43.839157  207
43.850359  206
43.861640  227
43.865805  221
43.869990  206
43.891223  196
43.931226  195
43.985962  201
43.999796  216
44.009818  209
44.012270  199
44.029530  193
44.030968  193
44.039938  180
44.052693  172
44.057038  171
44.078343  159
44.088886  144
44.093310  149
44.099408  148
44.106065  147
44.121791  146
44.124083  148
44.125796  143
44.146193  136
44.174734  131
44.184063  107
44.200691  114
44.225074  111
44.236436  109
44.246259  125
44.253215  111
44.254908  124
44.277531  105
44.320624  105
44.354149  101
44.382431  123
44.387076  116
44.410103  113
44.415801  105
44.421739  97
44.446216  98
44.455046  89
44.462442  97
44.468340  95
44.484869  93
44.523607  77
44.537755  82
44.564544  90
44.595365  92
44.599710  82
44.611172  108
44.648064  81
44.683603  83
44.718143  95
44.728726  94
44.738869  104
44.746006  99
44.770303  89
44.774168  83
44.810259  92
44.818729  108
44.821421  83
44.934168  88
44.961679  96
44.996168  92
45.017852  84
45.041189  88
45.050339  89
45.080534  94
45.089244  94
45.110377  89
45.115042  100
45.119007  108
45.123552  106
45.143545  99
45.154627  96
45.158952  100
45.181090  82
45.182743  103
45.190179  95
45.248684  102
45.337974  104
45.362411  110
45.366936  111
45.377618  101
45.409886  90
45.459539  96
45.471204  110
45.480214  103
45.491575  112
45.495960  106
45.499805  119
45.503111  101
45.505543  110
45.512720  99
45.552697  91
45.557122  102
45.579146  98
45.593434  101
45.640136  91
45.653231  95
45.672323  95
45.674256  96
45.680474  98
45.740150  117
45.745928  114
45.780507  93
45.789097  97
45.796194  97
45.864515  110
45.868440  119
45.881535  123
45.883308  116
45.893458  101
45.897783  116
45.904760  103
45.915863  107
45.927065  109
45.929078  97
45.950502  102
45.955007  105
45.976672  107
45.980837  102
45.993492  102
46.004715  108
46.068329  100
46.075840  111
46.111652  110
46.122175  114
46.126360  113
46.142688  110
46.157345  116
46.191472  106
46.196217  120
46.203074  123
46.215549  121
46.236295  111
46.257560  111
46.264337  126
46.281390  116
46.287488  120
46.292731  127
46.307320  131
46.313565  121
46.325860  121
46.332084  115
46.338681  127
46.346732  138
46.357495  135
46.389382  118
46.434632  142
46.467326  113
46.495208  121
46.506329  145
46.508402  121
46.528653  138
46.543540  148
46.547865  141
46.556275  139
46.564486  142
46.568891  140
46.603391  127
46.607896  137
46.633530  128
46.640007  135
46.670600  133
46.674925  145
46.689202  136
46.693827  136
46.702638  141
46.713980  137
46.715813  141
46.718085  148
46.729059  162
46.751836  149
46.754348  128
46.756401  148
46.761909  136
46.780727  138
46.817166  147
46.844929  145
46.898462  150
46.919766  151
46.924351  150
46.933221  157
46.945377  149
46.960784  151
46.980476  155
46.994405  158
47.000782  144
47.042194  144
47.061705  148
47.068162  161
47.072367  154
47.088014  153
47.098636  153
47.122726  150
47.131843  163
47.140293  153
47.155581  163
47.160346  157
47.203779  153
47.212329  160
47.250838  150
47.268497  158
47.304469  165
47.341814  167
47.353869  158
47.376273  163
47.385144  163
47.393163  148
47.395715  168
47.401993  162
47.408510  168
47.417540  166
47.426330  166
47.434640  166
47.437551  158
47.481583  158
47.487641  163
47.496391  168
47.527000  161
47.546631  158
47.548224  163
47.563691  175
47.580432  177
47.589741  161
47.595399  178
47.607304  185
47.626922  175
47.637405  182
47.644881  175
47.651099  169
47.657437  161
47.667940  185
47.669553  163
47.698874  168
47.714042  172
47.720479  168
47.742745  180
47.792223  169
47.809383  180
47.813568  189
47.828875  181
47.830888  176
47.841411  174
47.845456  172
47.861723  175
47.871811  180
47.883508  172
47.911877  169
47.947810  172
47.961304  174
47.974143  175
47.994374  183
48.005296  178
48.007469  186
48.019145  182
48.027000  195
48.040095  176
48.044420  202
48.053730  203
48.062540  185
48.073985  202
48.080742  193
48.086860  208
48.099615  204
48.116975  195
48.123732  184
48.136848  205
48.146157  180
48.152175  178
48.179358  187
48.190240  198
48.215870  191
48.244646  206
48.276754  201
48.286222  204
48.290387  210
48.313271  186
48.317476  194
48.319748  202
48.325547  203
48.339521  199
48.344106  203
48.346518  191
48.361046  178
48.367244  208
48.369776  194
48.384034  197
48.413250  207
48.421987  193
48.434922  195
48.465076  205
48.484329  214
48.490187  204
48.517010  206
48.523948  209
48.532698  209
48.542087  216
48.551097  210
48.555542  218
48.564492  216
48.577686  207
48.581911  221
48.602737  213
48.607461  203
48.614537  210
48.617049  201
48.646085  214
48.660433  211
48.700677  208
48.707114  219
48.729339  218
48.767539  216
48.827276  221
48.842484  212
48.854200  213
48.867994  224
48.876784  215
48.890219  208
48.911125  227
48.920254  219
48.967017  222
48.973855  224
49.007115  228
49.013058  221
49.017363  229
49.028385  226
49.045306  222
49.050734  221
49.058717  233
49.062743  228
49.069340  234
49.077571  229
49.098103  231
49.101808  230
49.108425  222
49.124012  221
49.145544  224
49.147257  233
49.215843  235
49.223603  239
49.236078  238
49.268266  222
49.274324  226
49.287319  237
49.308350  240
49.324078  242
49.325731  223
49.332488  233
49.341302  238
49.370113  224
49.374478  225
49.378883  232
49.396383  240
49.399849  228
49.410651  230
49.481137  231
49.495863  236
49.510117  233
49.518787  232
49.521818  242
49.530848  238
49.538444  250
49.563301  243
49.567586  244
49.569279  253
49.578208  249
49.586558  251
49.601465  249
49.606273  247
49.616716  243
49.618349  245
49.620082  234
49.647970  244
49.676011  242
49.700746  242
49.750913  247
49.787873  262
49.792417  242
49.794510  237
49.796902  243
49.803439  242
49.815309  243
49.831918  246
49.846050  240
49.850275  235
49.855139  229
49.859983  234
49.877068  229
49.881313  230
49.892782  241
49.994438  244
49.996171  232
50.036060  249
50.038013  250
50.047522  247
50.059897  245
50.064381  238
50.073810  240
50.078714  244
50.083099  249
50.096134  242
50.098626  246
50.173831  235
50.176842  237
50.182245  243
50.192647  238
50.204307  246
50.252144  245
50.315058  244
50.324487  243
50.348113  240
50.363860  244
50.373228  245
50.378312  244
50.389653  234
50.394397  232
50.396410  231
50.400775  238
50.406183  239
50.416865  242
50.418523  237
50.423272  230
50.452019  229
50.453577  228
50.475589  224
50.486036  223
50.490521  234
50.497338  223
50.513609  239
50.539297  238
50.549225  235
50.560866  234
50.563498  234
50.572727  228
50.575973  233
50.577566  232
50.606447  233
50.607905  232
50.621978  219
50.626263  214
50.634820  206
50.645469  211
50.662393  211
50.682770  209
50.723306  200
50.762033  203
50.763826  191
50.766298  190
50.769888  181
50.772560  185
50.776505  192
50.784955  177
50.794624  187
50.800562  164
50.802135  173
50.809850  167
50.828408  164
50.834966  159
50.842784  172
50.851054  161
50.857491  155
50.908324  151
50.915421  150
50.919886  162
50.935101  170
50.936674  156
50.960471  148
50.965290  163
50.971228  155
50.982869  146
50.991379  149
50.999909  160
51.012864  159
51.017409  146
51.019302  154
51.030524  151
51.046091  148
51.053008  139
51.058312  143
51.066643  133
51.077924  128
51.079717  127
51.107025  117
51.124305  97
51.128630  87
51.131202  89
51.135327  83
51.137320  83
51.149655  93
51.156652  76
51.161077  86
51.163250  83
51.176125  71
51.182203  69
51.186528  74
51.194439  68
51.197550  75
51.203208  65
51.235402  48
51.239627  45
51.244935  58
51.255617  54
51.268871  29
51.272317  44
51.278155  42
51.289816  34
51.293781  34
51.299799  34
51.312714  38
51.332806  44
51.339783  44
51.346580  43
51.375281  45
51.377913  49
51.383671  41
51.399278  53
51.440466  42
51.442139  41
51.453435  46
51.550363  38
51.588328  54
51.595205  66
51.605448  47
51.624320  44
51.626093  71
51.628106  50
51.644920  51
51.657815  36
51.662220  52
51.663933  48
51.670250  85
51.674655  56
51.683085  89
51.687190  91
51.691475  93
51.715112  59
51.729860  94
51.731773  83
51.751445  90
51.765693  93
51.819499  94
51.831595  45
51.835620  92
51.864130  86
51.868595  60
51.879018  78
51.880791  59
51.887908  86
51.897105  97
51.900831  73
51.920482  86
51.922415  82
51.933904  88
51.964079  93
51.977302  88
51.979235  92
51.996710  96
52.003487  100
52.030869  97
52.042965  88
52.054427  107
52.062797  117
52.069614  118
52.082650  122
52.089048  81
52.095926  91
52.108621  113
52.120836  102
52.127812  102
52.131797  81
52.134489  90
52.138734  107
52.167516  102
52.213618  112
52.240881  102
52.265378  112
52.300026  122
52.322671  97
52.326816  103
52.363248  112
52.369526  107
52.375444  111
52.379549  117
52.384214  109
52.394764  118
52.416250  104
52.425219  111
52.431617  118
52.435882  113
52.444892  119
52.453722  120
52.458507  129
52.460859  123
52.467257  129
52.471482  128
52.480692  104
52.484857  118
52.504109  108
52.512180  115
52.527254  121
52.533252  113
52.574435  121
52.594167  106
52.626516  130
52.636359  111
52.651546  131
52.658283  134
52.662828  129
52.667153  115
52.671258  134
52.677556  111
52.679828  115
52.686066  129
52.694956  120
52.700974  117
52.722725  117
52.738972  130
52.785373  121
52.800061  126
52.810624  122
52.817761  129
52.819993  133
52.835734  123
52.846795  124
52.851080  134
52.853193  135
52.862162  144
52.870313  146
52.892278  115
52.914956  147
52.916569  130
52.927990  132
52.932435  137
52.936980  142
52.939013  130
52.945470  124
52.953900  135
52.969027  143
52.986487  136
53.010352  124
53.040686  144
53.045411  148
53.049936  131
53.077718  144
53.079311  133
53.090712  146
53.092824  125
53.103527  148
53.111937  125
53.116362  137
53.124632  136
53.130670  149
53.158812  141
53.166962  138
53.205335  143
53.207228  139
53.213805  140
53.220022  145
53.223788  140
53.243050  145
53.245402  149
53.247175  145
53.276439  137
53.291534  149
53.295699  150
53.297292  159
53.301517  160
53.309707  169
53.316344  165
53.317997  172
53.322742  140
53.333285  170
53.352518  145
53.367205  145
53.374322  153
53.381558  159
53.383451  141
53.391267  147
53.394933  167
53.432759  153
53.447546  141
53.485557  172
53.493547  154
53.515919  146
53.517832  162
53.521737  170
53.540517  151
53.548748  161
53.552653  143
53.558831  145
53.565468  172
53.573938  162
53.585048  168
53.607846  186
53.614064  187
53.637961  171
53.677300  176
53.688302  185
53.698892  161
53.707222  170
53.721117  186
53.730486  178
53.738836  168
53.740609  189
53.745254  183
53.753664  194
53.757849  178
53.764266  187
53.769031  185
53.770644  189
53.774949  193
53.789876  196
53.795614  165
53.799739  196
53.812263  165
53.833948  185
53.839326  192
53.842492  172
53.849549  171
53.851362  190
53.856366  191
53.903850  188
53.917504  163
53.927967  196
53.932672  167
53.975070  189
53.998116  195
54.017945  198
54.039590  173
54.043695  199
54.052145  190
54.062828  194
54.079528  206
54.084113  205
54.161851  196
54.177698  197
54.182303  190
54.191516  197
54.193309  200
54.204830  198
54.219577  203
54.232812  209
54.241342  213
54.247280  209
54.253717  211
54.259715  213
54.266751  218
54.271915  196
54.278412  223
54.288535  196
54.312293  224
54.328886  205
54.336183  208
54.337916  216
54.344853  219
54.346886  201
54.359261  203
54.366592  218
54.398559  208
54.428134  196
54.440470  222
54.444835  218
54.454898  224
54.470305  212
54.485133  203
54.502173  204
54.506298  215
54.536612  209
54.563864  214
54.582063  205
54.595781  205
54.599607  214
54.640736  213
54.649506  221
54.654450  207
54.676508  216
54.678800  222
54.683345  220
54.685278  210
54.720137  214
54.726974  221
54.728547  211
54.730859  217
54.733051  216
54.741102  209
54.764660  219
54.783580  224
54.806304  227
54.830495  221
54.864041  221
54.906211  217
54.913228  225
54.921878  217
54.951934  224
54.958911  215
54.990025  210
54.993471  219
55.022034  215
55.028331  213
55.060798  208
55.077618  205
55.090113  212
55.113071  204
55.117196  195
55.126926  213
55.159153  203
55.167543  203
55.181459  222
55.183432  202
55.207169  211
55.208742  208
55.213367  200
55.228634  217
55.241949  201
55.246134  213
55.253945  203
55.260662  212
55.285891  194
55.292982  204
55.297207  201
55.308248  197
55.323095  204
55.342827  203
55.393348  210
55.471243  208
55.483878  208
55.498726  204
55.514813  207
55.531293  205
55.607121  206
55.618383  210
55.624820  209
55.627013  211
55.639728  210
55.663325  214
55.673495  213
55.688230  210
55.694927  204
55.699372  212
55.703577  220
55.707902  225
55.711787  214
55.716052  225
55.720417  220
55.726475  224
55.733012  204
55.736997  226
55.745527  222
55.750011  225
55.787983  220
55.795659  222
55.803909  220
55.808194  209
55.821369  223
55.825594  213
55.827787  210
55.840421  228
55.846819  220
55.871004  227
55.877282  227
55.892673  206
55.918682  230
55.949777  219
55.957647  235
55.971203  232
55.990455  211
56.002971  222
56.009269  220
56.051499  219
56.060029  210
56.068539  218
56.094769  216
56.098635  208
56.114562  208
56.118807  220
56.158091  216
56.168593  213
56.178936  223
56.187706  224
56.210044  223
56.221365  224
56.225970  219
56.234128  224
56.243038  226
56.282319  209
56.288657  210
56.309065  226
56.324053  228
56.337047  222
56.348189  233
56.379737  220
56.408079  226
56.427491  232
56.438793  230
56.453780  236
56.485563  226
56.494593  222
56.507668  224
56.523998  229
56.559265  230
56.606110  221
56.621277  226
56.629907  231
56.639910  228
56.651132  234
56.652885  218
56.677602  230
56.695568  232
56.698280  239
56.710061  242
56.716958  244
56.727128  245
56.737675  247
56.749997  247
56.758926  247
56.795550  231
56.807266  232
56.814023  234
56.823192  234
56.829669  238
56.835132  239
56.844861  239
56.855463  224
56.873888  241
56.892686  241
56.914704  226
56.930834  230
56.932407  243
56.963807  237
56.971047  247
57.007782  244
57.011168  232
57.036563  237
57.095365  241
57.134206  244
57.139270  234
57.164604  243
57.168949  243
57.177239  233
57.182223  237
57.184715  226
57.189759  236
57.197955  238
57.202080  233
57.206749  235
57.209101  239
57.219489  233
57.221741  237
57.223279  235
57.224777  219
57.226929  211
57.239269  222
57.246665  210
57.264049  187
57.283785  200
57.286437  199
57.288669  200
57.291181  189
57.293873  197
57.298697  194
57.300610  187
57.310458  181
57.321719  190
57.326663  184
57.348819  187
57.372575  186
57.374927  185
57.384016  181
57.386688  180
57.403128  167
57.437995  160
57.440467  155
57.452775  163
57.469739  156
57.474064  159
57.482019  158
57.507033  159
57.516501  149
57.548492  147
57.550325  156
57.558455  140
57.576487  143
57.604028  128
57.606160  122
57.607733  121
57.610804  126
57.615039  120
57.624707  123
57.661879  108
57.663872  98
57.675119  109
57.680982  111
57.705758  90
57.728925  72
57.752853  72
57.780255  43
57.791184  49
57.821853  45
57.836446  41
57.840431  38
57.857656  40
57.863274  40
57.866760  31
57.912221  38
57.914653  37
57.916526  41
57.918219  33
57.927628  39
57.933326  37
57.952779  15
57.955191  21
57.960035  20
57.964240  21
57.973210  24
57.995194  21
58.004943  21
58.017718  17
58.033763  11
58.051522  0
58.064777  0
58.095611  5
58.109605  0
58.124872  0
58.135775  0
58.183289  1
58.187434  2
58.203164  11
58.232359  8
58.234352  9
58.238257  9
58.241583  0
58.273196  0
58.284617  2
58.298355  7
58.313041  5
58.412119  8
58.428245  11
58.445845  2
58.456268  13
58.473928  21
58.496306  11
58.500671  11
58.509381  13
58.515686  14
58.520131  28
58.540422  26
58.547359  8
58.568464  25
58.640376  4
58.647393  5
58.651618  9
58.664494  28
58.709262  30
58.711574  7
58.721438  28
58.738498  29
58.762604  32
58.766609  35
58.788493  19
58.801488  26
58.808725  32
58.814783  36
58.821400  32
58.839009  24
58.842395  43
58.846760  13
58.848773  27
58.878414  27
58.883059  36
58.891609  45
58.901959  41
58.917525  32
58.943059  35
58.960159  32
58.965897  37
59.004661  28
59.012592  38
59.017716  38
59.028985  44
59.068317  37
59.083605  41
59.094655  51
59.101512  52
59.120265  38
59.124190  39
59.147248  55
59.153885  51
59.157810  54
59.162235  39
59.168533  55
59.184654  40
59.199781  41
59.201654  47
59.216581  52
59.224432  53
59.268082  45
59.286361  42
59.297483  43
59.329670  46
59.341751  48
59.346396  49
59.381915  52
59.402067  52
59.410897  56
59.415542  52
59.424032  61
59.430836  59
59.451331  51
59.466365  53
59.467958  57
59.483545  48
59.485518  69
59.500126  50
59.504291  49
59.508596  69
59.517326  53
59.522071  53
59.538499  55
59.547089  55
59.548922  61
59.559485  65
59.581388  52
59.614875  64
59.622885  53
59.631216  55
59.638552  58
59.687194  59
59.689387  65
59.698856  58
59.707246  63
59.728652  70
59.732817  63
59.758268  70
59.781665  79
59.786070  80
59.792088  80
59.799245  65
59.809948  74
59.816525  76
59.823581  69
59.840551  82
59.849720  84
59.853965  64
59.856158  65
59.892931  62
59.899388  81
59.908058  79
59.916908  83
59.941185  65
59.957011  69
59.965082  64
59.985175  74
