# t(s) QueuingDelay(ms)
10.185742  3
10.207167  0
10.221835  13
10.239394  21
10.241127  7
10.252249  23
10.257747  10
10.270842  15
10.276491  24
10.288077  25
10.298706  29
10.302591  41
10.308334  39
10.332292  20
10.343994  27
10.361134  70
10.378314  71
10.391782  46
10.411717  12
10.424632  63
10.438786  85
10.440479  18
10.464961  40
10.467113  75
10.479488  81
10.481281  40
10.492383  60
10.496388  81
10.502585  68
10.509163  133
10.531028  88
10.567777  113
10.577746  68
10.602456  146
10.604029  71
10.613298  117
10.619436  156
10.621109  99
10.639248  166
10.653615  190
10.667988  105
10.687190  111
10.689063  191
10.701769  191
10.706294  139
10.723313  141
10.737361  215
10.739094  198
10.745951  245
10.749876  152
10.767715  221
10.771940  159
10.800836  226
10.803268  13
10.826019  14
10.834709  249
10.840648  313
10.842820  168
10.851170  269
10.862492  170
10.864265  341
10.888915  195
10.896686  194
10.900551  293
10.919968  317
10.936094  31
10.951181  419
10.952814  323
10.968281  430
10.969994  39
10.976352  365
10.980517  195
10.987214  455
11.006626  385
11.009178  200
11.011071  69
11.031423  90
11.044943  208
11.047395  499
11.073555  227
11.075488  105
11.092209  241
11.107216  261
11.116045  0
11.131127  431
11.137784  432
11.139757  273
11.158356  442
11.166307  107
11.171511  284
11.181994  287
11.190943  299
11.197061  294
11.207704  290
11.238519  450
11.240352  147
11.248509  62
11.259271  480
11.268687  306
11.280863  180
11.284908  310
11.322484  503
11.324956  484
11.329041  77
11.340142  324
11.341875  514
11.346799  192
11.369003  324
11.375844  335
11.383899  217
11.386551  371
11.399866  221
11.414794  227
11.417066  131
11.429901  501
11.442216  503
11.457583  494
11.470079  382
11.477130  363
11.487992  155
11.511769  159
11.530162  657
11.548181  367
11.558803  177
11.581746  495
11.585492  662
11.599972  237
11.605910  0
11.615943  702
11.623079  374
11.630615  707
11.639045  374
11.667117  689
11.678318  501
11.689900  420
11.710112  429
11.718122  329
11.723585  538
11.726991  453
11.759482  561
11.762154  333
11.767113  467
11.782000  699
11.794939  237
11.796792  483
11.819290  710
11.830711  245
11.841553  355
11.844185  495
11.858913  653
11.872407  532
11.881018  385
11.883191  672
11.887036  622
11.893593  548
11.906728  260
11.910933  758
11.912806  583
11.928506  760
11.931018  401
11.933430  603
11.943913  604
11.955554  612
11.963764  367
11.975206  623
11.986528  24
11.995198  591
11.999283  444
12.004168  774
12.029805  788
12.038235  468
12.039888  381
12.056908  793
12.060653  495
12.070447  801
12.090365  524
12.106946  425
12.114222  640
12.124905  817
12.137168  822
12.139820  27
12.141653  648
12.150183  437
12.162398  831
12.179338  59
12.192080  668
12.202937  232
12.205189  611
12.210013  678
12.220121  621
12.226779  244
12.238580  694
12.245098  521
12.276012  634
12.280796  634
12.286140  705
12.287933  634
12.297302  843
12.311909  897
12.313782  727
12.387941  911
12.400297  923
12.416103  638
12.433463  723
12.438921  933
12.448924  640
12.459261  648
12.466278  440
12.523076  721
12.543921  649
12.559807  939
12.578660  946
12.596159  982
12.609414  654
12.637476  652
12.639649  667
12.654726  460
12.665508  542
12.707878  244
12.789332  555
12.800114  487
12.837746  652
12.848708  255
12.892278  265
12.905793  696
12.908265  667
12.926245  743
12.930870  298
12.943185  840
12.984642  592
12.992632  768
12.997256  697
13.020461  309
13.059956  8
13.095035  511
13.110584  821
13.119893  19
13.136865  703
13.171585  709
13.174117  701
13.176349  612
13.189963  621
13.244241  515
13.258155  535
13.298429  22
13.329496  575
13.337295  570
13.344514  511
13.346087  560
13.376496  273
13.385325  552
13.389970  517
13.402886  550
13.409424  487
13.462947  483
13.477435  529
13.482000  471
13.491973  524
13.493726  251
13.504408  524
13.509272  240
13.523339  233
13.534840  616
13.546433  510
13.551058  608
13.554744  230
13.563094  601
13.564787  229
13.576209  609
13.591022  600
13.606189  501
13.610194  228
13.655646  611
13.686904  508
13.692942  0
13.703865  608
13.708030  603
13.712295  600
13.716980  599
13.734420  459
13.736453  597
13.763426  7
13.776321  614
13.782459  623
13.806900  510
13.812978  623
13.817682  518
13.824359  524
13.832230  527
13.849669  534
13.876626  535
13.903242  12
13.928736  471
13.933061  13
13.939239  498
13.949521  33
13.964745  506
13.985212  511
13.995420  12
14.002017  518
14.035337  13
14.062307  599
14.064300  541
14.071097  564
14.076755  598
14.078388  534
14.086144  548
14.098051  551
14.099744  609
14.125222  609
14.129287  241
14.149838  553
14.154682  282
14.163372  610
14.179139  337
14.186296  554
14.206802  566
14.235410  616
14.250038  597
14.260281  625
14.284297  634
14.296893  644
14.326575  17
14.345048  627
14.351672  341
14.354364  616
14.369043  750
14.407469  362
14.421103  366
14.440535  374
14.462440  752
14.486357  757
14.492475  608
14.500111  19
14.508801  695
14.512746  742
14.519423  70
14.521895  599
14.531778  738
14.536163  730
14.544873  154
14.557908  167
14.564226  170
14.579912  566
14.608025  35
14.633524  37
14.651723  79
14.669463  123
14.678952  129
14.699068  391
14.714215  136
14.784434  162
14.805979  24
14.810344  597
14.823598  635
14.839125  657
14.844583  92
14.883279  621
14.956777  140
14.997214  630
15.018499  637
15.021211  679
15.035440  681
15.059977  684
15.091946  401
15.097050  676
15.103048  673
15.126105  412
15.155720  97
15.162278  416
15.169375  671
15.179957  758
15.190384  427
15.203500  681
15.246169  430
15.263252  432
15.335152  683
15.385058  813
15.439602  477
15.494373  486
15.535615  213
15.537668  526
15.546937  155
15.571414  472
15.579310  334
15.626744  357
15.634915  156
15.647630  202
15.661404  116
15.665289  392
15.692452  407
15.731974  321
15.734774  132
15.762596  177
15.806839  179
15.865536  216
15.912425  700
15.944161  257
15.946553  484
15.972604  500
15.975096  703
15.994049  503
16.009956  515
16.015794  721
16.033242  525
16.037986  782
16.067055  91
16.080090  707
16.084315  110
16.086687  182
16.099323  755
16.108572  777
16.110744  713
16.129353  740
16.131945  818
16.153759  530
16.179409  747
16.189258  531
16.224836  91
16.238390  535
16.261529  549
16.278969  786
16.310603  568
16.361335  901
16.580709  281
16.635417  338
16.642576  5
16.657943  372
16.667747  378
16.674184  610
16.680782  333
16.698922  14
16.754352  206
16.759580  343
16.807888  82
16.832345  87
16.840934  515
16.857706  518
16.866935  236
16.877637  360
16.898427  88
16.908082  121
16.910953  199
16.919532  551
16.922683  791
16.955774  621
16.976443  632
17.007755  796
17.037021  95
17.052168  835
17.057846  620
17.061851  201
17.113998  680
17.139698  766
17.148767  101
17.152952  655
17.155504  684
17.174376  905
17.212097  816
17.222424  126
17.241660  810
17.243293  929
17.257286  174
17.270580  829
17.295464  198
17.390459  939
17.399448  8
17.408277  774
17.458824  916
17.460976  988
17.464901  9
17.499387  380
17.501000  808
17.553246  720
17.579411  143
17.586588  358
17.597729  808
17.617080  153
17.659985  30
17.688830  830
17.702548  147
17.734148  932
17.803506  389
17.807651  316
17.814348  403
17.828679  439
17.839920  419
17.849408  447
17.851501  413
17.885514  319
17.895122  360
17.923439  88
17.926989  381
17.941202  359
17.945367  201
17.960578  885
17.981268  616
18.019991  887
18.041566  86
18.043259  83
18.044872  374
18.047564  83
18.055834  882
18.061157  193
18.071359  876
18.084817  824
18.108598  374
18.113821  373
18.124268  192
18.137766  185
18.141112  359
18.142705  179
18.145057  145
18.146630  356
18.187614  818
18.211487  977
18.221195  815
18.223627  153
18.232735  154
18.248281  919
18.279293  113
18.288322  159
18.312437  118
18.324657  188
18.353022  200
18.370613  196
18.400406  993
18.409495  48
18.415393  988
18.423343  925
18.440307  45
18.453346  965
18.474974  38
18.483056  956
18.490412  359
18.504514  32
18.508423  32
18.521237  30
18.524643  25
18.531499  359
18.540368  358
18.542021  357
18.551989  113
18.558131  348
18.560743  326
18.594155  331
18.603543  125
18.605855  332
18.625687  129
18.643378  336
18.644951  24
18.656297  337
18.657950  22
18.665186  336
18.666879  335
18.672442  334
18.675653  331
18.683073  124
18.688296  121
18.691527  331
18.694159  120
18.695832  328
18.698643  350
18.703667  346
18.706299  325
18.718231  324
18.723035  116
18.732843  323
18.739999  345
18.741812  344
18.779071  279
18.780804  278
18.782377  323
18.785408  324
18.788040  346
18.790392  326
18.795316  326
18.797009  346
18.805004  347
18.810747  171
18.829164  347
18.833409  281
18.839232  283
18.846968  283
18.865445  287
18.872322  287
18.876072  328
18.883875  285
18.886547  284
18.890492  327
18.893543  59
18.895136  283
18.896869  169
18.898542  57
18.919945  327
18.926701  347
18.933818  341
18.942487  849
18.953173  578
18.955206  323
18.970277  317
19.010655  51
19.034065  166
19.036577  849
19.043234  43
19.046385  783
19.054081  780
19.060043  147
19.062016  327
19.074376  144
19.101615  116
19.115907  327
19.117500  329
19.119852  117
19.121485  116
19.152936  330
19.154669  115
19.159553  103
19.161965  99
19.218296  121
19.222261  120
19.226466  98
19.239448  120
19.259495  120
19.264339  123
19.269423  126
19.272809  126
19.279191  125
19.286467  124
19.310847  123
19.335321  0
19.344884  887
19.349708  895
19.381209  264
19.407925  1
19.418447  2
19.423291  5
19.446283  274
19.450088  275
19.451741  43
19.453554  41
19.455906  270
19.461589  37
19.474428  36
19.484707  35
19.487419  34
19.489551  29
19.497901  256
19.509328  27
19.522861  0
19.526966  250
19.539041  0
19.551301  226
19.555506  225
19.574522  208
19.576335  208
19.581638  207
19.595580  207
19.599665  203
19.613830  141
19.616202  201
19.622030  198
19.626155  194
19.628767  12
19.633531  189
19.666713  0
19.668306  0
19.687981  341
19.729661  572
19.740083  507
19.767310  0
19.840450  7
19.877678  0
19.895137  0
19.901698  1
19.905104  0
19.936294  2
19.952558  2
19.961961  0
20.012342  633
20.018120  650
20.039236  10
20.061743  6
20.063336  3
20.085150  3
20.097178  1
20.160831  0
20.223174  0
20.246639  0
20.292909  212
20.317268  467
20.335186  416
20.403832  0
20.461851  0
20.468987  1
20.471479  1
20.476638  0
20.512947  0
20.514620  0
20.520807  2
20.522440  1
20.525052  0
20.538485  491
20.546061  508
20.617370  0
20.629690  505
20.643610  2
20.645762  4
20.647575  3
20.668659  0
20.676270  0
20.759796  71
20.785070  345
20.789814  3
20.792206  342
20.796890  282
20.815586  12
20.818138  12
20.832170  0
20.834582  0
20.836814  0
20.912066  3
20.929091  5
20.931563  7
20.936507  8
20.941311  17
20.954105  17
20.964247  13
20.975928  13
20.996977  420
21.035748  0
21.041826  0
21.047010  0
21.075531  432
21.091541  0
21.093194  0
21.094767  0
21.143022  420
21.155143  0
21.169475  0
21.256008  0
21.280644  348
21.282517  5
21.286762  15
21.289314  30
21.290967  30
21.297843  7
21.300295  21
21.302947  21
21.306802  22
21.314577  23
21.317009  24
21.321824  24
21.324476  24
21.327068  24
21.361336  17
21.363508  13
21.365501  20
21.386500  8
21.424430  300
21.428975  239
21.465192  376
21.536391  0
21.595844  365
21.675733  37
21.680737  35
21.691793  0
21.716308  9
21.725317  0
21.732593  13
21.740144  2
21.741857  3
21.743490  2
21.758117  2
21.760329  2
21.833631  4
21.840208  21
21.939247  1
21.947996  37
21.970266  2
21.979715  5
21.995401  10
22.003858  107
22.012947  99
22.038862  48
22.081173  53
22.115739  110
22.120831  163
22.123383  158
22.125476  157
22.174419  312
22.241479  314
22.249084  37
22.253129  136
22.263692  61
22.269897  414
22.274202  20
22.276874  117
22.279266  38
22.283631  59
22.286243  116
22.287936  115
22.298888  116
22.323029  110
22.428948  32
22.444650  105
22.451767  109
22.469946  104
22.501386  135
22.514641  113
22.523830  162
22.527136  107
22.534707  381
22.552595  488
22.556700  540
22.559372  113
22.571134  116
22.575159  166
22.584648  162
22.617296  159
22.619349  163
22.641038  137
22.655366  164
22.659511  113
22.683092  173
22.686638  125
22.694213  176
22.701524  176
22.707741  178
22.748470  143
22.751901  376
22.761834  154
22.800129  143
22.821299  152
22.830109  165
22.838259  420
22.844437  427
22.846470  185
22.853387  436
22.857572  179
22.863989  119
22.870626  131
22.875111  148
22.881728  152
22.884280  155
22.886872  156
22.889564  160
22.897000  157
22.908282  152
22.915019  186
22.928095  17
22.969754  84
22.993811  508
22.999589  316
23.032575  115
23.044076  121
23.063513  165
23.093052  463
23.114458  369
23.145611  551
23.148203  551
23.152667  227
23.176150  180
23.212851  188
23.218509  227
23.232018  241
23.255072  208
23.256825  187
23.283545  188
23.295730  191
23.302327  190
23.305458  250
23.319233  209
23.321086  263
23.384025  380
23.473463  166
23.508822  249
23.526375  155
23.534266  168
23.538171  189
23.561993  199
23.564365  332
23.578253  277
23.583217  500
23.593364  243
23.597529  553
23.601655  184
23.606539  254
23.619854  303
23.622206  306
23.624398  308
23.643084  273
23.646929  428
23.651594  311
23.661203  316
23.670012  317
23.681034  325
23.728289  118
23.750859  536
23.766165  327
23.781156  171
23.820568  177
23.834581  215
23.842252  279
23.860730  290
23.867188  323
23.878350  612
23.894177  341
23.915761  440
23.942228  234
23.955702  246
23.958928  600
23.976526  411
23.986709  251
24.004588  257
24.017763  329
24.020375  600
24.024980  606
24.042854  790
24.047953  412
24.070687  354
24.090691  614
24.106837  354
24.118358  281
24.139248  286
24.143633  360
24.187268  303
24.192092  352
24.208145  337
24.212969  412
24.224350  410
24.251797  588
24.308922  387
24.328774  617
24.342548  335
24.345120  354
24.349565  395
24.353930  652
24.364592  354
24.367663  505
24.419273  517
24.445889  347
24.470149  133
24.483723  165
24.497185  347
24.524008  680
24.534078  288
24.551636  293
24.553429  328
24.629465  392
24.643901  321
24.651676  567
24.677339  332
24.691532  594
24.696256  388
24.700561  386
24.719735  378
24.724738  761
24.726551  759
24.748374  713
24.807171  377
24.833146  378
24.851464  396
24.878306  391
24.890510  383
24.893776  592
24.909466  379
24.913611  387
24.930156  330
24.960430  378
25.015433  759
25.020377  378
25.022010  733
25.049317  366
25.055654  364
25.059619  648
25.079395  381
25.089982  377
25.142991  392
25.167898  650
25.197883  706
25.287640  300
25.295895  299
25.326437  368
25.357459  384
25.365514  322
25.367387  316
25.371352  315
25.377130  312
25.399242  363
25.401834  299
25.404346  293
25.407337  305
25.408036  304
25.410947  293
25.415911  293
25.428450  556
25.430163  338
25.448948  326
25.451520  336
25.453133  713
25.469187  712
25.496035  332
25.508809  342
25.548183  354
25.562136  338
25.563989  344
25.585146  715
25.626858  550
25.646295  348
25.647833  348
25.669277  686
25.680378  326
25.684643  315
25.712855  690
25.719991  309
25.724036  310
25.728061  666
25.750224  571
25.785351  304
25.798465  301
25.803249  558
25.807733  297
25.817343  297
25.818976  553
25.828214  297
25.835390  553
25.846392  552
25.859989  637
25.875362  169
25.877894  167
25.880006  164
25.880985  154
25.887422  531
25.894658  174
25.917281  97
25.943562  153
25.947887  523
25.950379  96
25.954904  151
25.981341  374
25.983873  373
26.012774  139
26.023457  127
26.026109  127
26.045840  483
26.049246  123
26.056362  116
26.058794  132
26.066784  114
26.078586  111
26.105134  116
26.112690  44
26.123752  318
26.174608  100
26.182723  93
26.208356  482
26.218788  109
26.224491  461
26.244981  373
26.277246  473
26.278879  115
26.285456  109
26.288962  364
26.293087  363
26.300663  361
26.305411  361
26.321721  440
26.335454  5
26.360913  439
26.367920  78
26.396105  34
26.400170  82
26.401763  32
26.416311  82
26.420376  25
26.429425  17
26.449496  289
26.458246  77
26.467735  70
26.472020  66
26.488048  71
26.512085  432
26.525220  73
26.554150  88
26.572916  89
26.598052  284
26.609074  88
26.642298  68
26.651147  60
26.673251  449
26.688917  427
26.702371  337
26.741430  85
26.779595  14
26.846749  68
26.859863  19
26.879655  8
26.912362  60
26.914335  273
26.927569  10
26.969127  70
26.971559  73
26.984328  68
27.016981  75
27.040181  85
27.061637  71
27.093349  53
27.110722  48
27.121944  434
27.145128  422
27.160853  333
27.187441  62
27.202739  79
27.237663  9
27.246952  437
27.260366  434
27.336035  19
27.353893  10
27.380542  12
27.407050  14
27.440976  73
27.462648  74
27.476382  83
27.571292  20
27.691386  335
27.734499  9
27.736312  85
27.775946  430
27.833746  25
27.843135  14
27.868865  82
27.872931  71
27.886065  25
27.893796  277
27.931808  83
27.934000  350
27.940298  439
27.944363  84
27.946356  441
27.948449  84
27.957758  91
27.993790  94
28.009876  81
28.027776  48
28.037739  34
28.049260  0
28.053485  425
28.073418  412
28.077883  407
28.082428  305
28.092951  28
28.101681  36
28.114136  54
28.129424  415
28.149135  411
28.176263  58
28.182800  49
28.216604  2
28.277425  4
28.297556  8
28.302201  13
28.330863  10
28.334948  272
28.345770  264
28.376186  50
28.409632  53
28.500273  4
28.543845  413
28.589768  310
28.631019  419
28.665719  20
28.720196  415
28.745271  9
28.756812  24
28.768114  39
28.778637  19
28.785294  46
28.802325  48
28.843524  73
28.853476  66
28.869421  101
28.875419  437
28.883829  74
28.894291  59
28.896184  328
28.903401  104
28.915936  108
28.919271  429
28.944206  83
28.964198  48
28.966191  78
28.973862  60
28.982951  93
28.987056  61
28.991681  51
29.022755  60
29.036529  447
29.042328  74
29.044940  430
29.058714  335
29.065332  452
29.077867  75
29.097738  442
29.133690  447
29.146512  485
29.161079  123
29.177664  82
29.190438  68
29.222905  467
29.236453  451
29.248234  85
29.260730  93
29.281602  61
29.284234  73
29.292504  126
29.301314  112
29.308825  381
29.310918  74
29.314903  66
29.349383  77
29.354722  67
29.356495  130
29.372150  111
29.378168  316
29.390218  119
29.403693  123
29.421926  125
29.423579  120
29.430076  392
29.444169  93
29.445862  468
29.470957  126
29.476181  474
29.495694  131
29.500159  112
29.514303  128
29.518288  109
29.523252  68
29.554046  101
29.575499  500
29.587480  393
29.593618  328
29.621381  491
29.625126  124
29.626899  125
29.633257  492
29.687461  515
29.708894  138
29.733821  82
29.763345  116
29.777572  481
29.794597  102
29.803865  103
29.814128  69
29.825090  73
29.847115  101
29.853812  89
29.859570  99
29.872525  92
29.876530  133
29.906412  145
29.909044  334
29.917594  141
29.924092  339
29.930990  138
29.957803  127
29.965140  144
29.969425  400
29.994037  107
29.995650  499
30.008969  123
30.013454  150
30.037416  145
30.048797  129
30.055235  159
30.057927  96
30.062631  132
30.064324  96
30.110346  514
30.129921  406
30.139889  498
30.145172  414
30.156753  143
30.168034  515
30.170047  141
30.184460  160
30.190218  160
30.208176  95
30.267290  135
30.316777  150
30.343224  521
30.351299  350
30.355285  134
30.362242  145
30.387830  113
30.395087  115
30.405809  116
30.412087  115
30.428113  114
30.466050  360
30.502570  145
30.513731  147
30.602362  163
30.604714  104
30.613831  149
30.627904  102
30.635280  502
30.650172  521
30.667292  362
30.682003  504
30.688880  416
30.704386  141
30.707018  144
30.713315  516
30.732871  158
30.735004  414
30.746865  96
30.759979  513
30.786107  144
30.794401  156
30.799046  94
30.812999  154
30.819876  154
30.823262  124
30.842893  133
30.850164  502
30.855767  485
30.857420  481
30.859672  501
30.861904  102
30.874883  119
30.879128  78
30.891088  70
30.909946  76
30.928565  74
30.956471  129
30.960696  502
30.963048  126
30.966893  497
30.979847  334
30.987622  151
31.017541  132
31.025491  135
31.027204  134
31.031309  133
31.036237  129
31.049757  132
31.051490  129
31.053443  402
31.074591  135
31.090897  126
31.106104  122
31.108117  120
31.110269  59
31.115513  108
31.138156  69
31.143854  469
31.153182  487
31.168528  322
31.179023  384
31.193257  381
31.198895  107
31.210221  112
31.214206  112
31.216638  481
31.231311  123
31.236036  379
31.247637  61
31.289257  109
31.296995  56
31.310829  53
31.313001  85
31.337796  101
31.340128  101
31.341741  475
31.346965  457
31.362646  94
31.366911  52
31.372509  94
31.383503  49
31.407698  45
31.413516  37
31.428228  54
31.431459  57
31.450998  101
31.457175  100
31.459627  53
31.461480  476
31.470469  53
31.475193  317
31.484671  316
31.487183  118
31.513586  102
31.524434  108
31.541419  97
31.544051  370
31.546503  369
31.549215  96
31.554559  84
31.563891  94
31.566363  105
31.578738  110
31.594425  105
31.603494  94
31.607180  43
31.620634  45
31.634003  459
31.639646  292
31.648340  458
31.657010  356
31.659222  355
31.661335  347
31.667672  76
31.676709  75
31.682047  441
31.692949  83
31.696734  339
31.698487  339
31.700779  82
31.709489  20
31.736412  440
31.746101  63
31.747754  10
31.761502  43
31.788131  54
31.792216  434
31.794349  413
31.800886  42
31.809456  6
31.811708  55
31.832746  6
31.839163  4
31.871155  66
31.880024  8
31.882157  10
31.886822  13
31.890148  69
31.891721  9
31.907707  425
31.913525  3
31.920122  266
31.930964  64
31.958785  40
31.964803  399
31.974412  309
31.975985  17
31.978297  407
31.984795  35
31.996660  38
32.016085  0
32.039107  0
32.054614  404
32.060832  393
32.071874  289
32.074426  14
32.076858  373
32.081103  9
32.085228  268
32.118214  365
32.153256  0
32.175169  0
32.180772  350
32.182745  371
32.191655  5
32.203177  0
32.249998  0
32.277767  258
32.286218  358
32.298234  199
32.309796  1
32.340670  339
32.363881  0
32.436240  368
32.454359  0
32.461970  0
32.468207  0
32.474645  0
32.534449  358
32.632675  1
32.635961  12
32.642658  10
32.648756  8
32.655413  8
32.663064  356
32.670020  0
32.674285  195
32.716774  339
32.830682  370
32.864089  260
32.915390  362
32.959278  369
33.020308  5
33.031030  0
33.048250  7
33.085889  262
33.091708  7
33.100298  13
33.189716  2
33.259099  25
33.260912  15
33.272308  263
33.294631  382
33.320721  386
33.331184  18
33.361640  2
33.372662  374
33.374715  349
33.385838  20
33.392855  378
33.399333  10
33.403917  7
33.410594  390
33.412307  7
33.424463  23
33.447026  16
33.451151  26
33.470224  37
33.500738  37
33.536158  30
33.540263  374
33.562487  20
33.566872  5
33.573873  375
33.616178  29
33.632505  29
33.634238  397
33.672464  281
33.683586  285
33.694109  31
33.696761  391
33.714640  43
33.718565  208
33.728793  411
33.752850  411
33.797607  7
33.812255  376
33.817214  34
33.831487  28
33.833999  410
33.839083  28
33.850484  29
33.863499  53
33.885064  32
33.902444  54
33.926187  60
33.943467  219
33.945580  52
33.965313  65
34.005124  28
34.011642  32
34.018899  35
34.023444  38
34.028109  378
34.059796  29
34.065634  75
34.068006  47
34.081920  53
34.083733  49
34.117499  419
34.122837  306
34.139263  308
34.151719  67
34.156404  422
34.158477  230
34.165202  76
34.174706  312
34.182816  78
34.208340  430
34.214737  433
34.236950  68
34.238523  36
34.261426  37
34.279265  399
34.285583  425
34.288195  49
34.292161  74
34.299577  70
34.301210  426
34.303862  51
34.308307  55
34.316118  54
34.326801  68
34.337354  437
34.352222  60
34.358280  85
34.368168  88
34.381482  18
34.394497  260
34.399696  436
34.423611  266
34.436286  82
34.449831  89
34.469823  68
34.473928  411
34.496072  74
34.497825  73
34.526546  58
34.532384  91
34.542966  454
34.552335  73
34.555741  109
34.564610  90
34.568815  77
34.578504  92
34.604381  439
34.609345  325
34.632123  333
34.635369  441
34.644838  457
34.655441  337
34.668416  108
34.689361  462
34.712486  88
34.719204  431
34.723409  106
34.752902  83
34.763125  444
34.765457  465
34.769642  99
34.793346  466
34.795698  84
34.801376  89
34.815923  94
34.848170  274
34.849843  104
34.868615  358
34.875512  28
34.894864  297
34.905147  108
34.916628  297
34.927151  87
34.973173  446
34.977778  107
34.999946  102
35.004491  104
35.007702  114
35.009335  87
35.016986  447
35.023203  110
35.062203  108
35.064276  96
35.066389  120
35.073366  106
35.084355  115
35.091552  126
35.105447  64
35.120055  471
35.144472  464
35.153222  114
35.159759  468
35.185749  369
35.198824  490
35.217698  106
35.234778  117
35.242334  103
35.288371  133
35.293535  463
35.313030  499
35.323545  112
35.327690  111
35.330242  110
35.338992  500
35.343297  127
35.369649  112
35.376047  141
35.378459  123
35.384717  142
35.388702  136
35.403929  88
35.412858  490
35.417103  309
35.498101  472
35.504498  134
35.517132  128
35.523969  136
35.528853  114
35.532839  131
35.537224  118
35.541149  479
35.548366  503
35.554923  148
35.557375  143
35.589088  388
35.590721  127
35.593253  140
35.595745  147
35.613823  136
35.631362  495
35.642584  388
35.647308  499
35.660408  393
35.662900  492
35.666506  135
35.674222  492
35.680089  142
35.692909  141
35.714119  490
35.723308  125
35.736302  137
35.746953  134
35.777666  129
35.793093  477
35.796939  135
35.824899  108
35.834507  128
35.849379  133
35.858229  499
35.888582  139
35.890994  136
35.923931  133
35.933487  335
35.946147  136
35.962113  330
35.983085  139
36.016993  136
36.048649  130
36.051281  131
36.056429  476
36.058362  496
36.063681  139
36.103586  130
36.134403  135
36.149690  494
36.179471  133
36.216335  143
36.219741  389
36.221674  488
36.249815  135
36.258744  129
36.310293  476
36.334022  476
36.354257  131
36.357687  132
36.383122  131
36.412042  133
36.421231  135
36.458201  134
36.481058  331
36.501756  146
36.534134  138
36.555251  132
36.568532  133
36.577002  143
36.618763  132
36.620396  133
36.622888  135
36.639388  125
36.662790  131
36.664363  383
36.676882  378
36.678835  121
36.683659  119
36.686171  65
36.692648  125
36.694481  125
36.703689  124
36.708054  121
36.715290  375
36.718421  374
36.720214  475
36.734548  122
36.741965  125
36.759824  466
36.788664  114
36.805725  119
36.810129  461
36.812821  499
36.817166  118
36.823983  453
36.835864  103
36.843875  102
36.852010  102
36.869648  106
36.889120  105
36.892291  105
36.900366  101
36.905350  100
36.906923  355
36.922302  100
36.923895  100
36.930512  301
36.935196  99
36.972536  101
37.008184  100
37.011950  437
37.030409  92
37.032581  91
37.038060  88
37.040532  431
37.043104  95
37.086566  83
37.088559  93
37.090931  84
37.095296  92
37.099928  80
37.102081  83
37.119720  79
37.120978  335
37.125643  69
37.128115  67
37.130247  11
37.136085  73
37.146172  72
37.147845  69
37.157893  321
37.160525  421
37.173500  64
37.182470  64
37.185002  60
37.186755  51
37.190500  51
37.214476  47
37.234729  389
37.237261  411
37.244657  49
37.257931  45
37.269553  50
37.283827  52
37.332520  49
37.335152  57
37.337824  61
37.342608  315
37.344481  61
37.353370  51
37.357675  248
37.363933  50
37.366465  248
37.406407  61
37.408839  66
37.416549  62
37.427970  54
37.479918  391
37.524854  58
37.526727  47
37.534558  298
37.536711  39
37.540616  37
37.542249  36
37.544961  0
37.551439  45
37.553611  44
37.558575  42
37.572388  294
37.576573  397
37.600731  43
37.647266  47
37.667557  390
37.676466  38
37.678239  390
37.733805  52
37.735398  47
37.771961  52
37.774193  53
37.775786  60
37.778997  60
37.798550  57
37.830219  47
37.855843  382
37.882202  38
37.886247  35
37.890612  38
37.894757  34
37.900895  378
37.951584  37
37.958661  37
37.961273  27
37.973509  228
37.980126  287
37.984052  386
38.020525  34
38.064253  32
38.079305  394
38.081138  372
38.122196  30
38.135690  38
38.144141  31
38.154723  30
38.178280  29
38.180592  285
38.240391  34
38.268753  372
38.279516  369
38.287786  28
38.291072  22
38.294587  25
38.299546  28
38.388953  43
38.390986  284
38.415263  389
38.617264  32
38.628127  33
38.696974  42
38.710630  373
38.717387  394
38.727530  34
38.734946  44
38.741264  37
38.749814  398
38.782721  54
38.789717  57
38.800439  56
38.807396  0
38.839904  63
38.853018  396
38.872630  420
38.890030  43
38.904004  43
38.927776  50
38.954885  400
38.971785  416
38.990512  46
38.992325  54
39.033397  31
39.053543  231
39.058168  60
39.068670  316
39.082398  252
39.087302  60
39.097031  69
39.128265  62
39.132590  69
39.160292  404
39.168023  416
39.181197  60
39.187914  404
39.194551  59
39.213404  48
39.248171  0
39.256321  68
39.259567  69
39.261899  30
39.273460  74
39.284183  317
39.285936  72
39.299170  425
39.307321  427
39.317763  429
39.328386  431
39.341361  71
39.383531  61
39.387776  424
39.393394  63
39.433457  428
39.480041  65
39.488771  62
39.523835  75
39.525568  72
39.537009  257
39.563719  257
39.572248  81
39.630806  419
39.659785  67
39.671901  86
39.673774  424
39.710533  93
39.712985  71
39.721016  103
39.741441  92
39.762151  40
39.788021  122
39.795038  326
39.805921  431
39.810506  332
39.821927  435
39.827965  452
39.839526  72
39.842752  75
39.848515  72
39.880657  81
39.893572  447
39.905388  83
39.909123  450
39.920305  59
39.933758  452
39.947173  73
39.951918  442
39.953631  110
40.025398  476
40.031156  116
40.040306  339
40.049196  93
40.059559  109
40.063704  283
40.076180  120
40.106875  96
40.125987  461
40.139821  444
40.155669  108
40.157842  473
40.159995  103
40.169384  118
40.176381  121
40.197626  82
40.199279  120
40.222623  78
40.248082  379
40.266754  125
40.271359  79
40.275784  292
40.277817  99
40.291152  115
40.295257  136
40.306739  380
40.333662  97
40.344844  486
40.357679  120
40.370722  118
40.432568  472
40.437053  119
40.451541  127
40.457319  472
40.463397  486
40.472306  121
40.483408  487
40.489046  88
40.491219  134
40.550052  139
40.558802  386
40.562068  321
40.592228  129
40.599804  142
40.622028  125
40.642754  480
40.677553  124
40.694800  137
40.719955  127
40.732750  119
40.760345  146
40.772201  99
40.773874  122
40.781709  145
40.790738  137
40.798014  129
40.808837  150
40.813122  131
40.833374  388
40.846748  134
40.859863  137
40.863868  137
40.870965  145
40.880475  141
40.891716  138
40.924413  140
40.927464  138
40.955911  134
40.964448  140
40.980816  144
40.985281  144
40.989626  134
40.994890  330
41.005193  137
41.008978  140
41.013862  133
41.069809  147
41.088241  396
41.093005  336
41.106264  143
41.120896  148
41.154899  139
41.183938  132
41.190365  132
41.211462  111
41.250317  141
41.252510  133
41.254622  139
41.275811  140
41.282488  394
41.284860  139
41.289365  146
41.294529  109
41.301246  142
41.305950  147
41.310575  340
41.315379  143
41.324329  130
41.355506  393
41.360010  136
41.368619  390
41.370632  134
41.390897  135
41.408415  136
41.414872  135
41.422727  138
41.446175  139
41.458355  135
41.468123  133
41.490465  138
41.500093  130
41.502525  129
41.504238  134
41.506470  133
41.509022  102
41.514081  131
41.516353  129
41.518026  128
41.519599  129
41.522151  128
41.525022  131
41.537856  136
41.540368  129
41.576205  125
41.585403  132
41.594117  385
41.596569  128
41.599081  131
41.610942  130
41.622603  126
41.718949  121
41.721321  123
41.723773  126
41.729611  123
41.734450  113
41.749220  117
41.750793  117
41.783289  121
41.785701  125
41.795050  93
41.801507  122
41.805752  130
41.809837  125
41.813527  92
41.822097  117
41.854468  132
41.894798  129
41.910389  126
41.912302  127
41.934909  118
41.939613  116
41.942764  117
41.954185  116
41.963993  116
41.981196  100
41.982989  65
41.992105  98
41.993678  95
42.000594  96
42.014128  106
42.050136  94
42.054381  94
42.062871  89
42.067835  93
42.070187  96
42.072120  96
42.074772  92
42.079616  94
42.087012  91
42.089364  95
42.091057  91
42.093749  94
42.130717  91
42.167798  97
42.169551  88
42.180293  80
42.183515  80
42.195196  80
42.206592  77
42.220333  77
42.230720  77
42.234685  71
42.237137  77
42.238830  73
42.253083  46
42.260500  85
42.262213  84
42.264365  41
42.268650  80
42.272855  78
42.277819  76
42.279732  66
42.294820  75
42.308481  68
42.314958  73
42.327592  70
42.334983  68
42.342599  73
42.359683  66
42.383205  63
42.388369  64
42.405469  56
42.417409  27
42.421294  54
42.423926  48
42.470311  53
42.484980  49
42.494137  49
42.496249  49
42.498601  46
42.508509  43
42.510142  41
42.511835  44
42.545470  36
42.550968  31
42.580141  28
42.588231  25
42.590863  29
42.596921  34
42.602526  5
42.611796  32
42.618273  30
42.630094  27
42.642229  27
42.646194  25
42.653650  24
42.657536  0
42.672791  30
42.683286  19
42.707150  19
42.712768  23
42.725108  23
42.730886  21
42.736584  19
42.758153  22
42.779143  13
42.793315  8
42.809322  4
42.815940  2
42.820005  3
42.834413  2
42.850020  0
42.858130  0
42.862455  0
42.871925  0
42.893610  0
42.903014  0
42.929444  0
42.931616  0
42.933729  0
42.957286  0
42.974926  0
43.007333  0
43.042275  0
43.080918  0
43.183633  2
43.194316  5
43.271963  2
43.317915  1
43.324552  5
43.337207  7
43.352734  6
43.413029  5
43.443902  6
43.514541  5
43.520499  5
43.529049  1
43.544337  5
43.605195  8
43.653696  5
43.662841  2
43.682114  8
43.711590  8
43.715815  7
43.734008  3
43.736600  0
43.741125  0
43.798327  0
43.846909  0
43.852527  3
43.855199  0
43.919436  16
43.971816  5
43.978633  2
44.010886  4
44.017784  17
44.030598  21
44.040960  3
44.045185  30
44.094791  9
44.100529  4
44.141918  27
44.157744  0
44.160276  29
44.182765  3
44.206102  9
44.225255  32
44.229640  12
44.240782  27
44.249012  24
44.251664  31
44.265478  38
44.300418  10
44.304284  10
44.314256  20
44.336771  29
44.350645  46
44.413541  39
44.419939  22
44.422051  32
44.430252  44
44.435436  38
44.441314  35
44.448131  57
44.450104  39
44.461286  62
44.465404  39
44.467057  24
44.471222  27
44.489999  65
44.500302  33
44.504767  30
44.521233  10
44.523346  0
44.525179  14
44.535801  32
44.554295  68
44.577536  20
44.580587  74
44.594061  32
44.599225  18
44.622743  41
44.627068  17
44.644548  67
44.657363  47
44.667586  64
44.673743  80
44.682647  67
44.693039  31
44.696445  42
44.724965  42
44.729130  32
44.756419  47
44.763536  82
44.774598  74
44.782389  47
44.786554  38
44.793591  52
44.797576  37
44.813500  81
44.830580  81
44.837717  52
44.845728  58
44.851806  76
44.889966  84
44.894211  39
44.900269  60
44.913882  85
44.918267  37
44.929469  62
44.933135  83
44.942084  86
44.945639  73
44.952730  72
44.970753  78
44.974758  74
45.010466  55
45.014552  99
45.016125  49
45.039842  81
45.059893  83
45.078487  85
45.094074  86
45.110834  91
45.134953  74
45.146559  96
45.156168  86
45.173914  80
45.194440  94
45.219216  105
45.228186  126
45.242767  82
45.244480  84
45.251277  89
45.260890  87
45.264995  74
45.306632  114
45.311277  76
45.315162  84
45.316735  94
45.320800  120
45.325799  101
45.335707  127
45.340052  102
45.356813  106
45.361278  77
45.363411  92
45.370528  112
45.390602  99
45.407102  94
45.419837  97
45.423163  104
45.445694  113
45.451572  102
45.455437  105
45.494787  95
45.504675  93
45.511851  102
45.526025  102
45.530490  130
45.539560  141
45.543806  93
45.568849  149
45.582032  110
45.586297  129
45.600389  132
45.620941  157
45.622914  139
45.630091  101
45.632703  127
45.640614  114
45.649484  124
45.657794  124
45.683805  129
45.685937  133
45.701750  114
45.716446  157
45.720691  121
45.727728  117
45.734545  123
45.744409  159
45.746042  116
45.754851  130
45.764340  144
45.791883  132
45.798221  142
45.802586  128
45.805098  135
45.809523  151
45.811875  134
45.816120  155
45.829994  135
45.846255  153
45.858730  132
45.862575  148
45.886380  126
45.901847  154
45.916375  135
45.925205  138
45.931882  160
45.957052  142
45.973542  135
45.997858  135
46.005909  133
46.010274  146
46.016072  145
46.046332  148
46.057414  156
46.060026  162
46.079438  153
46.085456  155
46.094400  128
46.108740  161
46.134829  157
46.136742  140
46.141786  160
46.159673  154
46.212746  155
46.220716  144
46.242370  136
46.251899  152
46.260329  148
46.266487  154
46.270952  180
46.275637  154
46.280022  161
46.290525  171
46.314602  152
46.320760  149
46.331363  165
46.333516  183
46.340113  154
46.342086  172
46.353986  159
46.356598  166
46.363215  186
46.370232  169
46.383507  167
46.387872  156
46.392816  164
46.408138  155
46.417007  188
46.428470  169
46.433075  187
46.438973  185
46.450869  170
46.458425  174
46.465282  156
46.472579  166
46.479057  174
46.519033  174
46.536414  185
46.547776  186
46.565995  163
46.574266  171
46.583016  165
46.614724  187
46.630732  156
46.687967  162
46.693385  191
46.695118  190
46.701655  178
46.707893  174
46.722740  176
46.726725  187
46.751588  186
46.753441  186
46.759699  184
46.763764  186
46.779230  184
46.792225  196
46.796710  186
46.805200  183
46.809865  186
46.815963  208
46.842193  208
46.861426  176
46.865831  205
46.881527  175
46.890277  191
46.891930  191
46.898547  198
46.903925  184
46.923296  198
46.963264  177
46.986762  215
46.988855  202
46.995292  187
46.999804  208
47.001437  212
47.009073  211
47.017063  202
47.032610  196
47.084991  210
47.093521  199
47.099459  212
47.113172  189
47.116303  197
47.123400  209
47.128384  199
47.130816  204
47.146082  214
47.165598  214
47.170243  211
47.174727  213
47.183557  196
47.205870  214
47.212926  213
47.222335  209
47.228820  210
47.233924  202
47.238049  203
47.245306  208
47.267868  209
47.272452  208
47.296414  210
47.333170  209
47.351034  207
47.364967  206
47.370071  208
47.383314  204
47.393062  206
47.406636  208
47.411461  197
47.423601  205
47.441327  211
47.454561  205
47.526090  207
47.552594  208
47.562977  206
47.575216  207
47.639791  211
47.664905  216
47.727601  211
47.745976  221
47.749007  221
47.753372  207
47.777735  202
47.783298  209
47.785191  207
47.795677  206
47.797610  205
47.801415  203
47.804087  202
47.814713  205
47.841013  213
47.846656  208
47.875974  213
47.888893  210
47.891345  210
47.896649  213
47.911049  210
47.913042  213
47.915454  217
47.922031  211
47.929527  209
47.948903  205
47.952708  198
47.954361  199
47.956054  205
47.967442  206
47.974873  203
47.977185  203
47.980855  201
47.992955  198
47.994708  207
47.996940  195
48.014698  205
48.035422  205
48.036995  203
48.053894  197
48.055467  204
48.057919  202
48.064675  204
48.079112  207
48.082518  205
48.084211  197
48.087442  203
48.091607  199
48.096631  199
48.099263  197
48.103328  197
48.107912  198
48.113176  195
48.160526  203
48.177606  205
48.183743  202
48.201741  198
48.205127  194
48.227922  205
48.276857  196
48.283574  205
48.295522  204
48.321599  200
48.332608  204
48.345942  195
48.368785  196
48.373230  191
48.375762  193
48.377335  191
48.383033  190
48.385385  192
48.389450  194
48.399537  193
48.406993  186
48.411857  191
48.414209  190
48.416262  190
48.418374  189
48.420087  189
48.429815  184
48.432367  183
48.436572  190
48.438305  184
48.443269  185
48.446859  184
48.448632  185
48.469382  184
48.473767  179
48.475340  184
48.480898  181
48.483290  181
48.485083  181
48.491360  181
48.493892  176
48.500289  173
48.512708  172
48.515300  170
48.520264  171
48.543561  149
48.546273  158
48.547866  157
48.556356  157
48.561914  155
48.563487  153
48.567472  153
48.573594  150
48.578698  153
48.581350  152
48.586681  155
48.588694  154
48.595831  151
48.599776  151
48.606373  149
48.636763  139
48.648704  140
48.650317  140
48.656140  140
48.658452  135
48.661124  130
48.674378  120
48.686798  123
48.691543  123
48.693775  119
48.696387  117
48.704747  107
48.730520  107
48.732133  103
48.749312  94
48.754957  96
48.767951  90
48.770263  88
48.790292  90
48.796494  84
48.802632  83
48.818179  76
48.820152  75
48.822564  77
48.825016  74
48.827428  73
48.835238  67
48.837051  71
48.839942  69
48.843168  68
48.846319  67
48.848152  66
48.851383  68
48.865196  60
48.869241  59
48.878350  60
48.888099  59
48.894457  61
48.903807  46
48.907492  52
48.930449  50
48.940142  49
48.946879  45
48.950905  27
48.958975  28
48.963540  28
49.005696  16
49.007369  14
49.037612  22
49.050661  28
49.055925  8
49.057798  15
49.061543  7
49.063196  7
49.074038  8
49.089905  0
49.091598  0
49.107625  6
49.113903  3
49.118727  4
49.126038  4
49.130043  1
49.140850  4
49.143342  1
49.155184  0
49.161122  0
49.165607  0
49.169971  0
49.193848  0
49.204650  0
49.250951  0
49.266194  0
49.277396  0
49.279069  0
49.323531  0
49.331801  0
49.351453  0
49.396335  0
49.448634  0
49.670765  0
49.689716  4
49.704444  0
49.709149  1
49.810902  17
49.870811  4
49.886200  24
49.904739  12
49.924132  27
49.954605  26
49.967401  33
49.983242  4
49.985934  34
50.038807  26
50.051502  31
50.068207  29
50.078310  22
50.087019  49
50.096628  30
50.101160  34
50.114475  36
50.121767  53
50.134980  37
50.147241  13
50.157544  14
50.163702  17
50.171792  18
50.176736  26
50.179088  20
50.190884  33
50.194370  59
50.205092  2
50.218786  28
50.220419  26
50.227555  17
50.236412  31
50.261902  44
50.266087  30
50.274797  51
50.279122  37
50.283546  50
50.293309  41
50.294882  52
50.347122  27
50.360197  49
50.367214  47
50.428023  52
50.436453  53
50.449647  58
50.460717  17
50.472419  55
50.476065  37
50.494589  65
50.516481  66
50.531583  67
50.542333  65
50.565051  63
50.576173  63
50.580438  63
50.582211  48
50.593952  54
50.601943  61
50.621075  50
50.634269  69
50.672134  59
50.676219  68
50.693399  63
50.722420  66
50.763598  58
50.773941  83
50.787080  61
50.820709  72
50.841040  14
50.854562  71
50.860600  100
50.864545  55
50.866957  73
50.879872  89
50.891235  91
50.898292  78
50.899945  74
50.908815  66
50.911167  102
50.917944  86
50.924122  77
50.941162  96
50.954976  106
50.966458  96
50.990235  73
51.005023  98
51.006596  107
51.013593  95
51.021089  95
51.034243  92
51.045326  58
51.054016  63
51.058641  67
51.067331  85
51.069264  101
51.070997  84
51.088417  87
51.108222  104
51.114899  97
51.130446  110
51.156762  105
51.209260  100
51.221165  97
51.225290  107
51.230354  110
51.239291  100
51.270398  109
51.290490  84
51.308968  110
51.310961  108
51.323037  116
51.334239  121
51.349866  121
51.351919  105
51.356324  122
51.365094  111
51.367187  109
51.402306  131
51.408004  108
51.416562  112
51.437133  114
51.444130  110
51.463582  109
51.469940  123
51.477756  108
51.482001  111
51.494517  110
51.505619  105
51.515287  133
51.516940  115
51.518713  121
51.552821  123
51.560452  116
51.570040  127
51.582935  128
51.591865  124
51.594058  130
51.629677  127
51.649670  133
51.677313  123
51.686538  128
51.696465  133
51.707801  115
51.709594  133
51.739567  116
51.741899  135
51.765595  114
51.788134  128
51.794692  127
51.821341  127
51.834676  147
51.850444  135
51.853156  143
51.881346  153
51.899425  159
51.921309  156
51.930339  135
51.934664  131
51.949752  134
51.953637  137
51.955830  132
51.963486  130
51.970897  130
51.973409  141
51.977814  149
51.997993  125
52.002059  124
52.024870  127
52.027202  168
52.031587  135
52.040577  136
52.055425  125
52.062202  135
52.077051  155
52.084742  141
52.097926  145
52.103010  158
52.109508  143
52.114552  144
52.141245  148
52.148062  160
52.159544  162
52.189744  141
52.194249  152
52.207284  154
52.224844  168
52.232184  158
52.234337  181
52.244185  152
52.256920  195
52.277590  177
52.288832  199
52.306192  127
52.318153  190
52.325270  187
52.346581  198
52.361569  162
52.373111  200
52.385406  200
52.389951  172
52.391644  165
52.403725  203
52.417599  179
52.430694  170
52.439803  212
52.445641  183
52.447534  226
52.462001  179
52.472863  178
52.476349  215
52.483386  184
52.494408  188
52.501125  201
52.505610  182
52.511428  197
52.515873  182
52.517826  151
52.531461  200
52.543577  171
52.547942  181
52.560977  205
52.563070  219
52.570067  181
52.571880  219
52.605580  195
52.619095  199
52.625353  208
52.629658  201
52.632170  212
52.642592  206
52.678953  222
52.691728  215
52.700098  218
52.701751  194
52.711240  192
52.728040  211
52.742138  219
52.758371  206
52.770836  220
52.778032  223
52.781258  222
52.785523  218
52.808630  209
52.812755  220
52.825570  222
52.835673  224
52.860357  210
52.868468  209
52.875644  207
52.890831  219
52.934439  233
52.958437  230
52.977957  231
52.992225  215
52.993998  220
53.014969  234
53.021486  246
53.045723  235
53.074103  233
53.088238  224
53.113273  217
53.132845  234
53.135417  247
53.140201  248
53.153310  237
53.157255  227
53.175415  211
53.184604  244
53.193034  235
53.206432  211
53.221212  237
53.225177  219
53.232034  240
53.247701  238
53.266404  243
53.274634  241
53.303283  226
53.319048  245
53.323893  229
53.336473  242
53.345662  248
53.355306  251
53.356919  247
53.380107  239
53.390291  251
53.400199  245
53.432012  249
53.438429  246
53.443481  238
53.445753  241
53.448225  250
53.462637  243
53.488031  239
53.511933  240
53.522807  246
53.527472  242
53.556580  240
53.563856  231
53.565549  245
53.572466  242
53.588041  246
53.594678  243
53.603408  239
53.640652  252
53.645257  252
53.674756  238
53.692794  242
53.694547  249
53.761682  237
53.769178  247
53.777687  244
53.829244  238
53.860901  242
53.931506  236
53.961312  243
53.974530  235
53.993197  235
53.998441  235
54.001133  239
54.008049  243
54.041426  238
54.056413  241
54.058985  241
54.063070  237
54.067794  241
54.084818  242
54.107207  241
54.108960  236
54.115617  240
54.122114  239
54.131702  236
54.136486  238
54.144361  235
54.148945  233
54.172560  226
54.175052  236
54.182728  241
54.187273  235
54.189625  226
54.193610  231
54.200994  228
54.218018  222
54.220450  226
54.237715  225
54.239308  218
54.242239  232
54.258983  217
54.273117  225
54.279954  232
54.302585  221
54.306670  220
54.310935  232
54.316778  226
54.318451  225
54.328686  217
54.333430  232
54.365342  222
54.384558  231
54.402956  226
54.407880  224
54.412552  218
54.417616  223
54.424093  223
54.431289  223
54.432882  221
54.440737  224
54.449765  219
54.452077  230
54.453770  231
54.463458  222
54.472567  217
54.496100  217
54.524819  211
54.529423  211
54.531196  215
54.533848  215
54.550133  213
54.554258  212
54.561814  204
54.569550  206
54.599396  209
54.632091  214
54.633918  209
54.657166  217
54.662070  216
54.666694  211
54.671938  209
54.677801  209
54.688603  208
54.692688  207
54.698291  206
54.700144  202
54.704029  198
54.708174  192
54.728676  186
54.730469  190
54.736906  180
54.739398  176
54.741091  188
54.745156  175
54.755264  188
54.774190  186
54.777576  187
54.785886  183
54.791369  182
54.801736  182
54.804008  181
54.805761  174
54.813058  170
54.860341  166
54.865939  155
54.890819  141
54.893091  131
54.897895  131
54.901466  135
54.904038  123
54.946355  115
54.951080  107
54.955964  110
54.967546  100
54.978069  100
54.984546  100
55.007249  99
55.013866  104
55.020743  98
55.041508  98
55.050597  97
55.054763  96
55.068556  96
55.072921  95
55.076806  95
55.082844  96
55.088622  89
55.092747  90
55.106353  91
55.126924  89
55.135494  85
55.138166  82
55.146476  77
55.148149  93
55.173978  85
55.191698  85
55.198695  88
55.200808  78
55.220640  76
55.236726  72
55.251094  81
55.257711  77
55.278461  78
55.287031  74
55.291476  72
55.345232  74
55.365644  77
55.408594  85
55.429945  76
55.439753  75
55.449529  74
55.456426  78
55.460910  72
55.467927  76
55.478055  78
55.486445  73
55.488538  69
55.509531  67
55.521751  67
55.526556  60
55.531225  73
55.537003  60
55.545133  68
55.556576  68
55.560581  63
55.571103  69
55.580153  70
55.600384  64
55.629046  68
55.633750  59
55.655575  67
55.657448  53
55.707383  53
55.711948  47
55.713841  52
55.718626  54
55.724664  43
55.726297  45
55.730762  46
55.772396  60
55.807361  62
55.809094  56
55.815431  65
55.834903  62
55.837375  56
55.852143  60
55.860041  59
55.874389  51
55.878714  61
55.891928  49
55.893541  41
55.902371  60
55.971231  53
56.002008  63
56.024735  63
56.089877  53
56.094002  64
56.107637  65
56.127170  48
56.136060  49
56.198541  60
56.263582  75
56.319673  77
56.327783  45
56.331948  87
56.334320  55
56.338165  53
56.370260  50
56.476281  72
56.509208  86
56.518497  99
56.520470  52
56.529520  101
56.531093  60
56.538030  105
56.552843  62
56.559400  64
56.578932  91
56.588142  62
56.595059  71
56.627976  88
56.649960  83
56.669972  93
56.685140  60
56.691158  98
56.725885  66
56.738620  82
56.743325  94
56.749403  84
56.753488  117
56.762058  92
56.766443  90
56.772341  97
56.783802  86
56.793491  79
56.825898  68
56.876244  105
56.945096  112
56.947169  112
56.953686  102
56.965228  93
56.966801  114
56.968834  107
56.991798  111
56.995803  113
56.997796  103
56.999889  92
57.009059  94
57.015237  80
57.021934  109
57.036849  113
57.067643  122
57.074020  92
57.087250  75
57.090836  118
57.100671  83
57.111540  119
57.130339  103
57.139447  117
57.141480  127
57.180104  124
57.181997  84
57.189172  108
57.214842  109
57.221759  139
57.230749  109
57.239719  113
57.246456  118
57.248149  121
57.283195  110
57.305379  114
57.412962  117
57.414735  147
57.421452  118
57.423165  145
57.435445  116
57.437158  116
57.454937  121
57.461235  128
57.465500  124
57.479155  120
57.485313  137
57.494817  131
57.502433  123
57.535227  142
57.551418  127
57.559968  116
57.566286  138
57.571250  115
57.583366  151
57.587731  148
57.603537  130
57.607502  127
57.611527  111
57.613420  154
57.624582  139
57.655176  115
57.656869  139
57.658542  121
57.671017  142
57.673129  156
57.681779  142
57.688756  143
57.700657  141
57.709567  135
57.726228  143
57.734358  145
57.753809  126
57.773008  124
57.816756  146
57.821580  156
57.854915  147
57.864538  126
57.891506  151
57.903047  144
57.909805  131
57.913631  154
57.922281  131
57.940254  152
57.942706  142
57.958812  144
57.961184  152
57.972007  140
57.978425  149
57.984303  146
58.034303  140
58.046659  133
58.050884  147
58.059154  161
58.077288  151
58.085942  154
58.131903  157
58.135889  150
58.142586  166
58.144179  159
58.164571  148
58.171168  150
58.173820  156
58.180257  155
58.186155  156
58.187968  156
58.265564  148
58.287148  160
58.323401  161
58.349990  175
58.358120  151
58.382160  178
58.386345  172
58.409407  168
58.410980  181
58.415474  171
58.430701  172
58.442949  184
58.445142  160
58.456351  173
58.466634  168
58.477636  166
58.490771  174
58.501882  161
58.530936  180
58.546702  156
58.557225  152
58.561471  156
58.568628  189
58.573736  189
58.578895  151
58.598032  156
58.601378  165
58.618897  156
58.624595  167
58.648373  161
58.662247  176
58.670297  161
58.674562  197
58.678748  166
58.685764  178
58.689969  184
58.693295  193
58.697860  185
58.700152  190
58.705244  182
58.712495  200
58.747114  175
58.773703  177
58.788131  183
58.830714  191
58.832607  197
58.858762  191
58.882071  178
58.886995  178
58.916174  194
58.924843  196
58.926476  193
58.930601  200
58.936743  201
58.939415  194
58.943420  183
58.950397  203
58.952570  201
58.954982  198
58.959307  194
58.965252  192
58.988950  198
59.008642  204
59.016722  198
59.050621  199
59.073037  194
59.079514  193
59.086611  195
59.094187  209
59.099271  203
59.125829  199
59.127682  210
59.133300  206
59.174849  191
59.204521  205
59.216781  196
59.236117  199
59.244472  212
59.295526  199
59.305988  199
59.336453  199
59.365554  208
59.401116  211
59.420333  198
59.434520  217
59.437866  212
59.443189  208
59.448667  218
59.465172  217
59.466745  193
59.488733  195
59.494076  204
59.498201  205
59.534202  200
59.554373  209
59.582362  211
59.594243  204
59.602641  200
59.606826  204
59.609098  209
59.610671  209
59.612384  207
59.643626  198
59.648490  204
59.664585  203
59.684656  195
59.686349  192
59.699093  198
59.702999  198
59.708023  182
59.710315  184
59.712627  192
59.715838  194
59.720602  198
59.748273  192
59.780816  195
59.785900  194
59.816514  195
59.818866  193
59.832281  190
59.839377  187
59.868294  192
59.895880  188
59.900924  192
59.917110  177
59.932977  188
59.937781  179
59.940353  173
59.942765  178
59.951315  180
59.958672  172
59.961244  167
59.964950  170
59.971007  174
59.973140  165
59.980458  166
59.996783  171
