# t(s) QueuingDelay(ms)
10.177303  0
10.193603  5
10.212356  4
10.221627  2
10.226112  7
10.233843  15
10.278666  27
10.299041  3
10.314908  24
10.318714  50
10.369620  44
10.376397  58
10.388932  61
10.395010  14
10.416135  35
10.424885  39
10.444217  89
10.446150  40
10.472071  53
10.482574  90
10.490904  54
10.514449  63
10.529664  76
10.534429  129
10.542959  77
10.545171  70
10.555693  176
10.566197  193
10.571321  80
10.590893  90
10.610226  188
10.612458  150
10.624046  188
10.628690  183
10.630703  104
10.641705  125
10.645011  176
10.658655  138
10.669557  224
10.673423  172
10.681179  157
10.692022  231
10.717752  234
10.734753  271
10.737385  172
10.751999  290
10.756164  183
10.775778  307
10.788476  312
10.793600  172
10.810121  318
10.814306  187
10.820723  196
10.823195  331
10.837714  332
10.840246  208
10.850409  223
10.856477  348
10.858630  192
10.871325  251
10.875271  350
10.888765  357
10.890778  264
10.907858  199
10.914215  210
10.916288  360
10.926631  208
10.931470  366
10.946822  267
10.964688  370
10.969393  270
10.984001  381
10.996829  271
11.011138  383
11.017675  400
11.019428  249
11.035175  320
11.039560  402
11.050582  251
11.055207  416
11.064097  326
11.084437  253
11.094086  262
11.098331  345
11.107420  373
11.124001  264
11.155940  385
11.167362  414
11.173420  269
11.177625  417
11.184562  441
11.210752  276
11.248367  278
11.260849  287
11.285986  25
11.292783  441
11.296260  427
11.307063  434
11.319968  292
11.324712  451
11.334356  297
11.343965  306
11.355127  447
11.359692  633
11.364217  320
11.383309  51
11.390186  321
11.392638  490
11.423473  335
11.427338  518
11.432163  346
11.436588  654
11.444245  521
11.461464  654
11.464076  534
11.481922  560
11.500041  542
11.517621  366
11.530836  377
11.552042  387
11.570181  67
11.572154  394
11.594298  548
11.596171  71
11.600636  402
11.608974  410
11.630279  27
11.650290  427
11.658464  437
11.672743  440
11.682836  556
11.701689  661
11.709644  99
11.714389  442
11.725172  688
11.727584  172
11.729736  456
11.742471  698
11.745043  456
11.758451  812
11.766066  194
11.768159  462
11.782053  197
11.795547  469
11.823995  479
11.843907  491
11.847793  815
11.859034  822
11.863918  496
11.873247  830
11.880444  52
11.883730  568
11.906093  848
11.910398  696
11.941210  712
11.947667  503
11.954225  514
11.956357  877
11.963115  225
11.971634  729
11.977297  877
11.986506  527
11.993407  692
12.006267  546
12.010432  738
12.027218  747
12.040931  773
12.052214  805
12.056219  567
12.068100  576
12.072565  808
12.085920  591
12.104118  708
12.106490  604
12.118945  610
12.123749  725
12.125961  77
12.136704  743
12.152450  616
12.176426  749
12.185914  618
12.216328  79
12.240695  752
12.243027  230
12.255529  124
12.285245  637
12.324089  655
12.330526  820
12.338976  841
12.359335  669
12.370777  689
12.372370  953
12.401038  259
12.403150  956
12.450344  671
12.455528  289
12.472109  401
12.479406  681
12.493840  685
12.497885  983
12.508313  427
12.516304  985
12.518716  686
12.561012  690
12.574934  763
12.579339  1047
12.581991  693
12.595786  779
12.600470  1055
12.604775  700
12.613885  817
12.615478  244
12.623968  703
12.630965  1068
12.644440  704
12.668703  1097
12.670756  704
12.688915  440
12.694633  711
12.715564  1102
12.724694  712
12.726966  715
12.729218  1115
12.746478  717
12.757281  720
12.761885  1061
12.807227  838
12.815517  720
12.819702  25
12.828112  720
12.829885  712
12.835148  948
12.837061  709
12.876850  34
12.884241  925
12.886933  710
12.902360  263
12.917907  717
12.929229  47
12.942284  103
12.949560  842
12.951453  273
12.976683  722
12.989977  443
13.030867  727
13.037265  325
13.041410  732
13.064268  949
13.083341  946
13.091037  966
13.118166  739
13.129968  952
13.131781  742
13.138258  969
13.164373  1006
13.189743  463
13.210779  1024
13.214964  115
13.238281  1039
13.240833  470
13.253268  1050
13.268396  1054
13.288613  483
13.298835  502
13.305353  27
13.313952  506
13.326826  494
13.334537  40
13.340135  329
13.349843  328
13.365935  326
13.373772  326
13.381754  431
13.410876  417
13.417313  416
13.425655  0
13.439334  0
13.452249  197
13.464696  160
13.481907  275
13.492529  148
13.505404  138
13.534026  272
13.549544  509
13.561111  124
13.578451  499
13.589573  495
13.597563  494
13.604680  118
13.606833  486
13.613710  484
13.669371  459
13.677202  226
13.694622  455
13.696295  474
13.780820  463
13.782493  228
13.794169  237
13.798334  472
13.812693  250
13.822002  258
13.834657  258
13.846318  262
13.859798  267
13.869646  270
13.916835  15
13.936427  130
13.944498  147
13.951075  271
13.955859  19
13.964789  178
13.970867  277
13.996676  186
14.028723  279
14.044450  308
14.048655  41
14.054853  322
14.068068  360
14.069881  61
14.086881  96
14.095311  0
14.104201  128
14.109264  202
14.121639  228
14.134354  140
14.140312  486
14.142165  372
14.150955  149
14.167461  243
14.184820  252
14.198129  259
14.201874  166
14.224198  179
14.237479  100
14.239871  377
14.253045  183
14.257530  387
14.274599  218
14.287374  228
14.291579  173
14.304633  216
14.308718  484
14.318393  222
14.320585  278
14.327103  536
14.336532  710
14.340717  234
14.360010  242
14.369659  246
14.373724  286
14.375597  54
14.415381  399
14.417154  61
14.442096  493
14.452299  443
14.459855  630
14.461968  243
14.513257  456
14.520014  710
14.526491  247
14.565564  712
14.572169  289
14.573942  474
14.579930  332
14.595857  713
14.601895  117
14.610605  482
14.636408  243
14.647051  489
14.657474  361
14.678959  526
14.689881  554
14.722715  368
14.727340  130
14.732424  585
14.763753  610
14.781793  376
14.838055  187
14.847678  615
14.895611  273
14.910957  385
14.919087  297
14.927837  634
14.942545  385
14.944937  239
14.972460  392
14.983155  264
14.996935  408
15.025397  430
15.029342  310
15.045463  417
15.047815  325
15.065794  291
15.069620  321
15.073505  697
15.111137  702
15.115701  275
15.130640  713
15.177045  771
15.181430  316
15.197277  715
15.226398  803
15.237181  350
15.243698  741
15.256593  815
15.280934  723
15.323957  355
15.340698  821
15.365034  279
15.376715  755
15.402015  349
15.411444  686
15.574949  325
15.611860  294
15.668365  342
15.723370  758
15.727355  346
15.755179  363
15.786373  391
15.813296  804
15.874354  814
15.879398  427
15.894999  374
15.900577  470
15.924874  489
15.959364  736
15.973019  359
16.059570  393
16.067802  856
16.073820  899
16.101662  457
16.103834  409
16.164233  433
16.173163  913
16.189269  441
16.243201  807
16.253864  883
16.268951  457
16.297080  469
16.317392  794
16.319585  541
16.340375  826
16.364610  452
16.380183  908
16.385841  440
16.401282  847
16.466207  999
16.488633  435
16.509204  447
16.534347  910
16.548663  560
16.550436  588
16.584421  461
16.610389  744
16.646388  15
16.659203  749
16.705364  118
16.781269  229
16.795362  462
16.831180  481
16.853080  913
16.856866  237
16.864941  882
16.949932  648
16.970162  604
16.980084  460
16.985068  592
16.995390  606
17.048333  243
17.052238  551
17.066510  651
17.082439  971
17.092042  644
17.104682  487
17.138115  596
17.144492  548
17.163596  501
17.190503  656
17.205599  588
17.233949  617
17.255458  77
17.260801  505
17.265585  926
17.321637  535
17.323550  509
17.359033  747
17.371118  150
17.390194  488
17.401837  1
17.425298  39
17.428828  501
17.474657  501
17.487771  515
17.489504  486
17.611406  61
17.613319  508
17.634728  170
17.665645  172
17.680720  248
17.692400  504
17.709983  521
17.732769  610
17.805389  991
17.829034  6
17.888482  153
17.895978  489
17.925257  236
17.927150  484
17.931055  991
17.966505  992
17.975234  519
17.976847  518
17.982210  514
17.983943  514
17.990420  510
17.996258  510
18.001162  509
18.002895  509
18.005347  726
18.007619  506
18.009312  500
18.011724  490
18.015709  891
18.048635  505
18.052365  508
18.055037  245
18.059968  513
18.068290  486
18.078856  528
18.087158  990
18.087957  989
18.096886  481
18.098459  480
18.101925  476
18.104137  503
18.105990  474
18.109740  503
18.122060  491
18.123633  489
18.141616  502
18.149731  472
18.160038  497
18.166000  486
18.168712  469
18.175209  495
18.176802  481
18.183239  477
18.185112  469
18.193415  467
18.195008  465
18.204536  491
18.206129  491
18.209320  465
18.221839  488
18.224391  479
18.231072  485
18.235776  471
18.238068  134
18.247636  950
18.258613  456
18.284251  129
18.288736  467
18.298924  481
18.306220  479
18.315927  24
18.317560  467
18.335203  714
18.354699  131
18.369711  480
18.372143  494
18.379539  484
18.384543  490
18.410256  471
18.413522  487
18.422041  29
18.444918  473
18.448863  474
18.451155  489
18.452908  472
18.457093  471
18.459365  486
18.464429  454
18.467560  467
18.469852  450
18.472304  480
18.481078  444
18.503649  443
18.505262  438
18.523240  942
18.564259  456
18.568983  456
18.576100  458
18.600578  489
18.612239  948
18.619475  496
18.621108  135
18.642328  483
18.644201  491
18.646713  138
18.656085  141
18.659391  485
18.660964  483
18.669774  227
18.672665  494
18.684777  146
18.692053  149
18.704833  500
18.706985  502
18.712149  503
18.714361  504
18.723470  495
18.727994  602
18.769618  475
18.792699  485
18.799775  207
18.809683  483
18.812175  467
18.814547  208
18.836354  449
18.838127  449
18.839720  448
18.842072  480
18.847300  206
18.868660  476
18.873664  480
18.908858  454
18.916354  458
18.919006  454
18.943346  453
18.959931  481
18.968106  481
18.976995  482
18.978628  482
18.984311  965
19.007492  484
19.027097  6
19.029629  6
19.032081  489
19.035192  488
19.038598  484
19.050607  484
19.055551  954
19.064420  952
19.066812  449
19.083813  480
19.086145  450
19.096707  468
19.099558  442
19.129801  440
19.136977  467
19.140463  438
19.142056  435
19.144468  430
19.159568  460
19.168866  431
19.171797  456
19.173430  447
19.175862  97
19.185790  96
19.187443  905
19.192946  413
19.195578  901
19.197691  409
19.202615  896
19.216636  92
19.228197  435
19.229790  85
19.231583  430
19.236527  430
19.240756  0
19.247732  428
19.257180  660
19.265036  75
19.284451  422
19.289415  429
19.299697  427
19.310132  425
19.311725  423
19.331181  419
19.335326  417
19.342331  415
19.348269  409
19.352214  405
19.354007  405
19.358920  373
19.360713  370
19.362666  402
19.367650  365
19.397919  367
19.418290  366
19.421002  859
19.450601  365
19.457078  855
19.461762  364
19.464294  390
19.466826  848
19.478747  384
19.482592  383
19.487875  845
19.492080  385
19.494612  33
19.497064  377
19.506320  367
19.508712  22
19.510505  369
19.513716  17
19.516148  364
19.518780  87
19.521112  354
19.522745  86
19.525297  0
19.528408  79
19.531040  0
19.533712  77
19.537497  349
19.539889  0
19.551689  349
19.566461  446
19.603415  323
19.609972  47
19.611705  46
19.614377  317
19.616729  40
19.619421  313
19.623366  38
19.625798  268
19.636740  307
19.639691  30
19.641404  303
19.642977  302
19.645429  296
19.647761  26
19.650413  258
19.652166  291
19.656998  256
19.658611  284
19.665480  14
19.671877  5
19.674289  245
19.694049  270
19.699432  235
19.709435  223
19.715293  717
19.720117  717
19.721770  226
19.752283  729
19.756688  728
19.762146  3
19.766371  0
19.770156  232
19.775759  695
19.831698  613
19.839738  610
19.893047  374
19.902076  0
19.904688  0
19.919181  142
19.924225  0
19.926477  139
19.983068  530
19.989925  523
20.008825  521
20.016521  519
20.028102  510
20.062280  103
20.107470  0
20.116659  1
20.168699  0
20.179406  0
20.191973  0
20.207005  415
20.260104  398
20.280218  4
20.291300  7
20.295745  0
20.324306  169
20.350834  0
20.406923  393
20.431349  391
20.438125  391
20.446295  388
20.475029  5
20.484338  29
20.540310  0
20.542962  1
20.547666  0
20.628025  404
20.665744  0
20.687148  381
20.722826  136
20.790810  353
20.851632  0
20.875014  354
20.884563  7
20.955154  2
21.100453  373
21.111474  23
21.119892  375
21.128222  26
21.133006  391
21.142814  2
21.173898  7
21.208837  40
21.230681  399
21.263008  395
21.283684  27
21.285657  44
21.290501  7
21.298461  33
21.301073  9
21.305278  33
21.311955  39
21.351883  6
21.354495  36
21.359139  33
21.360812  25
21.363244  25
21.375977  15
21.392709  27
21.425701  32
21.427694  17
21.474720  32
21.500278  39
21.509327  43
21.514071  48
21.575457  395
21.588273  404
21.602246  168
21.611954  173
21.628975  178
21.634633  188
21.672236  68
21.690830  422
21.723577  49
21.736799  58
21.744870  51
21.760477  436
21.765381  76
21.767074  28
21.778476  71
21.786985  84
21.789557  25
21.808649  438
21.835937  87
21.887109  192
21.895619  29
21.915214  127
21.928058  17
21.945311  23
21.956177  29
21.963613  13
22.010334  30
22.048906  68
22.064317  559
22.085010  88
22.091479  74
22.096378  98
22.102021  97
22.178281  450
22.193160  460
22.217776  465
22.237050  205
22.267092  256
22.281365  106
22.316863  204
22.329978  248
22.342633  577
22.358190  587
22.363948  190
22.379495  124
22.390278  128
22.397035  193
22.401720  599
22.405605  613
22.411923  29
22.416328  251
22.431816  246
22.445370  30
22.460018  88
22.493364  368
22.497089  40
22.534526  247
22.542956  128
22.552005  278
22.574614  371
22.584996  131
22.586589  345
22.600362  283
22.609830  208
22.634345  128
22.636018  31
22.739964  23
22.765925  296
22.809017  267
22.832279  289
22.932199  625
22.960142  393
22.976263  39
22.995867  424
23.039182  306
23.053696  290
23.068444  684
23.073883  322
23.097280  334
23.118925  405
23.131700  315
23.133273  691
23.138078  241
23.152271  341
23.171851  56
23.173804  324
23.182914  255
23.186320  335
23.206152  341
23.207745  264
23.225685  375
23.240331  116
23.287022  352
23.322617  331
23.330748  442
23.359069  375
23.369739  377
23.424204  132
23.483886  327
23.503904  345
23.559158  380
23.575244  159
23.577676  276
23.581921  348
23.583934  399
23.587739  397
23.589792  392
23.592064  349
23.593997  388
23.596110  378
23.610986  375
23.637674  293
23.686540  697
23.713768  721
23.718173  459
23.739288  494
23.755035  68
23.763739  502
23.820370  377
23.846480  381
23.883839  741
23.903551  746
23.924975  461
23.928820  747
23.938448  380
23.940361  771
23.954255  333
23.966971  398
23.980726  385
23.989036  108
23.993042  403
24.001451  345
24.005736  258
24.010241  407
24.022357  411
24.027101  342
24.038103  411
24.041274  417
24.043207  417
24.057295  421
24.072902  394
24.082450  258
24.100816  429
24.126785  432
24.130710  263
24.149922  438
24.192472  439
24.197117  627
24.220676  441
24.226634  460
24.246646  461
24.253503  473
24.274107  475
24.291146  150
24.303868  487
24.327738  488
24.344723  499
24.350047  130
24.397906  277
24.413078  401
24.470546  511
24.512850  449
24.521320  686
24.546031  513
24.554781  394
24.561758  514
24.627154  772
24.650830  802
24.658126  418
24.669329  599
24.682563  241
24.699264  645
24.712266  316
24.714818  387
24.721276  536
24.763405  514
24.779159  526
24.798152  426
24.845571  903
24.856213  531
24.890367  565
24.912092  715
24.923454  548
24.930845  931
24.948833  557
24.961278  573
24.977305  587
24.984262  427
24.991533  425
25.008433  431
25.021048  520
25.023161  593
25.030077  599
25.039007  540
25.056786  438
25.060891  608
25.065136  945
25.069920  598
25.074405  606
25.090418  612
25.098672  607
25.104650  348
25.113918  449
25.140433  470
25.158783  612
25.189689  610
25.200171  660
25.209727  615
25.249881  590
25.276153  619
25.278805  530
25.304878  257
25.352552  376
25.357076  459
25.359248  625
25.364072  642
25.368277  605
25.372921  622
25.385201  654
25.386759  601
25.396148  716
25.412533  546
25.417457  384
25.419250  538
25.435091  616
25.460724  759
25.466622  731
25.502024  726
25.504536  900
25.511512  942
25.515537  642
25.517310  592
25.520880  622
25.543646  589
25.555571  622
25.574382  622
25.586227  384
25.603051  957
25.623346  958
25.662842  960
25.712831  573
25.723359  988
25.734136  549
25.747010  607
25.799622  547
25.806300  589
25.868448  606
25.892564  965
25.895276  614
25.925035  783
25.934623  609
25.943852  972
25.960496  611
25.967967  596
25.998896  601
26.017893  614
26.041614  634
26.048890  644
26.068670  649
26.080930  650
26.120584  616
26.123475  665
26.130491  670
26.139979  661
26.144583  646
26.146236  646
26.148184  646
26.164689  613
26.192575  723
26.205314  599
26.232867  939
26.295983  530
26.308702  528
26.310535  503
26.312947  534
26.318985  513
26.321417  525
26.330766  517
26.342347  513
26.344999  488
26.355362  508
26.372821  505
26.383328  880
26.385960  868
26.392729  868
26.399086  464
26.401778  462
26.404150  495
26.427554  464
26.442661  457
26.454191  822
26.519233  577
26.530938  449
26.536756  445
26.546324  576
26.562541  455
26.568424  831
26.572869  829
26.577893  826
26.648484  446
26.689965  431
26.748550  805
26.752915  564
26.777910  412
26.796068  400
26.801032  409
26.814286  408
26.847361  391
26.853479  389
26.859237  386
26.863482  382
26.867252  377
26.889106  744
26.915795  358
26.947775  491
26.990567  317
27.021145  322
27.035519  324
27.041956  336
27.069627  521
27.071280  325
27.082134  329
27.107968  711
27.113072  707
27.116558  298
27.118990  330
27.126306  294
27.139595  328
27.151011  316
27.181830  678
27.239482  456
27.248686  321
27.254349  451
27.261246  451
27.272811  445
27.274384  307
27.287079  318
27.304858  312
27.328440  315
27.422901  313
27.435042  315
27.458703  692
27.481545  690
27.483178  308
27.501996  307
27.505007  311
27.535903  296
27.539613  294
27.547029  303
27.585852  680
27.612028  303
27.628034  310
27.639336  430
27.697654  286
27.700880  283
27.739228  301
27.742459  312
27.752462  292
27.755074  286
27.773172  282
27.806721  683
27.812998  310
27.830083  306
27.842957  299
27.874540  661
27.910018  277
27.925212  422
27.937133  297
27.945823  416
27.950268  412
27.954952  285
27.964043  288
27.974506  281
27.990252  663
28.027063  273
28.117538  292
28.130992  303
28.152142  675
28.168822  287
28.196326  294
28.204835  266
28.209060  265
28.215118  262
28.218249  261
28.225006  620
28.240697  235
28.263594  360
28.298217  232
28.300070  605
28.316890  181
28.331809  200
28.337986  182
28.339659  195
28.362061  184
28.367899  187
28.372324  565
28.373997  147
28.376190  551
28.390417  186
28.399181  184
28.400854  185
28.415268  173
28.441001  535
28.448457  531
28.470868  152
28.486475  299
28.493312  290
28.502022  289
28.506327  162
28.513998  162
28.523361  158
28.537335  147
28.547388  102
28.548981  139
28.563274  128
28.595539  465
28.597612  109
28.632463  461
28.640099  94
28.646477  224
28.649029  76
28.652954  449
28.654707  59
28.662798  56
28.671928  426
28.692961  167
28.725466  38
28.730430  19
28.745438  27
28.750242  30
28.767325  47
28.772943  35
28.775135  47
28.800609  33
28.804595  414
28.815916  414
28.820741  25
28.831005  46
28.839914  51
28.846092  37
28.850497  37
28.872625  39
28.877729  405
28.961394  186
28.965379  191
28.980934  16
28.998133  27
29.004271  415
29.028328  54
29.058222  62
29.070817  71
29.107635  194
29.149447  193
29.185042  41
29.188568  53
29.199993  68
29.201986  37
29.203799  67
29.236473  52
29.264898  60
29.266771  73
29.306990  75
29.315355  76
29.359222  421
29.382838  426
29.392866  442
29.403309  23
29.452908  213
29.466782  65
29.470987  90
29.517534  87
29.550424  92
29.566086  93
29.579260  98
29.584012  436
29.599619  213
29.610621  62
29.644329  217
29.691767  69
29.698584  48
29.700237  73
29.704562  107
29.709007  76
29.720428  93
29.771104  77
29.781431  109
29.792697  462
29.794989  63
29.812708  117
29.822017  86
29.825483  120
29.842402  463
29.850493  85
29.861155  225
29.869525  84
29.877615  84
29.887463  443
29.904822  461
29.909587  117
29.911700  60
29.930892  103
29.938903  230
29.945700  233
29.947433  103
29.955783  52
29.962700  242
29.977568  248
29.981973  104
29.995049  115
30.023398  81
30.025011  123
30.086690  127
30.090875  473
30.101578  134
30.115172  119
30.117065  477
30.128147  111
30.132172  476
30.136117  92
30.140821  100
30.144667  487
30.168524  253
30.219781  70
30.223687  110
30.232038  132
30.236283  137
30.253462  117
30.266597  121
30.320906  128
30.330166  140
30.331919  106
30.356261  489
30.385296  143
30.398950  505
30.402776  92
30.404649  158
30.415831  102
30.438815  100
30.446805  484
30.470683  503
30.484057  135
30.491553  94
30.495698  140
30.502156  100
30.506521  532
30.519475  262
30.541279  79
30.547976  319
30.554074  315
30.560471  123
30.564376  161
30.597277  511
30.623066  187
30.687400  192
30.709759  196
30.717123  551
30.734982  131
30.739127  554
30.743312  134
30.774639  89
30.796764  139
30.826699  198
30.831483  201
30.834949  142
30.842305  60
30.847109  183
30.856537  177
30.865866  190
30.909171  192
30.911044  189
30.919734  552
30.926191  137
30.938452  197
30.940165  560
30.947090  188
30.949143  544
30.965724  547
30.983703  195
31.001102  116
31.002755  194
31.009299  115
31.031323  181
31.033416  203
31.038201  557
31.053008  554
31.055260  189
31.076645  179
31.085655  175
31.100482  189
31.112937  329
31.126851  197
31.130657  162
31.145244  329
31.171673  200
31.190701  570
31.193313  563
31.212925  203
31.236288  208
31.238520  193
31.263550  201
31.298250  570
31.315290  328
31.330177  187
31.340920  163
31.345785  576
31.425607  574
31.431885  204
31.451297  94
31.481824  210
31.491073  124
31.493745  192
31.521806  194
31.533666  217
31.568870  228
31.584057  578
31.590654  172
31.603214  232
31.618101  197
31.641399  201
31.647737  557
31.660292  565
31.665036  198
31.675798  202
31.681576  198
31.693637  572
31.727318  338
31.755560  341
31.771614  576
31.775619  192
31.792540  208
31.819709  587
31.850949  198
31.852842  210
31.878912  227
31.900382  245
31.925603  207
31.934313  242
31.967520  581
31.976349  209
31.978681  196
31.982387  614
31.993409  178
31.997474  200
31.999587  220
32.014941  348
32.051843  209
32.061332  215
32.065637  237
32.070741  201
32.084815  209
32.096636  222
32.104152  233
32.138156  219
32.156694  237
32.169868  601
32.177264  224
32.179556  225
32.189165  236
32.195523  603
32.210271  363
32.251040  214
32.284292  573
32.302691  178
32.322863  594
32.325535  225
32.337830  595
32.355600  238
32.362757  362
32.367701  188
32.374058  360
32.405828  604
32.413799  233
32.422194  235
32.434890  600
32.456374  221
32.467216  224
32.547155  230
32.558711  233
32.606588  603
32.615158  202
32.631083  355
32.670830  228
32.676768  216
32.683764  227
32.686476  225
32.704514  217
32.709917  215
32.712529  229
32.762934  215
32.765546  223
32.795315  220
32.799620  229
32.839048  226
32.860517  221
32.863728  220
32.884198  224
32.886530  586
32.896473  583
32.917294  205
32.924311  214
32.926623  218
32.933160  582
32.936426  218
32.940491  579
32.965150  218
32.969375  182
32.974723  589
32.990918  202
32.997515  199
33.025416  222
33.033766  586
33.059440  211
33.066277  212
33.114340  197
33.139804  200
33.142735  570
33.160972  173
33.189368  199
33.194232  199
33.201683  191
33.255850  341
33.271196  196
33.300005  193
33.312533  198
33.324693  204
33.350487  192
33.352480  191
33.355132  185
33.360355  183
33.371177  181
33.373729  174
33.380194  174
33.382886  188
33.388809  558
33.413965  185
33.423594  172
33.426246  171
33.428958  170
33.433962  169
33.436194  151
33.444024  168
33.445857  531
33.474503  145
33.475222  152
33.481439  162
33.490348  161
33.494673  523
33.507627  519
33.513370  124
33.554411  502
33.573783  122
33.614591  121
33.642126  483
33.646151  109
33.664204  80
33.681464  481
33.690139  110
33.695043  107
33.707718  104
33.711983  107
33.720953  106
33.741238  484
33.755073  238
33.756906  483
33.778950  99
33.780863  106
33.791525  91
33.802188  96
33.809065  87
33.832668  89
33.845228  83
33.849593  78
33.853818  75
33.858343  454
33.868086  450
33.879687  82
33.891036  77
33.895341  77
33.906523  61
33.913609  439
33.916281  76
33.950634  76
33.954999  80
33.977642  441
33.983440  51
34.023114  449
34.036888  71
34.046816  63
34.073045  72
34.089833  430
34.093599  55
34.103207  20
34.118574  31
34.122979  420
34.133741  416
34.140298  35
34.144483  411
34.149068  13
34.157486  46
34.178780  161
34.181152  411
34.201458  29
34.221358  20
34.234226  18
34.236458  16
34.265713  29
34.269878  22
34.274223  402
34.305998  42
34.335048  38
34.341466  27
34.346131  404
34.352349  9
34.367795  12
34.381049  30
34.383441  390
34.410477  8
34.463470  35
34.504470  44
34.519445  411
34.529148  7
34.593560  412
34.617597  409
34.632904  30
34.644786  36
34.649011  20
34.663307  27
34.688698  28
34.706777  25
34.728295  412
34.732620  40
34.748654  39
34.770915  32
34.782397  401
34.784150  16
34.785723  20
34.790328  8
34.795967  155
34.800810  389
34.804935  385
34.816876  0
34.852395  385
34.867846  12
34.869799  10
34.875262  17
34.883552  11
34.913826  23
34.925402  12
34.936085  394
34.967771  392
34.974448  11
34.994120  10
35.004922  10
35.011480  384
35.097525  21
35.107154  23
35.188298  16
35.193102  40
35.224485  9
35.285645  386
35.352892  23
35.357118  394
35.386738  10
35.395268  404
35.404711  17
35.433152  33
35.439769  401
35.446846  23
35.452764  407
35.461194  408
35.490888  12
35.511209  27
35.549534  28
35.551746  19
35.553599  411
35.564521  32
35.575084  32
35.576697  32
35.619111  41
35.658209  23
35.660222  18
35.675848  37
35.677581  398
35.744729  32
35.750687  24
35.790970  30
35.830273  415
35.836411  26
35.867424  24
35.886836  413
35.889288  417
35.901104  417
35.915278  427
35.931659  31
35.944214  40
35.950331  25
35.953697  24
35.956349  29
35.997322  419
36.005312  38
36.022646  427
36.025877  46
36.033013  46
36.037358  42
36.047221  51
36.070285  27
36.072877  52
36.085952  62
36.090676  37
36.098287  37
36.102392  47
36.121066  409
36.128899  37
36.131431  410
36.190709  44
36.197147  39
36.267714  428
36.271999  29
36.285713  430
36.295621  32
36.318559  430
36.332231  49
36.337790  63
36.339982  413
36.354450  39
36.356782  437
36.376514  437
36.390463  55
36.413805  41
36.416991  60
36.423615  34
36.437329  51
36.459454  432
36.468424  51
36.470297  46
36.496067  448
36.516174  52
36.537504  66
36.541669  63
36.557116  66
36.586144  167
36.588037  40
36.589870  442
36.600013  46
36.615744  413
36.633722  56
36.670580  63
36.743938  447
36.760223  46
36.771345  85
36.779435  448
36.783720  69
36.789328  65
36.793752  63
36.804294  175
36.814282  55
36.819126  452
36.823871  64
36.827697  427
36.832322  64
36.843364  68
36.850202  454
36.856460  460
36.865290  469
36.867622  466
36.878045  470
36.890726  54
36.896284  58
36.900330  78
36.902103  64
36.908700  80
36.914039  65
36.929865  78
36.939748  63
36.954716  73
36.962152  72
36.969703  78
36.994152  474
37.001723  474
37.005788  86
37.035108  101
37.039633  87
37.041286  442
37.047184  69
37.054580  98
37.069967  90
37.071840  80
37.080669  78
37.085833  179
37.094603  444
37.105186  86
37.107638  459
37.137558  63
37.164538  73
37.189214  77
37.217429  97
37.288568  104
37.290381  79
37.297318  109
37.313761  91
37.315933  80
37.339114  90
37.346690  477
37.353239  93
37.362125  460
37.366609  94
37.377052  502
37.396990  510
37.419328  102
37.427818  92
37.432263  118
37.443046  121
37.451543  95
37.453196  96
37.470176  101
37.481498  487
37.496745  107
37.518719  114
37.525097  212
37.531115  126
37.562791  134
37.565203  510
37.571501  133
37.585355  118
37.601808  135
37.615047  95
37.620765  126
37.630553  109
37.635817  223
37.651699  122
37.672409  119
37.685544  100
37.700451  135
37.746948  139
37.817844  515
37.823922  128
37.836063  117
37.850715  226
37.852328  140
37.856553  533
37.859165  119
37.865503  128
37.869768  500
37.876285  140
37.897695  130
37.910854  540
37.912707  131
37.914819  519
37.917431  120
37.920937  137
37.925801  143
37.930366  533
37.970436  135
37.983720  133
37.985513  534
37.990457  157
37.997933  148
38.004850  142
38.014438  142
38.029686  146
38.045660  144
38.052018  145
38.053591  136
38.059556  137
38.067871  154
38.070383  146
38.075108  142
38.082139  153
38.096731  525
38.102055  143
38.106640  509
38.113916  129
38.115769  149
38.123106  137
38.124959  523
38.139771  148
38.143537  132
38.147642  137
38.151567  113
38.162488  512
38.176261  259
38.183018  131
38.185530  131
38.187962  502
38.203769  152
38.236100  143
38.247041  519
38.265379  145
38.269724  136
38.288772  150
38.358573  130
38.394111  279
38.471056  145
38.537836  144
38.546465  134
38.548857  146
38.551449  155
38.617893  143
38.646758  153
38.658339  530
38.660871  532
38.663043  157
38.664956  128
38.666869  529
38.685428  156
38.691146  150
38.698083  132
38.705040  142
38.711198  144
38.716965  276
38.740788  138
38.743360  508
38.749442  513
38.759191  141
38.806523  150
38.819222  143
38.832480  148
38.859885  146
38.900145  141
38.912657  121
38.935584  275
38.937557  153
38.950112  135
38.959582  133
38.961195  130
38.966007  129
38.973463  142
38.977448  130
38.979021  127
38.986976  134
38.989688  496
38.992040  132
38.996605  120
39.001609  509
39.030888  128
39.040616  126
39.048132  119
39.050764  112
39.057721  111
39.061846  119
39.068723  106
39.072948  125
39.074741  104
39.097445  120
39.103903  121
39.110680  119
39.113272  119
39.115764  117
39.122560  115
39.132708  104
39.136533  117
39.147436  109
39.150108  470
39.155352  475
39.157844  104
39.160016  81
39.175862  102
39.200484  96
39.204989  95
39.213798  235
39.218183  97
39.219896  91
39.224820  90
39.227272  94
39.236321  464
39.240306  102
39.252107  93
39.256292  90
39.261076  86
39.271805  100
39.292990  96
39.301867  89
39.316199  92
39.341713  91
39.343286  90
39.349683  90
39.352774  88
39.375725  67
39.390054  70
39.392566  74
39.401995  216
39.416782  215
39.418994  93
39.420827  65
39.425012  63
39.443630  84
39.452260  75
39.456305  72
39.460017  80
39.462110  444
39.465975  444
39.467808  68
39.470320  68
39.473351  455
39.495494  73
39.499699  72
39.501352  69
39.506615  67
39.508668  57
39.512553  66
39.520049  62
39.526367  57
39.530332  56
39.531985  60
39.547471  60
39.549184  56
39.556061  55
39.573525  51
39.590973  412
39.595398  426
39.600762  59
39.615709  42
39.637253  52
39.641478  39
39.650747  49
39.654532  49
39.665122  188
39.667015  45
39.681467  54
39.694607  60
39.697519  412
39.708780  52
39.734810  51
39.739514  40
39.750417  42
39.780956  37
39.814190  42
39.816123  23
39.820148  20
39.824613  12
39.829018  18
39.831191  159
39.840361  12
39.843907  10
39.849171  37
39.851363  157
39.862826  31
39.869423  20
39.871596  15
39.874308  15
39.876201  19
39.880666  10
39.882299  9
39.883937  394
39.903709  12
39.910832  18
39.914957  8
39.919722  16
39.935329  20
39.943519  12
39.959805  24
39.963710  24
39.968135  21
39.972660  20
39.978838  16
39.991733  24
40.005907  387
40.008060  399
40.010232  398
40.011670  396
40.014242  395
40.020420  393
40.024645  1
40.030763  16
40.041565  0
40.046190  9
40.054940  4
40.059705  3
40.068395  0
40.071087  140
40.088087  11
40.092732  8
40.099069  379
40.103614  377
40.105966  3
40.108418  12
40.123367  10
40.141206  2
40.149236  5
40.164263  0
40.210084  113
40.223439  0
40.242141  0
40.247145  0
40.253523  0
40.272775  357
40.274868  0
40.283258  0
40.320450  0
40.336930  0
40.374821  353
40.439616  105
40.465727  337
40.603017  1
40.652290  1
40.670929  0
40.674755  1
40.685877  2
40.694646  14
40.762402  21
40.781614  23
40.787841  35
40.806160  25
40.814510  17
40.831671  111
40.846419  18
40.876658  4
40.884074  0
40.894697  6
40.922221  10
40.941513  9
40.986163  45
40.999851  116
41.004495  46
41.013105  128
41.023767  9
41.032937  25
41.037642  20
41.039914  6
41.050257  21
41.071842  11
41.073515  41
41.082544  26
41.090035  5
41.097372  49
41.105721  25
41.107334  7
41.115010  31
41.127266  1
41.132670  40
41.142386  26
41.146711  48
41.155461  16
41.164679  11
41.171036  40
41.179386  29
41.190248  42
41.199117  52
41.202783  353
41.208981  49
41.211613  69
41.217910  367
41.239615  44
41.263178  23
41.264811  48
41.283830  54
41.285863  24
41.290068  0
41.297245  35
41.299058  28
41.312800  36
41.340856  42
41.345360  44
41.351705  47
41.389097  39
41.415707  71
41.427443  135
41.432168  66
41.442111  161
41.448888  77
41.451520  44
41.473885  38
41.494891  54
41.499356  52
41.517195  68
41.519008  58
41.520721  54
41.537561  56
41.547936  48
41.559278  56
41.573112  14
41.579789  65
41.592704  71
41.594877  56
41.610072  54
41.623353  43
41.665860  30
41.672617  85
41.674690  78
41.677222  62
41.690196  101
41.691789  92
41.698166  56
41.709588  103
41.711840  73
41.719771  75
41.728281  55
41.741616  61
41.745821  81
41.750126  43
41.762002  55
41.766407  58
41.773044  58
41.778602  57
41.812086  70
41.821755  59
41.828292  76
41.847232  56
41.902403  103
41.912406  108
41.921176  72
41.925461  115
41.930366  76
41.937870  94
41.965573  107
41.984512  84
41.990997  67
41.994922  75
41.996815  98
42.009330  100
42.013075  87
42.016541  105
42.029636  108
42.031409  100
42.042540  123
42.044712  80
42.056833  106
42.063330  79
42.069688  74
42.071561  118
42.077919  113
42.085130  95
42.087642  127
42.099377  81
42.113490  91
42.120367  114
42.129257  100
42.142632  120
42.148550  125
42.153649  72
42.170828  86
42.178319  125
42.189453  126
42.191486  104
42.205268  133
42.209733  133
42.215132  134
42.219956  100
42.236461  127
42.242060  22
42.254008  96
42.279677  108
42.314829  116
42.323079  117
42.349089  128
42.362384  118
42.406393  111
42.410218  122
42.416356  135
42.425486  113
42.435234  144
42.443624  121
42.450948  120
42.462949  110
42.487113  130
42.504233  119
42.507699  132
42.514915  130
42.516608  129
42.521033  129
42.525458  136
42.536041  138
42.551342  108
42.558079  147
42.566849  132
42.577052  123
42.581656  129
42.590505  134
42.602581  126
42.625757  138
42.630022  149
42.639212  126
42.641624  146
42.651867  136
42.655553  116
42.681622  119
42.688639  138
42.700041  144
42.706059  148
42.708231  129
42.711597  142
42.722933  129
42.731723  130
42.738560  127
42.751382  44
42.753015  129
42.764377  138
42.770475  134
42.778506  132
42.826878  137
42.901575  142
42.952427  153
42.966441  86
43.033281  132
43.035094  142
43.048847  141
43.059150  150
43.081009  134
43.121154  133
43.132995  137
43.156999  129
43.158572  155
43.184234  158
43.199160  154
43.205018  140
43.208149  152
43.229599  158
43.234303  151
43.243013  136
43.244626  145
43.253096  136
43.268003  115
43.274220  131
43.281891  135
43.290848  145
43.297245  143
43.335699  144
43.343155  137
43.347240  146
43.359675  145
43.373149  133
43.382478  146
43.393940  142
43.428538  158
43.442119  139
43.451487  160
43.459762  171
43.479478  174
43.484462  153
43.493411  142
43.524443  145
43.533473  142
43.539930  158
43.545214  148
43.549299  159
43.553544  148
43.558169  154
43.560561  154
43.567378  151
43.584003  146
43.587569  158
43.598351  149
43.602796  160
43.623810  151
43.641513  154
43.643426  159
43.646118  152
43.658792  146
43.663836  159
43.681135  166
43.683827  174
43.689011  154
43.695708  157
43.709629  170
43.712261  147
43.713974  173
43.735817  161
43.743879  148
43.748343  165
43.777783  160
43.786153  153
43.800646  126
43.816652  149
43.819364  158
43.834791  159
43.857214  153
43.869953  160
43.883188  157
43.885660  156
43.891977  150
43.901905  153
43.904577  151
43.934976  165
43.958013  173
43.970713  173
43.976391  158
43.981295  163
44.001710  174
44.011418  136
44.015783  181
44.021534  156
44.027739  161
44.029432  161
44.047371  162
44.061271  161
44.079129  168
44.087958  170
44.098006  171
44.105642  151
44.121827  174
44.128903  156
44.137632  174
44.150347  164
44.185546  157
44.187639  165
44.191824  162
44.198401  158
44.219790  175
44.222382  183
44.225094  164
44.227207  179
44.229319  160
44.241527  177
44.252234  176
44.256179  180
44.274024  173
44.275637  167
44.281020  162
44.286423  177
44.290448  170
44.299797  166
44.306863  160
44.320728  161
44.330596  139
44.333228  155
44.335600  161
44.348481  162
44.353365  161
44.383764  157
44.406788  156
44.419008  157
44.442590  155
44.456783  167
44.476159  162
44.482369  146
44.484821  162
44.494130  146
44.497321  161
44.499793  158
44.511633  145
44.514185  157
44.522964  138
44.535791  145
44.540236  142
44.544560  144
44.548625  144
44.561260  145
44.568376  140
44.570029  137
44.573954  136
44.575567  134
44.585242  151
44.591080  149
44.601210  141
44.602823  140
44.604816  148
44.607208  140
44.624721  145
44.632596  139
44.638618  136
44.654488  137
44.657699  136
44.664996  139
44.676478  133
44.678690  145
44.681162  131
44.683274  128
44.689899  130
44.702594  133
44.706160  136
44.709925  134
44.723403  149
44.725735  143
44.727907  131
44.735283  129
44.737056  140
44.739528  128
44.743553  129
44.745965  138
44.752322  144
44.771877  138
44.774249  137
44.787850  136
44.800371  126
44.805155  133
44.811572  124
44.816137  123
44.820362  116
44.831268  122
44.836751  121
44.840257  119
44.874634  122
44.882944  121
44.892452  119
44.912807  126
44.932024  122
44.943665  132
44.962937  113
44.969874  133
44.975931  114
44.978223  128
44.979856  128
44.984780  113
44.987392  126
44.998138  112
45.000031  97
45.003277  96
45.008305  97
45.011911  95
45.026155  97
45.029421  97
45.031573  96
45.033246  96
45.040462  98
45.050018  110
45.068763  99
45.070496  108
45.074848  93
45.077400  107
45.088446  89
45.093410  105
45.100567  100
45.102200  100
45.106505  85
45.108118  83
45.118620  89
45.123304  80
45.125357  77
45.127629  77
45.132653  74
45.143795  74
45.148799  77
45.151091  77
45.164092  88
45.166744  72
45.171768  69
45.173721  67
45.181197  76
45.201868  78
45.204480  75
45.211057  75
45.214982  70
45.220507  67
45.225271  57
45.238305  60
45.243289  60
45.247134  49
45.256303  58
45.258116  55
45.267425  60
45.302924  60
45.312417  65
45.337034  57
45.347976  48
45.359297  61
45.371793  42
45.378450  57
45.392643  50
45.398446  47
45.411867  44
45.416012  46
45.418284  45
45.424781  47
45.435084  41
45.448878  44
45.450691  43
45.455535  40
45.457248  52
45.459640  45
45.467256  32
45.469189  41
45.470762  29
45.475486  40
45.477059  30
45.484795  29
45.490573  15
45.495237  18
45.503727  20
45.510044  20
45.522958  15
45.530334  17
45.550413  16
45.554978  15
45.576293  19
45.580418  18
45.582630  6
45.587374  2
45.589047  0
45.612231  0
45.623173  0
45.625026  0
45.631583  12
45.640752  0
45.669162  0
45.683056  1
45.699616  0
45.738440  8
45.751254  0
45.766241  0
45.790157  0
45.804985  0
45.817386  0
45.842936  0
45.899400  0
45.916480  0
46.064690  0
46.311597  0
46.462929  3
46.475644  0
46.507391  9
46.512135  2
46.543164  22
46.545796  0
46.602841  15
46.640660  6
46.657680  25
46.660272  17
46.683940  1
46.748621  9
46.771640  4
46.773613  3
46.802733  26
46.823039  22
46.828757  0
46.837706  16
46.839439  20
46.846376  21
46.850861  19
46.852774  23
46.869794  26
46.874539  18
46.903359  0
46.912269  36
46.927456  42
46.942604  18
46.955879  19
46.961697  18
46.980076  42
47.000822  18
47.002435  22
47.013377  41
47.017602  20
47.037494  39
47.052382  21
47.068389  17
47.076699  25
47.142073  30
47.151083  37
47.162665  48
47.173688  52
47.183563  16
47.193870  21
47.208323  38
47.217213  35
47.219246  42
47.232121  36
47.240971  41
47.243064  37
47.250001  42
47.258012  39
47.279725  56
47.287816  22
47.293534  49
47.296206  41
47.303523  42
47.309641  59
47.313427  42
47.328918  67
47.335396  39
47.345859  42
47.352796  19
47.364098  51
47.374980  48
47.387876  68
47.398558  20
47.410754  38
47.412727  57
47.419244  57
47.423729  59
47.434311  48
47.439270  72
47.441802  78
47.471490  57
47.474696  43
47.488010  47
47.581150  31
47.583343  75
47.587228  52
47.591274  79
47.592927  38
47.608713  51
47.613577  84
47.620894  64
47.634009  65
47.641086  54
47.645411  62
47.649356  62
47.654140  64
47.655953  56
47.660038  58
47.668848  59
47.675345  58
47.677278  70
47.681483  74
47.690333  80
47.712717  62
47.714290  89
47.719474  64
47.723260  75
47.744246  76
47.750224  92
47.753355  65
47.771668  44
47.782350  45
47.789186  81
47.796517  78
47.807519  83
47.832990  80
47.837375  76
47.839368  80
47.846425  87
47.848478  86
47.858980  82
47.865777  92
47.872454  93
47.878752  82
47.882638  82
47.884531  84
47.891348  86
47.899878  98
47.904543  75
47.961095  46
47.975843  82
47.986965  69
47.996202  90
48.006485  96
48.015409  92
48.035426  53
48.041684  82
48.045909  101
48.048581  82
48.054840  87
48.068441  87
48.091139  85
48.098536  85
48.102461  98
48.111591  94
48.120441  97
48.124306  102
48.133576  88
48.144359  89
48.158866  84
48.167396  91
48.178618  103
48.189161  112
48.191433  90
48.212659  99
48.216329  93
48.220575  90
48.226953  101
48.231617  102
48.252832  99
48.256278  114
48.274056  100
48.279794  111
48.283959  104
48.291096  102
48.293408  111
48.308096  97
48.318339  121
48.323303  118
48.339983  110
48.351205  95
48.355810  97
48.384334  108
48.414762  108
48.424251  96
48.443084  116
48.462456  114
48.479797  87
48.484182  107
48.496158  111
48.505427  110
48.513624  103
48.520541  115
48.525545  108
48.527138  108
48.531283  113
48.534494  110
48.540513  110
48.549103  110
48.602680  122
48.611230  111
48.632339  116
48.643760  120
48.648025  105
48.649758  117
48.658628  112
48.667877  113
48.699385  117
48.707776  107
48.712800  125
48.715112  107
48.752525  119
48.771797  123
48.788918  111
48.801793  130
48.806457  148
48.830054  152
48.835572  115
48.880241  118
48.919818  144
48.946253  127
48.961161  120
48.962954  156
48.980734  142
49.006344  119
49.010809  118
49.017187  122
49.024124  141
49.025877  124
49.028329  113
49.032555  159
49.036440  146
49.040545  123
49.043711  156
49.052660  141
49.057405  152
49.059857  161
49.068428  155
49.085173  145
49.094003  163
49.100920  126
49.103252  141
49.106818  157
49.110823  154
49.123357  133
49.130214  142
49.134599  154
49.141256  148
49.160936  164
49.164941  142
49.171778  142
49.193735  163
49.202664  140
49.204457  157
49.210754  145
49.221657  163
49.254984  153
49.269572  159
49.273258  156
49.278102  159
49.310411  171
49.312543  170
49.339706  157
49.344011  180
49.346723  155
49.392665  171
49.411558  140
49.443835  177
49.468532  184
49.481027  157
49.483339  189
49.488878  165
49.491170  163
49.499193  159
49.501246  187
49.524882  174
49.548100  176
49.549773  182
49.551346  157
49.565873  181
49.575909  177
49.580134  183
49.584219  174
49.607406  181
49.614882  162
49.631097  195
49.633809  160
49.647423  173
49.654300  162
49.672378  188
49.673951  202
49.676403  194
49.690791  169
49.707117  209
49.716386  181
49.730514  196
49.743149  176
49.749567  188
49.763102  201
49.766608  204
49.770773  188
49.793278  177
49.797583  193
49.816715  167
49.830089  190
49.838939  195
49.847769  203
49.849522  181
49.883312  209
49.885005  198
49.894713  206
49.899318  189
49.974885  189
49.983476  206
49.985549  213
50.000477  209
50.023841  192
50.032431  194
50.045227  214
50.047439  205
50.056709  195
50.082480  208
50.085192  214
50.095655  193
50.099640  218
50.102711  188
50.104484  205
50.108369  209
50.118072  213
50.119665  220
50.121238  204
50.124504  211
50.151791  211
50.163687  210
50.165340  212
50.168946  219
50.183618  206
50.202731  225
50.211041  214
50.225749  217
50.231467  227
50.238903  228
50.241075  229
50.247419  215
50.249132  207
50.251045  210
50.258062  216
50.264839  230
50.271617  210
50.277975  211
50.314560  225
50.322750  219
50.324423  221
50.345073  228
50.346646  225
50.349258  221
50.366657  217
50.395798  224
50.404528  229
50.410686  233
50.425767  217
50.453245  222
50.470085  226
50.472217  229
50.473870  222
50.483293  220
50.538363  232
50.551657  231
50.593172  226
50.600209  232
50.605014  234
50.622857  229
50.632685  222
50.647692  231
50.658574  228
50.665151  231
50.678781  230
50.683226  227
50.691477  233
50.693829  227
50.705145  233
50.710623  231
50.726909  235
50.738311  224
50.742376  231
50.753298  226
50.774822  238
50.777534  231
50.794266  238
50.802685  243
50.808049  237
50.812993  230
50.822841  238
50.824953  235
50.826626  225
50.834062  229
50.858458  234
50.863722  233
50.866114  232
50.868726  232
50.903082  231
50.913589  232
50.924037  225
50.930874  229
50.966589  236
50.975199  229
50.977751  231
50.981976  232
50.983569  232
51.007919  234
51.012244  231
51.017148  228
51.021033  231
51.025198  228
51.086071  230
51.173308  236
51.176614  240
51.179026  240
51.183171  235
51.194691  245
51.209131  231
51.219992  242
51.226269  243
51.249090  234
51.264422  243
51.268587  236
51.278550  244
51.296177  238
51.308377  246
51.314095  240
51.318440  230
51.322924  236
51.330408  245
51.346953  239
51.359357  251
51.364501  249
51.372756  249
51.376422  244
51.383099  226
51.390395  247
51.392288  241
51.395379  245
51.399264  242
51.408622  240
51.428578  237
51.431709  245
51.433442  244
51.437767  243
51.440379  238
51.448154  243
51.450546  243
51.458656  234
51.464958  239
51.473328  242
51.474941  237
51.485687  237
51.487520  233
51.510022  235
51.521053  234
51.522646  236
51.526411  235
51.529997  220
51.534162  219
51.542696  221
51.549493  218
51.554857  218
51.561514  216
51.564900  217
51.568031  216
51.631208  221
51.649317  233
51.677209  230
51.708800  232
51.723651  233
51.733179  226
51.737923  224
51.740235  224
51.751557  214
51.755722  215
51.763098  216
51.781835  230
51.791583  228
51.802265  223
51.824213  225
51.846415  226
51.849586  221
51.851199  226
51.865860  223
51.869470  227
51.887488  219
51.899903  211
51.902395  217
51.904907  212
51.907099  210
51.915374  210
51.917686  208
51.922490  211
51.927941  209
51.930193  213
51.940425  206
51.942817  206
51.956258  203
51.958410  198
51.966465  202
51.971309  200
51.981337  195
52.002062  205
52.003675  205
52.018646  205
52.025430  214
52.032052  207
52.047743  203
52.051749  196
52.066502  203
52.071880  200
52.079703  201
52.083548  201
52.085201  196
52.109125  178
52.134618  180
52.136211  179
52.170884  168
52.204115  171
52.210193  170
52.212246  169
52.214718  163
52.218963  161
52.221635  160
52.223827  159
52.228212  163
52.236088  154
52.238261  158
52.243125  152
52.244778  152
52.246551  156
52.248144  152
52.250855  145
52.254980  144
52.256713  144
52.258286  134
52.263134  135
52.265646  125
52.270091  125
52.274396  122
52.292336  110
52.296681  103
52.306449  92
52.313393  83
52.330133  90
52.334638  88
52.337010  84
52.339302  77
52.357320  76
52.359472  77
52.366049  71
52.374239  65
52.380617  64
52.385222  62
52.389407  64
52.409968  67
52.413993  64
52.426829  59
52.440003  55
52.455589  39
52.481658  24
52.486103  24
52.515590  19
52.527150  11
52.550472  15
52.554258  13
52.558363  12
52.560396  12
52.564741  15
52.570499  2
52.575243  3
52.579168  0
52.593676  0
52.618399  1
52.624717  4
52.639086  6
52.649069  3
52.663242  3
52.665734  8
52.685946  5
52.703006  18
52.726522  12
52.745676  12
52.754346  5
52.781913  14
52.813587  3
52.836805  0
52.838678  0
52.892663  6
52.908610  13
52.922545  8
52.958817  12
53.040127  16
53.057901  3
53.065312  16
53.068423  14
53.075120  19
53.248676  18
53.251248  20
53.253820  7
53.260057  16
53.267633  6
53.272218  7
53.286946  10
53.312082  14
53.314015  11
53.328863  11
53.373140  20
53.385955  9
53.392193  22
53.394046  20
53.399050  31
53.404868  11
53.422841  20
53.454641  8
53.476820  19
53.518837  10
53.537017  14
53.596320  18
53.606872  21
53.611017  12
53.617395  27
53.619747  23
53.624806  16
53.628971  32
53.630824  13
53.632417  26
53.643448  28
53.663341  25
53.669059  40
53.679501  17
53.690211  29
53.693417  40
53.703125  20
53.721977  18
53.737224  26
53.761120  28
53.763272  46
53.767597  31
53.780852  31
53.785596  30
53.791474  37
53.807381  43
53.814258  27
53.830618  17
53.844691  41
53.866895  34
53.886347  34
53.890972  46
53.925726  30
53.986396  37
53.992693  45
54.003176  44
54.009733  41
54.015591  26
54.017284  41
54.023941  50
54.028586  42
54.032751  53
54.035323  48
54.054782  61
54.065485  58
54.073935  56
54.082505  35
54.089921  38
54.098651  37
54.107920  28
54.115077  39
54.130425  45
54.152683  13
54.154915  60
54.159100  46
54.169211  41
54.176028  56
54.181906  70
54.186311  47
54.187964  63
54.213069  48
54.215541  60
54.217674  49
54.224551  69
54.226444  65
54.230489  70
54.237306  56
54.243504  61
54.261890  74
54.271434  63
54.297389  63
54.299521  54
54.324712  62
54.333941  52
54.352340  59
54.368082  39
54.405566  63
54.433869  67
54.450769  71
54.455394  88
54.471161  82
54.475806  92
54.496971  63
54.501476  76
54.509686  92
54.535797  45
54.549131  71
54.551204  60
54.576720  79
54.586269  70
54.598905  77
54.603959  84
54.605612  100
54.614861  83
54.628969  94
54.636306  102
54.645415  82
54.647248  79
54.651513  93
54.655998  86
54.658390  101
54.663634  82
54.665627  85
54.681362  86
54.692638  94
54.701048  98
54.716114  87
54.737959  92
54.771507  104
54.781770  92
54.807967  71
54.823402  91
54.845007  94
54.857102  102
54.865472  95
54.876354  94
54.880899  90
54.885024  101
54.898159  94
54.906509  104
54.915873  109
54.938616  113
54.949406  102
54.953751  93
54.966106  103
54.983086  61
54.999887  97
55.017267  104
55.034581  109
55.041418  108
55.051126  103
55.062728  107
55.070379  124
55.077176  112
55.094895  110
55.109462  121
55.111035  114
55.112768  126
55.121357  117
55.123070  100
55.128074  105
55.132019  106
55.151565  117
55.193501  117
55.197826  115
55.210541  125
55.222502  121
55.238223  117
55.250998  118
55.271554  119
55.298662  117
55.317734  117
55.330949  120
55.339643  115
55.345745  119
55.347658  123
55.357111  122
55.363988  131
55.369646  121
55.381227  133
55.402373  119
55.406518  133
55.408331  125
55.410623  127
55.429283  135
55.430956  118
55.459017  105
55.463961  116
55.482374  132
55.486999  121
55.495394  122
55.506576  132
55.524869  131
55.529054  127
55.537471  136
55.542815  129
55.546860  132
55.565807  135
55.576234  132
55.582412  142
55.592256  124
55.596441  132
55.610175  127
55.616832  120
55.627654  140
55.672162  135
55.690701  118
55.701884  136
55.711353  130
55.713046  129
55.729292  123
55.767759  124
55.781433  145
55.819245  145
55.821118  136
55.826046  141
55.830631  133
55.834017  135
55.838042  136
55.848150  148
55.856859  163
55.865089  142
55.875472  159
55.887548  144
55.897345  127
55.899138  143
55.905955  148
55.916178  144
55.918670  134
55.922216  139
55.934157  146
55.946612  137
55.959807  138
55.971436  146
55.984551  141
55.988476  149
56.000038  144
56.020429  168
56.022502  147
56.028127  147
56.038790  170
56.043435  166
56.045488  169
56.049873  175
56.056950  142
56.063128  186
56.073911  155
56.078776  178
56.107657  147
56.116148  157
56.120253  149
56.124538  167
56.126950  167
56.140225  165
56.144630  163
56.151367  163
56.161350  187
56.195730  165
56.210238  171
56.214943  167
56.235568  166
56.246965  170
56.262211  163
56.271679  168
56.295765  166
56.300409  175
56.308759  170
56.340266  193
56.348596  164
56.357086  182
56.361691  189
56.371121  166
56.385674  200
56.389659  195
56.400701  192
56.408432  197
56.415649  184
56.426951  158
56.433629  187
56.437334  206
56.439367  189
56.452282  179
56.456287  195
56.458020  207
56.478132  188
56.501959  168
56.506164  188
56.532533  184
56.543838  189
56.550535  190
56.562456  197
56.568104  214
56.572169  186
56.574541  193
56.585842  195
56.590826  204
56.592719  221
56.594512  201
56.611720  214
56.623381  194
56.638988  198
56.646719  218
56.658195  209
56.666869  207
56.668442  199
56.676912  208
56.685502  200
56.702782  210
56.708600  210
56.739533  203
56.756034  199
56.759740  204
56.783397  200
56.799024  211
56.809028  203
56.822523  206
56.826328  208
56.849606  211
56.864581  195
56.896035  218
56.912528  219
56.914880  209
56.920044  201
56.930607  218
56.934713  218
56.938798  222
56.942584  212
56.961010  213
56.972012  233
56.994690  228
56.998875  223
57.010623  226
57.013135  218
57.028522  217
57.030355  222
57.045172  218
57.059819  214
57.094977  216
57.115289  227
57.121990  214
57.124382  219
57.132419  225
57.147238  233
57.153815  233
57.163623  223
57.172692  242
57.180048  226
57.181701  240
57.196413  233
57.200998  246
57.214232  224
57.221308  242
57.227812  244
57.236422  234
57.245331  238
57.251409  229
57.264133  243
57.280877  219
57.311463  230
57.323310  233
57.344000  222
57.345773  237
57.360066  223
57.364151  236
57.407025  233
57.460434  239
57.467705  241
57.471850  237
57.485083  237
57.499935  234
57.521384  238
57.529260  233
57.535517  235
57.541295  235
57.559928  235
57.562400  232
57.581956  231
57.589950  236
57.592322  232
57.600872  234
57.616610  230
57.625659  235
57.674431  237
57.677957  245
57.684673  243
57.707600  240
57.711845  236
57.714956  239
57.728500  240
57.745160  234
57.772247  243
57.776432  247
57.805945  237
57.824372  243
57.826804  244
57.832207  247
57.855845  241
57.989155  251
57.993320  254
58.000137  253
58.012777  244
58.036893  253
58.048398  254
58.051289  249
58.059165  237
58.061357  250
58.071445  248
58.073558  241
58.081154  248
58.091082  245
58.098238  241
58.100950  240
58.105575  247
58.117484  248
58.134842  248
58.137454  248
58.165360  247
58.172821  245
58.188866  248
58.191078  244
58.224587  245
58.235888  242
58.243584  245
58.255559  250
58.258051  251
58.271265  237
58.275570  238
58.282067  237
58.286818  235
58.294988  230
58.302205  229
58.304178  233
58.304997  229
58.319849  228
58.324574  229
58.326187  232
58.328479  231
58.330631  227
58.337667  224
58.343570  219
58.346042  212
58.348394  214
58.354971  212
58.360494  212
58.377319  195
58.379152  190
58.413415  193
58.416606  191
58.418379  191
58.421051  194
58.441729  191
58.444720  197
58.449085  190
58.465391  197
58.472548  190
58.491127  187
58.523862  193
58.525715  192
58.551656  192
58.552615  181
58.555047  174
58.557599  174
58.563657  167
58.566049  165
58.581664  165
58.584835  170
58.589979  163
58.592151  158
58.608759  154
58.611471  153
58.620260  152
58.625025  139
58.629190  142
58.636287  137
58.652693  136
58.667074  142
58.700834  156
58.703266  152
58.716715  145
58.724757  129
58.729641  127
58.731294  127
58.733686  128
58.737991  126
58.744309  124
58.753498  126
58.765234  122
58.770018  123
58.771831  125
58.779307  106
58.790050  107
58.814498  108
58.818048  113
58.827451  115
58.847949  106
58.852114  110
58.866642  98
58.868335  94
58.874653  90
58.879138  90
58.883643  87
58.899509  84
58.908839  75
58.926599  78
58.946589  71
58.955559  64
58.959824  63
58.972546  67
58.976451  62
58.991997  74
59.022553  73
59.026798  73
59.033076  72
59.038734  71
59.057092  71
59.059664  65
59.067115  73
59.088773  68
59.090926  67
59.097683  60
59.099975  60
59.107323  56
59.109116  54
59.113341  57
59.117526  54
59.144846  53
59.146599  58
59.153176  48
59.162664  47
59.169041  44
59.183589  42
59.185921  44
59.192938  51
59.211237  40
59.220307  29
59.223593  25
59.228577  25
59.233362  24
59.248389  23
59.257119  20
59.276611  27
59.282789  30
59.293992  25
59.305054  22
59.319982  26
59.326759  32
59.330644  27
59.336722  24
59.341446  27
59.354161  23
59.368269  23
59.405547  31
59.409912  24
59.460691  27
59.462364  26
59.469620  30
59.513094  25
59.515566  33
59.526609  38
59.549107  25
59.589791  33
59.601493  28
59.623872  26
59.630089  29
59.681809  23
59.739921  45
59.744805  37
59.762324  30
59.772267  46
59.777446  45
59.780457  39
59.783129  47
59.798444  51
59.823354  33
59.832483  28
59.852669  46
59.861219  50
59.891454  46
59.893547  57
59.917724  36
59.941041  42
59.949911  48
59.977214  39
59.979247  53
59.986424  28
