# t(s) QueuingDelay(ms)
10.142186  0
10.148852  0
10.184004  0
10.192775  5
10.235865  2
10.265100  9
10.276162  17
10.278594  12
10.291230  18
10.293502  32
10.305457  21
10.316171  27
10.329206  35
10.337516  45
10.346386  59
10.356229  52
10.358721  62
10.360774  86
10.372056  56
10.387483  57
10.403270  87
10.411820  62
10.417138  91
10.432763  69
10.440434  76
10.443146  96
10.447191  102
10.456934  97
10.459067  91
10.479298  104
10.500923  113
10.530190  97
10.536687  102
10.548089  107
10.554487  10
10.572686  147
10.583369  19
10.602691  128
10.610502  23
10.633366  150
10.640203  128
10.661349  210
10.663202  161
10.675103  174
10.679468  36
10.683754  237
10.688658  191
10.697209  213
10.711817  217
10.722699  241
10.729516  227
10.735714  231
10.746735  243
10.753073  16
10.758911  247
10.771873  253
10.779864  252
10.785128  50
10.798350  53
10.812284  237
10.837854  87
10.857971  74
10.879477  108
10.884681  248
10.900313  266
10.901946  121
10.919386  287
10.921559  144
10.924211  109
10.944270  115
10.952660  172
10.954513  288
10.979844  160
10.992558  188
10.996983  191
11.008670  313
11.029602  193
11.036459  304
11.044110  369
11.045723  191
11.079303  198
11.083009  459
11.085381  206
11.103134  342
11.115970  353
11.122707  482
11.127711  221
11.131916  354
11.140446  502
11.146864  403
11.173333  232
11.194357  211
11.207746  511
11.210018  56
11.234188  520
11.246910  246
11.248603  408
11.257053  267
11.263650  276
11.272220  425
11.276066  271
11.287428  441
11.292193  213
11.318682  461
11.320695  252
11.322268  523
11.344493  553
11.353034  478
11.368081  554
11.370273  485
11.374379  287
11.390800  301
11.409518  285
11.422420  500
11.436175  305
11.446438  90
11.461385  303
11.468003  558
11.477013  597
11.481318  314
11.498757  322
11.502443  97
11.508401  307
11.534017  326
11.546370  344
11.552268  521
11.555834  346
11.568848  603
11.575825  114
11.592265  609
11.602169  358
11.620782  623
11.625214  375
11.630498  355
11.640749  604
11.642882  180
11.655147  360
11.664915  627
11.671053  382
11.677351  686
11.687634  633
11.699395  688
11.701528  637
11.714043  701
11.716375  659
11.729027  717
11.740409  372
11.750452  718
11.759706  633
11.761759  194
11.778206  725
11.785523  211
11.791082  731
11.793534  390
11.824168  733
11.835538  756
11.846500  759
11.848333  408
11.854990  393
11.857442  772
11.872049  485
11.876554  642
11.878727  409
11.894928  490
11.899433  654
11.908503  512
11.914581  531
11.919306  459
11.926428  542
11.933984  776
11.936236  538
11.938408  661
11.948691  482
11.964365  779
11.970303  500
11.997173  797
12.003770  714
12.016285  724
12.020810  514
12.023462  837
12.035857  756
12.051664  786
12.055470  533
12.058002  862
12.080567  878
12.091869  543
12.100040  234
12.109564  552
12.114188  887
12.120745  550
12.140197  559
12.155711  907
12.159557  558
12.182155  830
12.188493  561
12.192578  925
12.194950  831
12.212170  837
12.224455  564
12.227426  930
12.233224  851
12.234937  296
12.251383  952
12.268537  966
12.283603  992
12.303255  306
12.311026  563
12.339336  383
12.373035  391
12.383978  995
12.394500  938
12.402931  834
12.409508  385
12.438091  561
12.452219  380
12.481080  831
12.542206  577
12.591553  577
12.613445  588
12.642569  1105
12.665588  602
12.685240  635
12.700636  857
12.736174  1112
12.738486  669
12.759217  932
12.773705  949
12.795444  1072
12.797696  966
12.857031  677
12.871618  1011
12.918848  691
12.931563  711
12.944738  1030
12.946930  592
12.960205  713
12.968355  1097
12.985675  599
12.999988  1130
13.017107  1144
13.042521  1133
13.051470  634
13.061838  1163
13.093465  1088
13.131005  1007
13.156700  658
13.185741  425
13.221887  463
13.240639  497
13.344414  671
13.350452  723
13.355196  9
13.380247  688
13.393193  28
13.414098  710
13.424660  731
13.450318  729
13.454863  722
13.457395  44
13.470450  733
13.489768  59
13.508141  65
13.535762  735
13.545851  763
13.554521  696
13.558726  696
13.574978  695
13.585460  691
13.594610  500
13.604933  686
13.672013  702
13.678790  683
13.681262  695
13.695421  690
13.701739  683
13.707836  681
13.709749  72
13.715547  670
13.727648  666
13.741847  659
13.747625  690
13.750659  412
13.757416  406
13.765434  403
13.782310  399
13.797489  390
13.803587  566
13.805220  383
13.817504  562
13.835066  376
13.841244  553
13.843656  371
13.854359  370
13.856751  540
13.865361  368
13.958041  543
13.989588  563
14.001110  0
14.005176  22
14.125971  4
14.143352  584
14.167479  0
14.196153  337
14.213049  27
14.226244  32
14.239899  516
14.241772  33
14.243525  511
14.250482  511
14.256460  507
14.260445  507
14.273380  502
14.280377  0
14.294410  518
14.300179  284
14.384181  288
14.390758  325
14.393370  0
14.400127  345
14.407104  346
14.415235  348
14.426544  352
14.435030  354
14.441727  358
14.451670  475
14.455855  361
14.474015  489
14.495540  483
14.542369  373
14.569123  408
14.587461  410
14.590013  484
14.610379  514
14.613885  425
14.621081  524
14.631984  444
14.634196  15
14.646112  455
14.647745  67
14.673444  466
14.689935  475
14.691668  74
14.708294  82
14.747597  84
14.754354  93
14.766337  109
14.819612  145
14.842700  147
14.859001  151
14.889382  177
14.927383  191
14.938505  27
14.996777  486
15.031144  489
15.065124  140
15.067236  193
15.081025  691
15.092226  509
15.112557  213
15.130137  280
15.155407  289
15.173726  510
15.181017  332
15.183629  754
15.190487  523
15.208906  222
15.210759  775
15.217097  569
15.271548  87
15.277826  533
15.292254  540
15.301144  569
15.335443  542
15.344213  106
15.360394  714
15.394736  601
15.437174  134
15.448635  623
15.455521  723
15.478959  220
15.488094  229
15.496684  224
15.505893  646
15.512790  255
15.534595  260
15.552788  270
15.555200  296
15.585914  275
15.602915  313
15.611185  39
15.651474  655
15.657352  277
15.675118  80
15.683928  322
15.732731  779
15.743773  126
15.774781  324
15.823855  654
15.877513  701
15.925227  293
15.945953  704
15.950378  724
15.956676  775
15.974636  798
16.010114  281
16.048679  287
16.088382  820
16.152868  736
16.159165  393
16.182963  311
16.220256  758
16.264946  773
16.316850  791
16.347576  333
16.373212  315
16.398889  800
16.515218  334
16.590197  340
16.647043  349
16.666595  351
16.676898  145
16.686841  434
16.731169  363
16.744044  146
16.843233  436
16.897428  806
16.899161  336
16.908690  825
16.920326  864
16.936372  368
16.938924  478
16.946775  461
16.974378  129
17.011631  153
17.019901  143
17.053223  391
17.054916  217
17.063426  706
17.125608  839
17.133961  840
17.147023  945
17.168316  948
17.195737  373
17.212117  811
17.225652  417
17.270873  418
17.287913  407
17.323559  497
17.325871  824
17.338887  538
17.372916  460
17.396340  444
17.445228  902
17.451885  925
17.520304  427
17.564473  446
17.580278  437
17.618850  513
17.628573  527
17.641532  446
17.655925  539
17.675202  436
17.706139  227
17.732135  950
17.747381  229
17.789778  462
17.861123  250
17.864928  251
17.884479  463
17.906787  441
18.003632  496
18.010229  260
18.039001  297
18.047910  873
18.126393  952
18.159690  531
18.196952  961
18.202036  875
18.216773  718
18.223510  924
18.327482  297
18.344826  921
18.404417  444
18.419723  444
18.431922  447
18.511930  564
18.554287  590
18.620845  450
18.632465  480
18.640500  445
18.649269  449
18.651681  449
18.679673  449
18.686110  445
18.705901  438
18.708593  294
18.713876  443
18.775852  450
18.875146  305
18.890342  451
18.899971  451
18.903916  450
18.936237  451
18.952167  976
18.968840  444
18.976216  451
18.984091  442
19.036420  296
19.048606  303
19.054397  443
19.106762  297
19.117843  446
19.124460  293
19.131796  439
19.133369  443
19.138692  438
19.140345  443
19.143476  973
19.153803  436
19.159761  442
19.180483  442
19.186545  951
19.191509  718
19.212138  908
19.214490  415
19.216303  413
19.222727  412
19.225618  412
19.227671  412
19.230762  411
19.232954  411
19.237758  711
19.242203  917
19.243896  408
19.251461  411
19.276025  710
19.287725  406
19.289837  404
19.296294  259
19.297887  701
19.301038  256
19.324284  400
19.357793  388
19.364270  386
19.374138  390
19.378882  388
19.382048  386
19.383821  394
19.387826  387
19.414617  388
19.416270  380
19.419281  380
19.421174  387
19.440475  390
19.443167  390
19.455191  380
19.462527  382
19.491012  380
19.494797  387
19.499641  380
19.527878  383
19.541217  382
19.545302  383
19.549966  383
19.555389  6
19.557062  387
19.567090  388
19.581370  388
19.584541  383
19.588586  388
19.591078  386
19.596716  386
19.601535  394
19.613120  383
19.617834  392
19.656075  398
19.661378  399
19.668414  393
19.670926  256
19.675830  400
19.678362  253
19.681014  397
19.683626  249
19.700495  249
19.705738  248
19.718896  394
19.728304  393
19.743176  249
19.748160  399
19.757109  252
19.760180  399
19.762352  253
19.828748  247
19.842301  393
19.844992  391
19.848138  243
19.891887  244
19.903987  391
19.918539  386
19.920152  385
19.956772  380
19.965881  377
19.975337  229
19.976970  223
19.981275  227
19.985360  215
20.015589  217
20.033866  217
20.048343  372
20.055439  218
20.067539  369
20.069751  212
20.076108  211
20.078700  837
20.082026  364
20.088208  356
20.101008  750
20.103600  867
20.108444  815
20.145504  139
20.148695  588
20.157584  134
20.215153  273
20.225101  268
20.234968  262
20.237360  257
20.238953  256
20.258336  256
20.279540  0
20.287635  235
20.365054  0
20.418114  114
20.630160  0
20.644312  0
20.689216  1
20.710613  0
20.719422  0
20.720995  84
20.727013  565
20.742427  627
20.744739  612
20.754217  565
20.799230  388
20.860360  14
20.944493  6
20.946346  2
20.950970  0
20.966651  0
21.087969  2
21.089642  3
21.215549  405
21.217841  0
21.245921  490
21.250665  473
21.259354  424
21.324327  262
21.333975  0
21.408464  0
21.436371  18
21.440276  21
21.501837  0
21.614985  0
21.650334  14
21.673580  16
21.700766  1
21.713027  19
21.715339  21
21.719664  22
21.724449  29
21.728554  30
21.730447  27
21.769329  494
21.776305  498
21.793554  484
21.820305  487
21.823991  5
21.839597  8
21.919438  5
21.958541  1
21.985574  9
22.015548  4
22.021746  479
22.152199  5
22.175428  36
22.177161  6
22.188123  11
22.190335  34
22.196146  33
22.198678  15
22.205641  31
22.233135  17
22.253607  26
22.299878  501
22.306675  432
22.310860  503
22.326505  445
22.337602  452
22.342366  519
22.353567  25
22.368279  25
22.390164  30
22.437850  4
22.443992  17
22.506561  10
22.508314  16
22.522308  19
22.536282  28
22.577990  31
22.639954  264
22.642147  50
22.726494  28
22.741229  436
22.760482  57
22.776290  81
22.789924  61
22.799253  71
22.805331  74
22.821616  498
22.828693  81
22.847425  81
22.870088  443
22.871881  87
22.892691  34
22.925609  37
22.937704  51
22.968386  78
22.970738  519
22.982454  569
22.993136  98
23.010575  116
23.022610  131
23.038616  131
23.068455  30
23.072760  37
23.079177  90
23.114204  91
23.138740  107
23.152134  110
23.167365  128
23.186341  33
23.224031  137
23.232729  34
23.242018  154
23.255112  109
23.285575  134
23.299864  144
23.325107  272
23.358812  47
23.361424  282
23.432082  59
23.433975  167
23.441566  64
23.485115  110
23.494844  81
23.514237  90
23.518202  129
23.524009  130
23.534137  148
23.543281  228
23.552578  253
23.558336  254
23.579506  256
23.618230  251
23.630239  264
23.642641  269
23.655117  269
23.664405  292
23.671622  481
23.682185  299
23.696952  305
23.705387  45
23.710111  100
23.715075  149
23.723245  579
23.734327  125
23.747147  199
23.765246  591
23.772682  527
23.774295  203
23.788623  297
23.794461  664
23.809308  313
23.816085  612
23.822183  322
23.845026  329
23.868384  252
23.870357  330
23.881379  334
23.890712  342
23.901403  347
23.910627  348
23.951292  178
23.965140  193
23.978375  212
24.008637  342
24.023650  346
24.035413  348
24.039298  532
24.047749  355
24.070731  360
24.079760  362
24.092695  133
24.096780  777
24.104711  9
24.107722  365
24.117091  114
24.129815  377
24.141955  590
24.150645  164
24.163760  178
24.169925  381
24.180848  389
24.183220  382
24.207096  403
24.211142  349
24.244855  360
24.256491  54
24.293245  312
24.376502  214
24.380927  413
24.396362  217
24.400327  325
24.418006  783
24.443475  420
24.450152  364
24.454497  501
24.478199  279
24.484876  353
24.492193  372
24.511529  458
24.518565  455
24.525882  462
24.538856  468
24.555748  471
24.568707  477
24.574825  467
24.577277  484
24.594808  496
24.600806  505
24.617530  506
24.627218  651
24.629450  508
24.641111  505
24.648907  503
24.672448  413
24.705105  504
24.709597  316
24.711989  507
24.721417  319
24.735256  416
24.742532  521
24.756944  429
24.759656  442
24.769125  876
24.774249  744
24.776142  446
24.791113  479
24.797990  807
24.799863  927
24.813124  487
24.820500  813
24.842178  494
24.856530  497
24.877739  499
24.889368  503
24.891880  509
24.901316  521
24.903748  495
24.945292  522
24.962496  531
24.984409  534
24.995270  431
25.012876  546
25.022084  556
25.026449  815
25.036337  440
25.064284  365
25.065877  486
25.082985  489
25.094490  502
25.101886  391
25.111638  521
25.114070  378
25.129860  496
25.132572  530
25.148118  534
25.165957  540
25.173382  381
25.196031  545
25.216441  398
25.224631  497
25.262688  556
25.270084  209
25.346191  563
25.360923  803
25.367640  572
25.400170  452
25.432126  493
25.436051  605
25.454648  498
25.471297  708
25.515427  508
25.517739  503
25.519372  669
25.526708  498
25.536836  497
25.573068  499
25.579825  497
25.586482  494
25.592684  493
25.609316  493
25.615912  493
25.621056  970
25.622689  495
25.629466  495
25.638655  859
25.662611  495
25.664923  494
25.666496  493
25.672773  490
25.677837  484
25.682022  485
25.686666  964
25.688519  485
25.704649  484
25.708954  690
25.711646  332
25.726098  482
25.759132  497
25.765869  501
25.773624  499
25.785365  511
25.787577  487
25.802568  500
25.805280  988
25.817200  495
25.821085  987
25.822818  483
25.825510  483
25.840789  482
25.861427  482
25.870457  506
25.874702  504
25.881798  483
25.883391  483
25.885943  482
25.890548  482
25.892181  482
25.896326  479
25.898558  478
25.902883  474
25.941096  475
25.945401  479
25.965958  483
25.972380  479
25.999539  494
26.002231  483
26.004503  498
26.011280  503
26.019176  496
26.024974  503
26.029698  486
26.039051  498
26.049279  487
26.062303  504
26.066053  504
26.073469  489
26.092485  488
26.115307  481
26.117220  491
26.126528  490
26.128201  486
26.132965  503
26.147337  507
26.151682  508
26.163937  490
26.169615  488
26.173760  483
26.197291  490
26.199703  470
26.228069  489
26.246175  492
26.257576  492
26.265501  479
26.273611  494
26.279748  216
26.310350  494
26.311169  425
26.313681  498
26.324335  505
26.329659  491
26.332031  487
26.341740  498
26.344352  497
26.346205  474
26.353861  473
26.356393  727
26.358925  840
26.362950  470
26.400265  495
26.425249  496
26.440356  467
26.466628  908
26.475697  504
26.477310  467
26.482234  467
26.484786  503
26.486519  503
26.504029  488
26.506721  488
26.508314  487
26.509987  487
26.514971  487
26.517223  485
26.519176  484
26.531541  480
26.550338  474
26.554723  903
26.577530  478
26.581615  479
26.585804  483
26.588156  488
26.589729  487
26.610662  487
26.612914  485
26.615546  485
26.624475  483
26.627167  903
26.640022  477
26.660674  480
26.668557  482
26.673860  487
26.676432  487
26.678644  484
26.682549  967
26.685061  486
26.693101  491
26.694694  489
26.697960  726
26.702664  495
26.727578  485
26.751676  489
26.755808  490
26.760592  490
26.762265  503
26.765156  485
26.767528  482
26.770060  958
26.774365  499
26.776118  480
26.782879  471
26.789576  971
26.792208  956
26.794540  969
26.802011  967
26.815950  475
26.817683  473
26.820135  473
26.824999  472
26.831836  470
26.849414  490
26.861969  471
26.871418  473
26.873710  476
26.875503  480
26.877156  476
26.878729  479
26.890440  471
26.899134  471
26.907863  469
26.938113  471
26.939686  465
26.941279  466
26.944510  447
26.991428  470
27.006279  471
27.010524  469
27.012217  895
27.020192  965
27.025276  960
27.027788  464
27.068763  429
27.074941  437
27.078826  426
27.080539  424
27.083914  421
27.101284  382
27.131015  368
27.132808  362
27.139030  358
27.143415  362
27.146087  350
27.156916  375
27.158609  374
27.160781  362
27.171563  338
27.176407  808
27.182649  330
27.203168  584
27.204741  764
27.209925  763
27.250848  324
27.275338  721
27.288991  324
27.300073  290
27.311778  536
27.320727  291
27.322340  267
27.331529  696
27.364739  652
27.389913  207
27.401680  685
27.411528  222
27.413121  453
27.427585  194
27.430197  194
27.435864  187
27.437877  163
27.443160  641
27.461554  659
27.463327  655
27.465799  640
27.474489  634
27.488043  566
27.550605  81
27.620842  587
27.645676  53
27.667844  43
27.683195  27
27.687440  11
27.719626  511
27.723771  31
27.726403  46
27.742910  455
27.747954  452
27.787277  32
27.836516  59
27.853181  279
27.866236  40
27.893803  26
27.943616  511
27.949714  277
27.953899  52
27.961495  43
27.963208  17
27.965580  39
27.974034  500
27.986949  510
27.988662  492
27.995239  490
28.036579  0
28.108014  474
28.128269  0
28.141104  0
28.151866  443
28.167240  395
28.171545  0
28.224249  0
28.237823  412
28.241828  408
28.256615  0
28.268096  357
28.274853  0
28.277305  350
28.294645  0
28.326611  351
28.349786  348
28.361508  387
28.374242  162
28.386318  0
28.388610  384
28.524135  344
28.531546  410
28.650883  331
28.693612  342
28.700009  339
28.709098  158
28.733315  406
28.796635  387
28.827956  9
28.854578  9
28.895822  406
29.095710  0
29.105813  445
29.109918  18
29.128096  447
29.156766  7
29.167452  349
29.192367  347
29.219062  64
29.269587  408
29.271520  391
29.345940  19
29.349171  455
29.360332  23
29.375499  457
29.377612  66
29.388174  458
29.408712  0
29.437357  21
29.474040  400
29.497084  172
29.517988  49
29.527118  57
29.534035  55
29.543398  217
29.546784  223
29.561071  56
29.579433  5
29.582979  451
29.622330  401
29.663348  396
29.669107  57
29.695516  457
29.709769  64
29.821407  23
29.868824  453
29.881519  461
29.885724  66
29.936455  28
29.956985  62
30.002141  465
30.006386  223
30.022613  66
30.051596  227
30.065410  243
30.072247  58
30.084362  61
30.086095  464
30.109438  70
30.132996  403
30.143559  65
30.151570  72
30.160599  405
30.168050  401
30.192645  54
30.206897  80
30.235242  72
30.239008  409
30.256008  414
30.289172  411
30.298141  75
30.311694  72
30.353551  468
30.369537  68
30.428976  465
30.509010  415
30.510583  87
30.533525  479
30.538549  244
30.554516  82
30.576600  253
30.589655  273
30.593561  270
30.619317  473
30.635671  62
30.642855  98
30.647854  101
30.659435  486
30.695907  113
30.705017  416
30.726701  78
30.736984  446
30.781956  65
30.788313  117
30.797183  124
30.799316  150
30.803321  156
30.818118  445
30.861667  495
30.879396  454
30.912216  102
30.936772  504
30.982133  508
30.990168  114
30.997839  554
31.009874  68
31.033754  165
31.094138  462
31.131334  516
31.156928  112
31.176847  319
31.204153  111
31.208518  329
31.210710  343
31.235006  113
31.248271  563
31.270555  121
31.274400  165
31.289367  462
31.291540  118
31.295286  124
31.311052  161
31.323472  490
31.334094  202
31.338199  467
31.351174  133
31.361717  493
31.377444  547
31.398154  191
31.402139  157
31.406823  157
31.411028  184
31.427508  508
31.434672  156
31.447514  501
31.462742  354
31.466448  184
31.485041  585
31.491778  528
31.506092  192
31.516834  166
31.542743  573
31.591434  584
31.614175  166
31.646627  69
31.651032  182
31.654778  179
31.675069  529
31.719892  94
31.748768  593
31.764781  101
31.778974  189
31.785172  346
31.787764  176
31.789777  338
31.803411  175
31.839009  175
31.843833  566
31.892649  180
31.903771  526
31.905404  185
31.912641  520
31.972797  181
31.983979  593
31.996322  183
32.035552  525
32.119698  180
32.177800  106
32.197371  180
32.203029  571
32.237846  572
32.245146  102
32.246799  169
32.266851  341
32.289254  341
32.314410  513
32.335601  574
32.348835  327
32.357172  161
32.379175  185
32.380848  166
32.411423  180
32.428552  339
32.463812  159
32.476628  177
32.505671  573
32.544395  521
32.564388  185
32.570526  186
32.606786  190
32.632037  190
32.686828  524
32.838673  192
32.851201  577
32.855526  165
32.867741  174
32.881535  193
32.885161  584
32.887094  344
32.899968  193
32.902420  172
32.910870  183
32.936799  200
32.942937  347
32.946248  177
32.987081  530
32.995591  186
33.002488  189
33.004661  240
33.013191  593
33.022165  367
33.046410  195
33.048862  374
33.057192  399
33.080310  185
33.083876  600
33.088780  403
33.091072  205
33.107458  219
33.112023  618
33.140329  190
33.169390  199
33.173455  539
33.177381  530
33.181486  537
33.184597  186
33.206561  539
33.223840  224
33.225753  568
33.241339  566
33.266876  228
33.281249  190
33.287407  197
33.314256  229
33.333707  562
33.336678  382
33.357923  620
33.363802  225
33.367887  619
33.381721  564
33.392324  224
33.411657  214
33.433031  205
33.438809  226
33.464547  626
33.477368  231
33.484006  636
33.488511  225
33.492636  610
33.510734  224
33.525154  375
33.529419  609
33.551197  186
33.565150  188
33.571567  214
33.575812  372
33.578524  211
33.580996  211
33.582649  210
33.623939  208
33.626531  552
33.656020  624
33.682350  226
33.699970  378
33.772548  214
33.822276  562
33.927344  234
33.976777  225
33.984033  381
33.990290  573
34.020353  618
34.025025  225
34.047096  225
34.057348  571
34.118640  220
34.132614  234
34.139491  618
34.171205  235
34.187151  231
34.214759  235
34.229487  226
34.239115  233
34.288957  569
34.291529  230
34.299539  383
34.304743  625
34.318466  376
34.324723  373
34.331766  210
34.351796  369
34.357594  204
34.368955  600
34.375732  217
34.377365  209
34.379697  366
34.390439  209
34.420262  542
34.444071  214
34.452748  597
34.474217  544
34.483026  210
34.517282  207
34.526192  540
34.538252  602
34.540584  194
34.542876  189
34.552445  187
34.571556  185
34.574248  527
34.575861  179
34.584631  193
34.598309  524
34.626362  179
34.632679  572
34.643166  522
34.647910  179
34.659771  522
34.670973  179
34.700399  183
34.708929  181
34.720565  587
34.730592  583
34.733264  179
34.734857  566
34.747341  582
34.754242  176
34.767480  176
34.770835  184
34.772468  174
34.777172  176
34.778785  333
34.780498  333
34.785502  175
34.788633  511
34.809942  173
34.824136  171
34.828066  332
34.832890  166
34.834523  165
34.839068  166
34.868821  497
34.870534  167
34.881101  169
34.888652  159
34.891364  573
34.905617  152
34.936130  147
34.941054  142
34.944669  302
34.973972  132
34.980329  479
34.988005  134
34.992949  133
35.000749  138
35.009143  470
35.024828  467
35.037272  131
35.047974  470
35.054576  469
35.090538  539
35.092311  127
35.113105  133
35.131662  132
35.137859  138
35.139452  289
35.143537  462
35.178321  130
35.227177  104
35.248589  515
35.256465  102
35.265434  99
35.273150  481
35.277375  87
35.279647  94
35.289310  248
35.290983  248
35.291822  420
35.313557  80
35.321787  74
35.331914  74
35.371284  68
35.380074  468
35.383580  56
35.407685  222
35.421639  70
35.423057  69
35.425649  218
35.445722  48
35.456504  395
35.460369  50
35.471311  54
35.473803  53
35.476095  47
35.478587  388
35.496592  37
35.498665  44
35.507674  380
35.512378  377
35.520473  33
35.539235  27
35.545118  14
35.551475  12
35.562278  6
35.564690  12
35.571407  344
35.637827  0
35.652275  390
35.662677  0
35.664296  0
35.667508  365
35.672193  0
35.677115  0
35.707112  332
35.721819  0
35.723912  0
35.737565  147
35.762023  0
35.784074  389
35.826257  138
35.853945  317
35.856457  0
35.900225  312
35.905089  312
35.955631  126
35.957284  300
35.965694  124
36.043224  376
36.044877  346
36.055628  345
36.082576  292
36.156473  357
36.234664  301
36.452910  346
36.464431  122
36.495186  4
36.538838  17
36.548307  17
36.652020  349
36.660830  0
36.671353  299
36.711104  14
36.737352  298
36.745103  299
36.830781  374
36.855692  0
36.903072  3
36.926409  5
36.931947  4
36.945276  17
36.949401  375
36.961456  24
37.078363  300
37.111170  14
37.112903  6
37.121173  23
37.133828  8
37.154699  123
37.160877  321
37.239913  25
37.262441  366
37.280778  368
37.288768  396
37.297937  16
37.300569  323
37.324966  318
37.337578  18
37.342003  22
37.372857  36
37.391929  44
37.428961  131
37.492064  20
37.497822  25
37.514841  327
37.522572  28
37.531622  9
37.554307  30
37.559231  50
37.568100  58
37.576051  15
37.580456  33
37.582988  68
37.590225  330
37.603520  331
37.607625  36
37.617948  345
37.626079  29
37.686104  73
37.705956  52
37.710541  23
37.714646  398
37.728040  399
37.738882  401
37.741035  428
37.743128  27
37.751858  420
37.754250  57
37.756682  350
37.782172  344
37.790982  25
37.800925  41
37.814160  153
37.826855  72
37.837777  179
37.845748  431
37.856170  434
37.933127  350
37.937192  63
37.949987  70
37.998607  59
38.022103  69
38.024056  68
38.035897  77
38.049012  63
38.052857  81
38.061786  360
38.070117  77
38.077114  365
38.078807  77
38.087237  368
38.184756  54
38.189381  425
38.193326  373
38.197771  427
38.203589  58
38.207715  434
38.214292  73
38.218397  22
38.224515  71
38.230912  437
38.232485  373
38.268847  66
38.293064  190
38.304147  90
38.305800  94
38.336549  435
38.417831  387
38.420003  75
38.425601  81
38.437889  89
38.462686  391
38.480010  83
38.485034  82
38.486707  83
38.506482  56
38.521031  93
38.536633  92
38.538506  87
38.541058  108
38.547622  109
38.561375  106
38.601700  386
38.660924  119
38.703229  78
38.707614  440
38.722121  449
38.731220  92
38.732993  458
38.748260  477
38.750233  412
38.782401  98
38.789098  96
38.834802  122
38.840819  461
38.854377  466
38.868150  205
38.923403  89
38.938550  394
38.940543  79
38.945267  100
38.953577  103
38.957842  397
38.963960  128
38.966152  412
39.000274  102
39.004719  433
39.015628  105
39.022445  101
39.024218  112
39.041897  110
39.043690  84
39.050627  143
39.063403  138
39.067808  499
39.069381  139
39.077072  121
39.084268  110
39.091425  121
39.095490  421
39.101088  117
39.110177  118
39.111930  430
39.129469  441
39.192171  157
39.216668  113
39.252261  109
39.254893  485
39.259638  148
39.261491  136
39.264917  134
39.278591  501
39.280344  504
39.292958  504
39.314842  440
39.327358  140
39.341746  148
39.344458  136
39.386796  158
39.391001  504
39.415978  515
39.422236  251
39.484903  141
39.490701  442
39.496879  142
39.508514  452
39.557058  460
39.562541  155
39.591398  152
39.606631  139
39.614981  159
39.622222  158
39.633587  169
39.645176  155
39.649980  150
39.654205  181
39.658230  162
39.667314  150
39.687744  171
39.704038  453
39.763874  187
39.811177  151
39.817275  150
39.821900  507
39.828238  164
39.845492  534
39.850556  533
39.858806  479
39.860939  530
39.884581  468
39.888966  157
39.923424  176
39.930001  190
39.932613  287
39.977391  289
40.021304  173
40.046263  167
40.054533  175
40.059984  468
40.064269  470
40.066042  171
40.073039  175
40.075072  170
40.087572  163
40.110635  185
40.124676  195
40.132826  473
40.138090  177
40.152663  190
40.177064  151
40.183601  539
40.188605  189
40.196385  181
40.198338  177
40.206353  172
40.224559  189
40.235079  473
40.245945  473
40.252307  175
40.313630  523
40.366965  178
40.369477  521
40.371809  165
40.379065  289
40.381617  170
40.401133  537
40.406117  516
40.408769  516
40.416445  465
40.418078  171
40.432630  167
40.437214  465
40.441519  173
40.468525  176
40.477154  280
40.495720  179
40.595688  168
40.613286  166
40.621781  165
40.626565  165
40.628158  465
40.635554  170
40.645861  157
40.678041  462
40.680832  160
40.685017  168
40.699744  178
40.724746  164
40.727817  531
40.733320  175
40.737725  174
40.741750  174
40.746674  174
40.757296  173
40.759009  173
40.763034  171
40.768682  450
40.774660  166
40.776932  448
40.781736  154
40.783389  166
40.836182  494
40.841725  154
40.844217  153
40.847188  491
40.876128  135
40.878580  480
40.881272  126
40.881971  478
40.884203  124
40.886036  244
40.890285  128
40.904238  489
40.909581  472
40.916178  416
40.919628  126
40.921980  416
40.926225  413
40.930414  119
40.935738  418
40.943334  124
40.967929  130
40.982588  242
40.997826  133
41.035905  240
41.037518  240
41.086554  123
41.102464  126
41.124332  130
41.128477  126
41.133401  126
41.189496  128
41.194800  425
41.234165  129
41.241481  490
41.267442  125
41.272206  134
41.346467  126
41.352829  133
41.396393  132
41.416701  491
41.423058  414
41.430818  419
41.438713  423
41.447227  427
41.482220  136
41.489017  118
41.498985  132
41.534596  487
41.537208  114
41.538821  484
41.587591  97
41.591916  95
41.593569  94
41.595202  93
41.604565  99
41.628569  107
41.637679  101
41.656045  86
41.666974  86
41.672952  73
41.675963  71
41.685611  71
41.687923  68
41.693266  438
41.702855  82
41.709692  76
41.711405  75
41.716049  70
41.724638  77
41.736460  69
41.740745  58
41.778258  56
41.782863  54
41.818718  48
41.827747  402
41.830359  39
41.835822  37
41.839128  35
41.841600  36
41.851348  30
41.854319  26
41.865881  35
41.888697  14
41.901655  34
41.906320  36
41.908393  32
41.959867  0
41.964911  0
41.967064  0
41.971009  0
41.991560  0
41.997558  0
42.000250  0
42.035882  0
42.043937  337
42.061875  0
42.073218  0
42.082067  0
42.083780  0
42.173310  0
42.239958  306
42.244543  306
42.551508  1
42.560238  0
42.569088  0
42.634636  1
42.654029  1
42.658254  6
42.666384  0
42.712971  0
42.730231  2
42.735095  11
42.822488  4
42.840487  7
42.863705  8
42.906148  7
42.915757  4
42.943959  11
42.979020  14
43.006123  31
43.012440  0
43.017145  0
43.047121  9
43.049293  13
43.075588  11
43.079414  11
43.096020  12
43.100525  50
43.155469  22
43.186594  10
43.192373  17
43.206147  26
43.218982  8
43.228212  27
43.244240  21
43.256815  0
43.275668  21
43.284957  49
43.286990  12
43.327462  22
43.335672  50
43.343543  10
43.356285  33
43.358238  35
43.360910  31
43.384568  61
43.395060  29
43.399725  8
43.418818  26
43.422743  27
43.430299  41
43.434564  33
43.439089  56
43.463286  51
43.474269  52
43.478214  66
43.481445  52
43.507496  53
43.544248  59
43.561926  57
43.574641  58
43.584454  20
43.592684  63
43.616720  51
43.623404  68
43.631615  42
43.637693  64
43.646123  33
43.647916  57
43.659958  25
43.673453  63
43.680630  55
43.750949  56
43.759099  68
43.763084  77
43.781777  86
43.792100  65
43.794193  39
43.805375  85
43.817336  58
43.830191  69
43.844063  62
43.846196  68
43.865378  67
43.876700  62
43.878313  68
43.911954  71
43.915879  89
43.959233  82
43.983550  71
44.012551  65
44.043184  82
44.045576  73
44.049701  77
44.055940  82
44.080403  76
44.089732  78
44.108246  94
44.137407  108
44.139440  96
44.181250  83
44.185975  73
44.202615  109
44.220343  111
44.229293  62
44.237943  86
44.250438  81
44.263353  87
44.265146  79
44.275354  107
44.277387  96
44.282172  90
44.284285  95
44.299093  95
44.313706  100
44.349045  79
44.358055  120
44.373083  129
44.414186  85
44.415899  109
44.419944  112
44.425143  106
44.448312  116
44.472077  120
44.476262  117
44.480347  107
44.505383  117
44.516465  105
44.519751  132
44.523756  97
44.536084  123
44.537937  123
44.558208  118
44.562593  104
44.577370  117
44.597956  107
44.613328  138
44.631841  117
44.674970  119
44.681687  141
44.683800  145
44.694782  148
44.720193  151
44.724418  129
44.730356  123
44.748714  140
44.750887  120
44.754593  133
44.758659  126
44.765056  132
44.767668  134
44.798171  134
44.809264  147
44.828597  145
44.838819  146
44.855322  153
44.863362  174
44.908642  154
44.915833  159
44.941281  146
44.943054  163
44.961791  159
44.972514  134
44.974786  144
44.979051  144
44.997904  149
45.004341  171
45.012671  146
45.015143  175
45.023313  167
45.030624  166
45.035168  151
45.049956  168
45.060159  154
45.072535  164
45.084796  177
45.094800  156
45.122129  172
45.133511  173
45.139889  164
45.168819  165
45.179221  183
45.183626  165
45.188211  185
45.204038  171
45.223470  184
45.226102  129
45.234932  187
45.244301  177
45.248386  164
45.273276  174
45.275169  157
45.284278  170
45.302724  185
45.314485  177
45.323442  166
45.345308  191
45.350712  173
45.359622  174
45.364427  181
45.373117  201
45.383379  204
45.427988  190
45.473240  188
45.495687  198
45.503202  180
45.504775  175
45.533277  197
45.540908  177
45.543580  187
45.547805  187
45.556295  203
45.558388  188
45.560401  191
45.565126  183
45.574375  207
45.579973  201
45.593448  186
45.620232  203
45.624557  199
45.706932  187
45.717574  203
45.728117  207
45.732622  193
45.752654  208
45.759431  214
45.767291  205
45.776360  210
45.793341  197
45.808428  164
45.813233  192
45.815426  201
45.827328  205
45.829800  218
45.841002  205
45.854057  218
45.859995  221
45.864340  207
45.883732  213
45.896847  208
45.903304  215
45.914206  226
45.972654  200
45.994598  206
46.003168  197
46.007992  214
46.034269  199
46.055354  205
46.079759  226
46.096838  229
46.100024  222
46.112803  216
46.115475  224
46.117907  227
46.126996  226
46.159408  218
46.167998  205
46.191394  221
46.208634  224
46.213878  216
46.241935  206
46.258899  230
46.261730  227
46.272552  220
46.282527  227
46.299491  230
46.313404  226
46.326727  223
46.339801  227
46.344585  233
46.353674  218
46.367128  219
46.383993  227
46.398285  230
46.403469  231
46.439445  227
46.456189  226
46.465498  229
46.474108  228
46.522516  226
46.525647  230
46.546278  226
46.578548  217
46.592900  229
46.599597  220
46.620694  225
46.625478  225
46.645548  220
46.648823  222
46.665315  223
46.673410  215
46.676896  212
46.684152  218
46.699998  218
46.706655  211
46.754507  220
46.762917  209
46.768799  211
46.772265  209
46.779421  213
46.828987  213
46.830680  217
46.832273  216
46.836877  220
46.838670  217
46.840303  213
46.844188  213
46.846001  208
46.862347  210
46.867451  213
46.873254  214
46.877998  203
46.918558  210
46.923182  210
46.925794  208
46.931397  207
46.933789  209
46.942818  206
46.963268  210
46.979552  206
46.999579  208
47.001192  211
47.052246  211
47.072976  207
47.104058  214
47.122281  216
47.147550  207
47.168114  209
47.170406  210
47.172878  209
47.175210  207
47.179415  205
47.181987  204
47.189563  196
47.199072  198
47.221829  196
47.269875  197
47.271628  203
47.284582  203
47.295333  199
47.355546  204
47.362942  205
47.367387  213
47.371057  206
47.373689  212
47.389694  210
47.392825  210
47.398963  202
47.414813  211
47.441152  211
47.445844  212
47.461730  204
47.465695  208
47.495115  199
47.501053  192
47.503485  194
47.505098  193
47.545005  173
47.549609  183
47.564516  173
47.566868  179
47.572766  174
47.609473  166
47.635364  181
47.649901  175
47.653167  171
47.660323  166
47.664528  155
47.670446  154
47.674551  158
47.678716  153
47.688364  156
47.693864  153
47.735846  151
47.753948  142
47.760126  133
47.786902  144
47.788635  141
47.806733  140
47.815543  138
47.817736  133
47.822021  133
47.830071  136
47.843805  115
47.871411  106
47.874442  97
47.881200  94
47.898069  94
47.909170  91
47.952180  74
47.954113  66
47.960351  67
47.997588  67
48.000222  63
48.003848  68
48.016503  50
48.025272  39
48.044669  40
48.082539  33
48.083258  30
48.095178  25
48.122979  21
48.127164  17
48.133621  12
48.138540  11
48.142385  11
48.147449  12
48.156398  14
48.173678  6
48.178303  19
48.187054  14
48.225723  17
48.230068  13
48.274096  0
48.288304  11
48.336518  21
48.342316  11
48.360581  15
48.400738  14
48.554399  19
48.714925  22
48.763933  42
48.799372  25
48.818285  29
48.861641  37
48.863234  14
48.887019  28
48.889072  42
48.897802  17
48.943903  37
48.957577  17
48.966067  33
48.980382  60
49.003423  27
49.064388  33
49.075230  24
49.086532  29
49.101459  46
49.111248  47
49.114794  47
49.122210  46
49.126954  42
49.133292  48
49.134885  52
49.149473  51
49.158443  66
49.168052  70
49.182987  33
49.195722  54
49.208877  26
49.214915  59
49.225718  59
49.251928  48
49.261717  54
49.270561  57
49.275885  43
49.304827  47
49.314096  38
49.322281  61
49.339086  60
49.359327  61
49.384477  70
49.402789  57
49.478469  60
49.494230  68
49.498015  64
49.515495  59
49.531841  58
49.538602  70
49.545179  62
49.553229  68
49.568457  80
49.579160  90
49.600345  78
49.606862  65
49.622988  60
49.653251  72
49.700227  66
49.711488  71
49.728748  67
49.746029  76
49.752846  79
49.774152  92
49.780162  89
49.788932  82
49.816954  97
49.833221  83
49.850541  87
49.919151  95
49.922996  67
49.930907  101
49.953299  92
49.965395  98
49.966988  99
49.975757  95
49.978209  101
49.986719  96
50.001987  98
50.009144  100
50.010857  110
50.025725  115
50.034994  101
50.041651  105
50.051314  101
50.056218  111
50.064828  94
50.077722  116
50.081148  98
50.093003  100
50.120126  99
50.124151  97
50.139430  115
50.141123  102
50.149034  112
50.167427  105
50.188378  118
50.222157  111
50.237984  118
50.292130  111
50.302218  125
50.320444  118
50.339876  106
50.348646  111
50.355723  123
50.377668  116
50.386298  121
50.392596  106
50.408483  124
50.420759  134
50.424664  120
50.431281  112
50.445529  115
50.464702  124
50.471806  123
50.482515  130
50.488633  121
50.518707  122
50.525903  117
50.554619  122
50.558964  136
50.585647  125
50.590511  126
50.611642  129
50.665492  144
50.673463  129
50.719644  125
50.742497  134
50.750152  126
50.770068  122
50.776905  125
50.785275  127
50.800243  162
50.825337  133
50.847036  114
50.856869  138
50.880400  144
50.882912  155
50.891648  136
50.902590  136
50.911640  133
50.915825  153
50.923136  141
50.931965  141
50.936071  157
50.937644  129
50.957076  157
50.963273  159
50.977801  159
50.988943  162
50.995181  146
51.001259  151
51.007007  144
51.045318  155
51.051795  145
51.060033  166
51.062645  158
51.107600  150
51.125207  152
51.137068  169
51.151756  153
51.169006  157
51.180587  160
51.225715  163
51.239368  158
51.243194  167
51.254956  162
51.260714  171
51.292210  158
51.304545  160
51.308850  167
51.319912  169
51.328582  199
51.343389  158
51.358804  165
51.396273  177
51.398046  168
51.406876  171
51.412894  203
51.421244  171
51.429574  173
51.431447  176
51.447553  194
51.451079  167
51.466273  163
51.480047  201
51.488337  201
51.504204  203
51.511081  205
51.524596  206
51.526848  174
51.544982  208
51.563720  183
51.574466  172
51.586968  175
51.595238  179
51.604148  208
51.608992  178
51.621507  203
51.640413  191
51.658939  195
51.663124  191
51.666730  202
51.694118  209
51.725347  204
51.726980  201
51.744069  214
51.782289  209
51.792592  212
51.807889  199
51.809722  204
51.826887  208
51.831112  245
51.840101  205
51.861926  207
51.868163  210
51.871889  212
51.897278  250
51.909713  217
51.923387  218
51.934509  208
51.966642  228
51.977285  216
51.980611  246
51.996103  214
52.002081  213
52.006766  219
52.013004  225
52.023036  237
52.047972  246
52.059573  243
52.080634  252
52.089823  245
52.098073  248
52.103696  224
52.114003  217
52.120621  253
52.122893  253
52.144956  222
52.151853  219
52.160484  217
52.162437  226
52.171387  253
52.182074  221
52.187078  247
52.193775  242
52.209342  238
52.220251  230
52.231892  229
52.239802  235
52.256427  244
52.285020  243
52.289504  241
52.300666  238
52.335929  231
52.349583  221
52.351556  222
52.353349  223
52.373840  230
52.418563  234
52.429385  234
52.438134  244
52.460417  242
52.472792  249
52.494181  240
52.533308  241
52.539131  247
52.541743  249
52.568564  246
52.573628  239
52.587901  240
52.627139  233
52.657569  245
52.664146  228
52.671483  243
52.675468  245
52.682085  244
52.684417  245
52.690120  247
52.691913  244
52.728442  243
52.796671  248
52.806839  245
52.819922  246
52.867918  249
52.878026  252
52.915989  238
52.929204  245
52.933169  243
52.950348  251
52.990875  239
52.999237  235
53.001509  241
53.028077  243
53.091815  243
53.103057  247
53.105090  250
53.125041  250
53.127353  249
53.138615  245
53.140208  242
53.145112  240
53.147424  240
53.162978  238
53.173500  238
53.183408  237
53.197960  243
53.204737  235
53.214186  247
53.216798  247
53.225428  242
53.227540  238
53.232325  238
53.241754  231
53.253415  227
53.255508  216
53.264537  222
53.289793  226
53.299062  217
53.318238  229
53.333150  222
53.337275  224
53.339368  224
53.363524  211
53.371854  211
53.378651  212
53.382976  207
53.388120  208
53.433921  212
53.438246  202
53.447894  202
53.450426  210
53.474412  212
53.476844  210
53.493926  216
53.496398  211
53.503195  207
53.512204  201
53.520539  204
53.539256  195
53.545633  195
53.555381  197
53.562098  197
53.574517  191
53.603806  191
53.610966  201
53.618482  195
53.623227  189
53.633510  187
53.636042  180
53.649806  173
53.652518  179
53.666892  177
53.673509  173
53.687503  163
53.693681  162
53.703329  168
53.709707  168
53.718317  164
53.730537  158
53.735102  162
53.736795  159
53.745285  161
53.754015  156
53.769911  151
53.791360  161
53.806926  162
53.828135  151
53.846782  157
53.850248  148
53.858538  151
53.875590  154
53.892279  153
53.905433  151
53.919806  149
53.934294  149
53.938639  153
53.940212  147
53.949041  133
53.954384  134
53.969451  133
53.972163  135
53.976848  132
53.991601  145
53.993394  144
53.999432  144
54.020297  144
54.037961  144
54.065237  150
54.076458  148
54.079904  141
54.099049  143
54.107740  140
54.112265  132
54.124901  135
54.139514  126
54.152356  135
54.164638  131
54.176739  127
54.178532  129
54.207313  118
54.221926  116
54.235401  115
54.257125  113
54.273441  106
54.279419  109
54.298536  111
54.317239  113
54.336463  112
54.364444  111
54.368150  116
54.374527  117
54.395417  107
54.410284  107
54.423678  116
54.457023  115
54.516976  122
54.536969  114
54.555407  114
54.563398  104
54.581816  107
54.588154  108
54.603941  110
54.607926  113
54.633340  114
54.644802  109
54.658931  106
54.674419  104
54.696170  103
54.706412  109
54.720453  107
54.809206  114
54.863716  109
54.888411  98
54.940434  111
54.948784  108
54.960240  105
54.986221  112
55.097229  113
55.186427  114
55.189613  108
55.222418  114
55.236793  111
55.243570  113
55.261129  115
55.269339  113
55.292677  115
55.303379  120
55.307764  113
55.316395  125
55.333603  127
55.383034  110
55.391883  117
55.399029  117
55.408472  128
55.410644  132
55.417561  117
55.421486  138
55.463484  107
55.468188  122
55.474866  126
55.485409  120
55.530444  113
55.532337  144
55.541147  130
55.548304  128
55.568336  112
55.581491  140
55.587549  120
55.628267  133
55.638831  121
55.652485  124
55.669928  129
55.676346  108
55.700422  124
55.715250  113
55.725473  122
55.734403  115
55.758387  139
55.767357  129
55.771402  145
55.776746  146
55.800690  146
55.804196  122
55.835129  145
55.857192  147
55.864603  153
55.867654  152
55.885053  155
55.889278  155
55.897609  156
55.914308  119
55.929196  143
55.931029  114
55.942590  145
55.952214  148
55.964196  142
55.973393  146
55.988021  148
56.000936  168
56.011779  163
56.024434  151
56.031891  146
56.037690  154
56.072772  156
56.106296  144
56.111695  158
56.144398  146
56.149202  142
56.151335  157
56.175943  142
56.183703  147
56.224234  146
56.232644  149
56.254467  143
56.269515  154
56.277445  155
56.285260  176
56.298855  190
56.321648  166
56.324100  146
56.345510  162
56.376707  155
56.378800  159
56.383005  160
56.386831  172
56.405333  196
56.416395  204
56.433449  150
56.455432  182
56.459617  165
56.466274  155
56.474151  192
56.495321  163
56.504530  165
56.517685  200
56.530260  197
56.532393  194
56.547620  171
56.550092  171
56.590701  170
56.595586  204
56.628314  154
56.637703  200
56.642128  180
56.655242  145
56.657255  182
56.663273  199
56.677027  195
56.683405  189
56.693418  199
56.701213  175
56.727661  190
56.739610  186
56.743396  179
56.749019  189
56.760361  189
56.765405  197
56.783711  196
56.802549  206
56.813711  201
56.839439  165
56.849786  206
56.866392  197
56.879126  202
56.898685  213
56.924227  212
56.941272  218
56.943824  194
56.966913  196
56.971458  198
56.995767  191
57.004556  200
57.006589  200
57.014045  209
57.023413  202
57.048348  204
57.060229  219
57.068818  202
57.075015  213
57.087637  212
57.102656  221
57.138840  209
57.167634  209
57.195228  203
57.197920  215
57.243411  207
57.250767  203
57.260175  209
57.279412  202
57.290834  207
57.296592  209
57.305808  206
57.316910  207
57.336136  217
57.348256  214
57.361330  209
57.365715  203
57.377855  207
57.382807  197
57.384480  204
57.406170  198
57.418170  194
57.437547  200
57.450121  205
57.453447  199
57.455174  196
57.471384  186
57.475689  192
57.485984  191
57.497845  190
57.505461  190
57.507094  200
57.514909  190
57.522665  199
57.524518  190
57.541263  197
57.552449  200
57.575825  197
57.577458  204
57.665129  203
57.682947  194
57.688609  202
57.700405  202
57.710333  200
57.758763  195
57.760336  192
57.768626  184
57.810051  181
57.819220  181
57.832214  185
57.839929  186
57.847126  187
57.857828  185
57.864805  178
57.867517  171
57.869350  163
57.881391  163
57.890480  152
57.895624  159
57.917288  150
57.933792  146
57.937757  143
57.943939  140
57.953228  134
57.954881  152
57.961518  136
57.964050  147
57.966402  133
57.970727  137
57.980630  133
57.995937  142
57.999862  134
58.001435  132
58.020995  141
58.029190  140
58.040711  126
58.044856  133
58.048027  133
58.061810  136
58.076343  135
58.104391  137
58.108037  136
58.126414  124
58.132712  125
58.142796  128
58.145408  123
58.152764  125
58.187372  99
58.202019  95
58.204471  94
58.213021  91
58.217286  87
58.227609  96
58.254522  107
58.269709  111
58.278219  104
58.285096  96
58.295878  85
58.316809  86
58.338992  89
58.341284  88
58.345509  83
58.354518  90
58.356850  80
58.368152  81
58.372457  83
58.376602  75
58.390371  81
58.394116  79
58.414237  83
58.416749  79
58.423606  82
58.427117  83
58.429529  80
58.440838  81
58.449648  78
58.452080  76
58.463902  76
58.489312  69
58.503699  70
58.509877  64
58.517293  70
58.521498  70
58.523311  65
58.547047  55
58.551213  43
58.567793  36
58.578595  35
58.584078  45
58.614899  41
58.623630  40
58.635386  47
58.639291  34
58.672106  40
58.699034  44
58.700907  41
58.716194  51
58.722192  48
58.724884  36
58.751807  42
58.766255  41
58.770820  39
58.772833  41
58.783962  39
58.788147  45
58.792293  32
58.802875  42
58.844440  41
58.891556  60
58.895861  59
58.934945  41
58.949038  36
58.971400  39
59.005141  40
59.052796  43
59.074001  41
59.100938  51
59.104304  49
59.162796  43
59.175472  53
59.187302  45
59.240873  50
59.251376  45
59.264012  58
59.307780  51
59.321194  52
59.374672  50
59.426708  57
59.435398  57
59.466252  53
59.472250  62
59.476875  48
59.481460  61
59.499918  62
59.520224  51
59.533076  51
59.550895  50
59.553567  49
59.557453  69
59.567076  57
59.597291  62
59.599304  48
59.623860  61
59.638867  53
59.642852  58
59.658239  51
59.709879  59
59.724950  57
59.739003  67
59.800206  52
59.809535  65
59.816492  68
59.853083  58
59.865119  63
59.867451  64
59.880065  51
59.899478  61
59.901091  70
59.906889  64
59.913785  61
59.938465  69
59.948494  72
59.954571  72
59.961196  64
