# t(s) QueuingDelay(ms)
10.169291  0
10.200315  2
10.204660  8
10.229879  23
10.246619  17
10.259754  19
10.262086  26
10.267476  33
10.269588  29
10.275706  26
10.279951  26
10.301995  44
10.305581  45
10.354541  39
10.371089  48
10.376807  40
10.422497  59
10.435112  96
10.448611  66
10.454079  108
10.469740  12
10.471932  80
10.478609  124
10.490450  127
10.498621  138
10.509643  150
10.536073  97
10.544942  146
10.546995  17
10.556958  139
10.559150  136
10.560903  140
10.570352  23
10.576889  180
10.624344  191
10.646309  148
10.652067  199
10.662849  232
10.665241  166
10.668927  223
10.679570  93
10.694697  102
10.707352  183
10.715493  170
10.741463  172
10.754558  11
10.756491  153
10.784482  210
10.793918  47
10.800317  223
10.826815  48
10.833672  256
10.847647  267
10.852312  231
10.858789  276
10.869332  296
10.881968  51
10.886432  154
10.912433  299
10.914346  316
10.918511  51
10.935232  329
10.946154  60
10.961181  155
10.963713  355
10.980184  97
10.988015  102
10.990687  400
10.992340  173
11.005156  410
11.007708  337
11.023275  175
11.027200  363
11.028813  434
11.042647  118
11.048545  452
11.051157  375
11.074414  460
11.076167  379
11.080951  184
11.099584  475
11.108034  379
11.109667  192
11.122862  386
11.125394  143
11.140540  476
11.145045  214
11.147198  386
11.157242  498
11.168276  263
11.179298  507
11.185675  257
11.195739  528
11.198191  165
11.210846  537
11.219936  541
11.234463  549
11.236276  219
11.254336  262
11.265338  274
11.274467  232
11.287442  281
11.312940  248
11.332943  286
11.344205  257
11.361824  272
11.377038  296
11.379131  272
11.390054  297
11.396831  331
11.398484  261
11.405121  326
11.413111  317
11.415703  282
11.435581  279
11.463902  1
11.482895  260
11.485427  326
11.499383  319
11.509171  252
11.512357  323
11.519114  282
11.531669  289
11.539899  289
11.564640  329
11.579967  334
11.595994  334
11.608110  289
11.621424  299
11.633860  261
11.635773  308
11.660170  309
11.671372  315
11.673105  265
11.688632  269
11.694350  275
11.705272  290
11.727537  317
11.743064  4
11.752807  323
11.755279  298
11.791759  300
11.804504  321
11.810247  339
11.818238  347
11.820650  333
11.832865  352
11.862701  365
11.868998  54
11.873783  366
11.883676  400
11.888660  81
11.891906  377
11.914860  89
11.919305  338
11.937589  413
11.947972  99
11.965352  414
11.976674  111
11.991423  353
11.998240  427
12.004797  388
12.010875  359
12.021038  337
12.023610  383
12.032180  419
12.034452  391
12.043947  463
12.054529  386
12.068997  460
12.077727  381
12.094227  371
12.123941  366
12.171508  380
12.174180  444
12.207905  122
12.220700  381
12.270146  452
12.285244  384
12.312947  393
12.326521  450
12.328134  402
12.362552  394
12.369310  402
12.371662  143
12.384518  430
12.386650  151
12.395204  469
12.407464  153
12.414101  430
12.416613  408
12.430374  408
12.460589  158
12.477749  413
12.506406  161
12.520180  9
12.548321  436
12.561476  415
12.576784  439
12.584525  525
12.586538  464
12.597501  479
12.623851  528
12.644083  484
12.702952  488
12.712369  494
12.729596  5
12.731928  486
12.746482  18
12.750508  173
12.773311  457
12.775104  195
12.819602  536
12.890405  207
12.902671  509
12.911421  223
12.919692  21
12.934440  512
12.939504  227
12.946781  233
12.951785  467
12.958443  538
12.968846  480
12.977695  238
12.983653  239
12.987698  502
12.998181  241
13.002713  552
13.012122  41
13.013795  521
13.024018  250
13.026630  47
13.044190  558
13.060950  72
13.081496  523
13.100103  100
13.112698  100
13.139315  564
13.191934  499
13.198491  573
13.205068  502
13.255242  50
13.291794  504
13.296059  502
13.316785  54
13.324081  568
13.332951  250
13.545260  39
13.567025  256
13.571370  533
13.603064  279
13.642869  302
13.710467  555
13.725514  317
13.758875  324
13.805772  373
13.817193  584
13.828589  587
13.838493  391
13.844930  50
13.869512  410
13.881947  108
13.886252  80
13.898508  442
13.921451  633
13.925457  66
13.977582  305
14.040165  73
14.071884  42
14.135807  136
14.146289  18
14.189872  47
14.225550  176
14.260189  94
14.292698  568
14.329630  580
14.350716  606
14.366422  595
14.381309  98
14.419361  657
14.546726  514
14.548679  331
14.598226  413
14.604284  110
14.655011  487
14.671592  120
14.683633  553
14.726453  112
14.763986  176
14.767372  186
14.787503  101
14.816685  19
14.831552  219
14.837770  243
14.846839  500
14.848832  205
14.863120  192
14.912348  120
14.966620  44
14.991391  646
15.078791  6
15.091346  615
15.093938  62
15.103327  1084
15.127584  654
15.153227  57
15.171025  81
15.186492  148
15.214217  154
15.278969  512
15.281321  210
15.332166  557
15.345700  221
15.371750  129
15.396259  645
15.398931  602
15.428380  656
15.458405  147
15.478356  239
15.482561  55
15.521066  286
15.566567  302
15.579868  78
15.594436  722
15.700470  167
15.702143  691
15.704538  901
15.741514  915
15.752356  308
15.760847  904
15.774540  253
15.821209  660
15.849206  689
15.861027  267
15.935514  397
15.966494  168
15.998330  230
16.020634  276
16.027191  490
16.173852  269
16.206678  742
16.237232  503
16.269846  372
16.284299  668
16.298866  510
16.365587  522
16.374476  65
16.377762  770
16.474926  365
16.485849  127
16.516399  97
16.554963  528
16.567578  539
16.605889  112
16.617630  354
16.654148  232
16.662538  237
16.684374  546
16.695438  152
16.704450  582
16.722908  360
16.767123  364
16.782031  560
16.819281  586
16.835481  363
16.846782  587
16.851586  596
16.853978  766
16.863941  417
16.879228  600
16.962363  787
16.987713  601
17.003539  602
17.007984  256
17.039857  609
17.085500  385
17.108923  621
17.116079  279
17.118551  403
17.127381  435
17.145260  625
17.156561  321
17.196867  783
17.198960  861
17.267478  410
17.279538  632
17.305327  636
17.332215  453
17.371543  637
17.375748  822
17.383244  478
17.394126  325
17.396279  265
17.433093  479
17.447966  388
17.491779  476
17.532210  517
17.536475  413
17.546582  515
17.576855  658
17.579167  424
17.584830  511
17.597145  347
17.615055  430
17.635249  440
17.714238  350
17.733830  361
17.744018  478
17.759863  362
17.792400  479
17.810532  666
17.821318  411
17.837323  516
17.844200  942
17.859935  518
17.882797  664
17.893419  534
17.904960  881
17.938429  519
17.983621  435
17.985634  901
17.997662  931
18.006730  950
18.012448  448
18.022755  360
18.033002  427
18.072567  417
18.084802  358
18.090445  447
18.135095  445
18.172189  364
18.235789  9
18.247070  27
18.299255  995
18.314326  668
18.358754  516
18.374139  446
18.388858  428
18.405293  361
18.412249  899
18.444731  479
18.448037  914
18.456711  428
18.496616  516
18.506624  516
18.511728  517
18.514899  480
18.531602  518
18.533535  428
18.536246  427
18.540711  516
18.550798  427
18.567234  514
18.569446  426
18.571459  481
18.588842  512
18.595783  426
18.608928  365
18.629847  482
18.642046  428
18.643899  366
18.648184  480
18.654821  362
18.659705  515
18.663510  514
18.666042  425
18.673777  361
18.675909  479
18.677502  357
18.697878  424
18.701693  423
18.713303  445
18.738750  362
18.768977  364
18.781517  485
18.786821  490
18.793845  359
18.795957  490
18.809499  489
18.811971  488
18.814443  486
18.819447  483
18.822059  480
18.833959  516
18.852911  518
18.855343  985
18.868856  517
18.874627  513
18.878337  669
18.898741  990
18.904439  519
18.916978  944
18.935655  943
18.944524  518
18.946457  516
18.960015  515
18.995260  446
18.997253  938
19.005088  448
19.008434  447
19.011665  445
19.014676  444
19.017028  441
19.021932  355
19.023765  355
19.025937  354
19.031580  417
19.036204  439
19.045393  439
19.047166  417
19.051630  417
19.092129  421
19.110199  440
19.116856  449
19.124579  449
19.126751  362
19.136124  363
19.145613  450
19.148185  364
19.167441  452
19.170113  370
19.178862  370
19.180475  371
19.186499  372
19.194374  375
19.221913  33
19.226457  100
19.246208  35
19.254183  36
19.268515  40
19.271546  40
19.294874  41
19.305955  457
19.307568  458
19.313081  460
19.315613  456
19.318205  423
19.328492  429
19.333876  432
19.339300  432
19.355804  449
19.373942  514
19.382476  449
19.384329  362
19.394077  515
19.396689  427
19.400854  447
19.403086  513
19.404819  512
19.407131  422
19.409743  360
19.415441  355
19.419726  502
19.423356  348
19.425129  342
19.441879  467
19.444271  466
19.449155  411
19.459043  465
19.461275  465
19.478994  411
19.489169  500
19.494812  982
19.498138  465
19.500650  466
19.513916  468
19.516388  468
19.523664  500
19.528768  411
19.531320  349
19.537817  409
19.539470  499
19.543595  494
19.556594  406
19.559805  460
19.586684  409
19.591448  494
19.596152  341
19.598864  459
19.601336  459
19.609832  340
19.611605  403
19.614736  457
19.617288  339
19.622592  493
19.625084  339
19.677644  340
19.693115  341
19.694968  347
19.699832  404
19.710718  439
19.712391  439
19.714004  432
19.727522  347
19.736336  413
19.738768  344
19.740341  457
19.747437  458
19.754534  460
19.766294  457
19.771227  331
19.793470  456
19.805269  494
19.811487  461
19.815512  432
19.817265  430
19.819677  430
19.825715  495
19.827508  427
19.832831  443
19.845890  494
19.848402  488
19.850035  483
19.852747  414
19.856277  478
19.857910  477
19.872414  955
19.902345  466
19.917041  464
19.950225  396
19.952657  894
19.959474  396
19.968663  396
19.976873  364
19.981038  386
19.982611  386
19.985023  362
19.986616  362
20.000708  385
20.008379  352
20.024690  351
20.027801  372
20.060512  378
20.065935  377
20.067828  375
20.075543  372
20.077196  366
20.079548  354
20.082220  570
20.118061  0
20.120773  812
20.141516  0
20.151124  1
20.152757  2
20.158675  7
20.176384  319
20.179495  9
20.200016  11
20.207879  14
20.210151  310
20.212683  322
20.229468  309
20.247011  326
20.249183  333
20.259231  400
20.268699  328
20.276475  397
20.285983  308
20.293159  397
20.294752  306
20.305893  394
20.308205  238
20.313549  160
20.323876  354
20.326288  354
20.331032  300
20.335996  353
20.353248  353
20.354841  354
20.370152  388
20.372724  299
20.374976  348
20.378901  384
20.380494  380
20.384908  345
20.386561  345
20.388294  344
20.396317  295
20.401680  294
20.403253  294
20.408941  290
20.411413  380
20.423522  377
20.425235  287
20.431500  281
20.441153  280
20.442826  369
20.445058  279
20.446631  329
20.452769  210
20.455361  329
20.480524  366
20.485488  277
20.487141  211
20.489413  328
20.498791  210
20.554003  846
20.556854  211
20.569473  301
20.582532  211
20.596049  278
20.607150  329
20.611435  329
20.620883  326
20.623435  205
20.625607  321
20.627280  320
20.628953  197
20.633182  318
20.634975  313
20.636568  263
20.638141  310
20.640493  305
20.642066  304
20.643659  304
20.656494  296
20.661778  270
20.666083  255
20.676210  785
20.739789  231
20.741562  728
20.757567  232
20.776829  233
20.778602  238
20.784891  243
20.787922  248
20.791707  244
20.796022  239
20.804296  218
20.812729  203
20.815081  201
20.823176  199
20.828679  195
20.832744  411
20.862611  0
20.867595  663
20.922532  0
20.934892  72
20.938997  0
20.943781  0
20.949284  0
20.977186  0
21.027820  332
21.089221  284
21.093266  325
21.097171  280
21.103149  277
21.105361  0
21.148585  0
21.181100  229
21.214971  1
21.240406  0
21.321451  275
21.372943  221
21.377667  270
21.433897  1
21.485425  220
21.500513  0
21.527063  0
21.708478  3
21.775963  221
21.795179  284
21.799604  7
21.814218  9
21.827947  82
21.844298  115
21.873103  5
21.884486  124
21.922996  133
21.941395  145
21.966752  1
21.977194  1
21.983832  2
21.990469  158
22.000392  163
22.047802  16
22.172292  45
22.213320  333
22.237002  175
22.331600  339
22.346207  342
22.368296  343
22.388837  495
22.397207  204
22.406665  111
22.408858  212
22.413283  106
22.420654  235
22.424384  111
22.448760  305
22.460905  309
22.488152  118
22.522576  319
22.597918  376
22.599731  334
22.613013  163
22.625129  165
22.633899  333
22.638184  172
22.640796  334
22.652138  194
22.656343  3
22.678806  5
22.709511  294
22.802806  18
22.819391  35
22.852437  343
22.860153  233
22.879665  486
22.901828  490
22.924601  498
22.954778  351
22.972378  355
23.017381  498
23.026210  511
23.085680  524
23.092884  616
23.113614  363
23.116086  355
23.124816  404
23.126449  672
23.138750  290
23.144768  429
23.149293  292
23.156130  431
23.163728  435
23.200380  118
23.229817  438
23.232109  131
23.237128  315
23.250921  420
23.252894  441
23.264950  442
23.271587  436
23.286554  386
23.290959  438
23.302163  438
23.314891  451
23.318876  445
23.339933  453
23.341866  463
23.346191  382
23.360219  545
23.377439  458
23.395119  393
23.403809  389
23.410107  450
23.412799  364
23.421069  451
23.429100  416
23.433285  22
23.461671  165
23.464742  332
23.467294  159
23.540980  24
23.595748  206
23.597421  348
23.616538  482
23.651768  468
23.666615  40
23.679238  222
23.683063  380
23.689401  546
23.693426  468
23.700023  426
23.720649  674
23.755500  690
23.800675  487
23.901016  542
23.914091  638
23.952640  119
23.960351  640
23.969121  789
23.972987  465
23.986222  550
23.990307  481
24.005674  288
24.007906  551
24.010578  408
24.016676  559
24.025786  586
24.027819  428
24.029492  613
24.034256  587
24.039934  600
24.048644  470
24.061099  603
24.086150  610
24.109507  612
24.122047  618
24.133903  625
24.145105  630
24.147377  502
24.204405  640
24.216041  808
24.227104  637
24.240499  486
24.254034  817
24.274060  529
24.276213  668
24.280178  606
24.301649  623
24.310659  643
24.324021  626
24.325614  560
24.331951  615
24.342634  515
24.355653  585
24.391134  342
24.401676  333
24.427710  476
24.432015  669
24.462752  622
24.470407  647
24.483701  663
24.487572  664
24.492077  629
24.508458  190
24.536481  347
24.543517  491
24.549675  661
24.551368  680
24.577004  546
24.595183  358
24.680688  552
24.685273  648
24.696994  595
24.706223  554
24.714219  556
24.720676  694
24.724802  635
24.744727  818
24.761713  908
24.790087  664
24.802713  704
24.974710  636
24.979015  959
24.991511  852
25.011302  623
25.012875  700
25.017619  602
25.021764  678
25.023397  706
25.033840  712
25.078402  724
25.101050  724
25.110020  731
25.140821  755
25.148452  636
25.154417  694
25.195476  771
25.202352  781
25.225973  799
25.244930  843
25.263308  844
25.274190  862
25.276382  672
25.295759  867
25.300663  702
25.310033  868
25.317417  620
25.326047  706
25.328699  874
25.340339  693
25.352519  681
25.354152  887
25.365521  891
25.375050  905
25.381807  909
25.388883  908
25.395420  908
25.402505  905
25.412113  470
25.413746  901
25.421401  885
25.446855  876
25.456383  872
25.499221  490
25.502691  692
25.550963  683
25.561705  713
25.591811  693
25.614001  501
25.639857  859
25.682025  676
25.695799  686
25.723645  702
25.735133  963
25.761124  964
25.776152  985
25.936163  721
25.940128  943
25.977234  722
25.985816  720
25.987669  941
25.992493  712
25.999190  713
26.000783  709
26.020406  708
26.044094  721
26.086811  722
26.117999  932
26.134493  724
26.146074  725
26.154264  762
26.177745  763
26.187533  989
26.213467  733
26.246834  731
26.254390  725
26.258355  724
26.270085  721
26.286215  722
26.288387  831
26.299429  721
26.306845  719
26.313262  717
26.322885  716
26.340567  708
26.346805  987
26.357072  695
26.372997  719
26.374750  701
26.388902  721
26.399688  722
26.405191  723
26.407563  725
26.409915  726
26.411548  724
26.414679  667
26.428595  722
26.430168  669
26.436845  706
26.459866  676
26.469338  624
26.471351  680
26.475081  656
26.484857  649
26.497017  643
26.502600  640
26.517532  639
26.546896  663
26.594138  915
26.617424  622
26.620595  635
26.640749  635
26.642862  641
26.645294  626
26.654683  630
26.664531  906
26.690065  898
26.744381  891
26.805324  609
26.836521  603
26.841206  616
26.845891  843
26.858411  612
26.862696  610
26.865028  605
26.867240  870
26.873083  598
26.875455  827
26.877967  602
26.893682  826
26.898526  602
26.904077  591
26.906229  589
26.908441  584
26.963586  828
27.011988  742
27.058495  684
27.066785  451
27.071050  450
27.074041  450
27.075634  449
27.078525  447
27.080098  445
27.089251  723
27.093796  430
27.125012  718
27.131869  396
27.136474  417
27.152221  610
27.154513  402
27.159956  399
27.162608  397
27.185770  361
27.214175  376
27.269798  339
27.288595  350
27.292620  361
27.297404  347
27.302228  346
27.312216  629
27.331618  350
27.474716  376
27.505334  599
27.508265  598
27.520920  379
27.551219  602
27.552832  598
27.554530  597
27.556163  359
27.595595  638
27.712228  569
27.713881  566
27.765005  378
27.769949  370
27.780930  368
27.821811  368
27.842328  350
27.869344  363
27.950107  368
27.974310  643
27.976423  357
28.006401  349
28.010506  639
28.019096  638
28.029119  634
28.120499  368
28.131429  359
28.156692  357
28.169111  356
28.174889  618
28.183850  355
28.188275  578
28.194193  345
28.195926  345
28.209946  337
28.251382  620
28.255687  618
28.289259  298
28.293544  286
28.297889  501
28.299782  282
28.301935  271
28.308791  266
28.310544  265
28.312676  262
28.319533  262
28.321686  548
28.329776  260
28.349052  248
28.355689  267
28.358241  253
28.360034  461
28.364119  257
28.375381  214
28.380465  182
28.387309  149
28.400204  161
28.403335  140
28.412472  414
28.424113  111
28.429177  398
28.433622  394
28.448589  106
28.457419  108
28.509598  104
28.520380  96
28.553216  108
28.559620  93
28.564764  90
28.573493  376
28.578357  106
28.579950  328
28.589718  327
28.620312  353
28.662970  70
28.681667  74
28.688245  351
28.712441  75
28.714374  60
28.725502  87
28.731460  79
28.733133  288
28.742122  88
28.747401  88
28.752584  85
28.764565  62
28.790366  325
28.794651  79
28.796224  79
28.797857  363
28.806288  73
28.808740  358
28.820976  64
28.827993  61
28.852809  58
28.867138  54
28.885870  43
28.891768  31
28.895933  249
28.898185  29
28.905681  53
28.914771  271
28.917243  38
28.925433  21
28.932150  339
28.967050  321
29.055010  53
29.102875  58
29.109133  57
29.130719  335
29.143594  324
29.152544  319
29.156989  44
29.158902  316
29.161134  21
29.169784  313
29.180746  40
29.191868  39
29.299098  277
29.325047  325
29.337028  339
29.353034  50
29.438375  64
29.445092  39
29.524161  342
29.534963  344
29.541461  344
29.558347  51
29.587735  43
29.612350  45
29.619341  51
29.628894  46
29.633838  67
29.638263  287
29.657939  289
29.659912  54
29.679804  295
29.698861  73
29.703925  340
29.767475  64
29.791880  61
29.814129  357
29.821426  365
29.844787  60
29.861587  66
29.868884  74
29.873229  81
29.875381  264
29.880226  34
29.888277  285
29.890010  65
29.911295  57
29.921985  356
29.926050  368
29.936633  58
29.965794  78
29.977415  62
29.987064  75
29.994481  65
30.028412  72
30.030045  312
30.051869  313
30.062152  81
30.078218  90
30.093885  49
30.095598  104
30.113893  375
30.124976  379
30.173858  68
30.177863  87
30.179496  72
30.192830  85
30.230880  384
30.245512  90
30.247085  92
30.249477  89
30.280831  95
30.304433  69
30.310991  95
30.317069  327
30.329224  97
30.336320  372
30.340985  50
30.347383  97
30.354100  398
30.364043  397
30.390892  100
30.397170  100
30.415008  96
30.417201  85
30.424185  112
30.428170  88
30.445628  95
30.471657  109
30.478454  328
30.491648  329
30.515584  109
30.521422  98
30.525914  335
30.533011  83
30.547386  114
30.559371  129
30.581855  393
30.613942  103
30.633814  96
30.666002  394
30.678197  425
30.694304  100
30.701141  102
30.704907  120
30.719614  111
30.747576  379
30.754354  133
30.756067  107
30.767915  89
30.769728  147
30.773214  137
30.775746  111
30.800436  89
30.807632  336
30.815563  121
30.819868  432
30.830910  441
30.852075  454
30.862857  462
30.875671  123
30.880156  157
30.888186  162
30.892691  135
30.899148  113
30.903233  142
30.930959  126
30.968903  384
30.985374  160
31.000681  152
31.004986  339
31.006819  155
31.008592  402
31.017601  459
31.026238  137
31.030903  163
31.046310  99
31.073492  431
31.119168  112
31.123093  139
31.125645  137
31.141572  162
31.150342  461
31.156859  152
31.161384  465
31.177944  140
31.182288  137
31.198256  158
31.236286  143
31.243063  168
31.247308  183
31.250020  172
31.258190  154
31.268713  385
31.285113  176
31.300620  157
31.306718  399
31.342456  147
31.348315  467
31.368567  174
31.372312  474
31.389220  180
31.400661  181
31.405306  186
31.409691  178
31.442501  182
31.449981  187
31.461861  216
31.463514  414
31.496244  191
31.503289  417
31.531043  187
31.535767  455
31.578995  477
31.589445  170
31.684199  198
31.705139  203
31.722537  543
31.724290  162
31.730428  187
31.757076  457
31.778900  196
31.780953  173
31.785825  188
31.787938  184
31.792323  177
31.801473  209
31.817141  400
31.837533  491
31.841958  205
31.852121  405
31.856606  518
31.865156  208
31.900669  521
31.912417  517
31.942973  230
31.949150  220
31.971333  173
31.979764  235
31.982176  202
31.986461  231
32.005246  229
32.014975  466
32.029468  465
32.032994  235
32.038058  442
32.061029  217
32.067466  236
32.078768  210
32.082713  243
32.111315  232
32.134133  219
32.179531  521
32.188959  229
32.277629  247
32.296427  247
32.302532  243
32.336112  223
32.356244  240
32.418467  519
32.420580  234
32.450354  526
32.452886  529
32.476421  530
32.482339  240
32.495892  244
32.506854  247
32.536456  237
32.553316  232
32.566274  479
32.592651  486
32.637467  243
32.641212  488
32.654507  259
32.692502  249
32.707097  225
32.782822  527
32.814424  536
32.827938  259
32.846550  554
32.860304  262
32.868973  246
32.878042  264
32.896761  537
32.900247  261
32.910591  248
32.917834  265
32.927144  263
32.942011  232
32.961163  464
32.967781  543
32.983168  252
32.988886  546
33.001601  473
33.019521  547
33.025699  268
33.068408  262
33.074845  496
33.079470  264
33.088499  266
33.094957  273
33.138933  285
33.141245  245
33.143677  247
33.147307  266
33.153705  249
33.155318  503
33.158030  267
33.164528  302
33.179316  273
33.185554  511
33.192291  474
33.201400  254
33.214975  253
33.220933  277
33.225717  306
33.234207  309
33.236319  523
33.247481  287
33.275403  557
33.279588  278
33.354928  558
33.370419  485
33.394395  265
33.404379  559
33.436766  523
33.438859  292
33.442924  287
33.458790  281
33.475236  284
33.486019  271
33.495268  264
33.499374  293
33.500967  265
33.508164  274
33.531603  268
33.543224  487
33.549382  557
33.563256  275
33.565788  268
33.569214  562
33.599711  561
33.630383  516
33.632555  558
33.636620  262
33.673090  286
33.674803  282
33.704275  264
33.706128  293
33.731447  304
33.745060  301
33.746933  297
33.760867  294
33.791281  274
33.833780  519
33.839084  562
33.937684  279
33.954148  563
33.974719  273
34.023173  574
34.030212  295
34.046900  576
34.061941  291
34.069385  279
34.107845  289
34.119686  272
34.140097  492
34.173622  266
34.197023  495
34.207858  282
34.227788  282
34.232113  580
34.244133  285
34.275995  296
34.283506  280
34.289843  300
34.305456  286
34.322819  284
34.327703  298
34.339531  302
34.349016  527
34.356332  293
34.361076  528
34.362729  505
34.367873  305
34.381092  275
34.382885  302
34.385257  271
34.403101  295
34.405034  301
34.413483  284
34.439783  273
34.444647  286
34.457461  263
34.463039  258
34.499403  557
34.510951  268
34.519148  551
34.520721  551
34.530508  254
34.578001  272
34.586855  550
34.600674  506
34.603246  272
34.610682  284
34.621291  251
34.623523  249
34.632252  267
34.641821  248
34.647085  246
34.653842  268
34.658267  246
34.669788  237
34.699052  474
34.701225  258
34.703817  472
34.711253  236
34.715398  247
34.719663  240
34.728180  464
34.732265  462
34.738862  256
34.743965  462
34.748270  246
34.753613  243
34.771111  487
34.773323  486
34.780347  241
34.782659  537
34.783498  536
34.796037  258
34.798369  243
34.859799  262
34.871480  262
34.887597  263
34.895153  484
34.900157  252
34.904008  481
34.906420  460
34.915828  217
34.917841  223
34.922405  214
34.946455  240
34.976484  240
34.989283  225
35.015471  226
35.019816  245
35.030642  229
35.050832  217
35.072261  209
35.101786  490
35.108702  212
35.113486  218
35.115579  488
35.122515  194
35.131284  569
35.136388  215
35.138001  212
35.149842  186
35.151495  208
35.197292  207
35.202156  204
35.204828  186
35.209812  188
35.222480  406
35.231050  203
35.239300  184
35.260089  464
35.271410  182
35.298078  174
35.304076  163
35.315062  189
35.322666  170
35.345695  163
35.356948  175
35.361273  195
35.364124  422
35.366676  420
35.368549  196
35.375006  418
35.380310  186
35.384715  394
35.398509  174
35.444813  166
35.486101  184
35.494511  157
35.508524  156
35.521717  148
35.551773  437
35.557995  157
35.561880  433
35.569384  166
35.573829  144
35.580446  430
35.587223  162
35.598664  144
35.600237  140
35.602609  139
35.608647  160
35.620208  152
35.640379  154
35.644084  152
35.647419  132
35.654890  131
35.657442  349
35.665532  124
35.666990  124
35.675679  402
35.685008  121
35.694591  103
35.701560  97
35.704152  101
35.708477  79
35.711963  75
35.720833  88
35.725618  79
35.727211  66
35.729004  79
35.731636  78
35.733569  308
35.737614  84
35.742179  305
35.748536  274
35.760996  42
35.783993  61
35.788937  61
35.793089  41
35.818878  45
35.845186  33
35.880549  316
35.894667  40
35.899631  260
35.902722  303
35.917235  36
35.924492  17
35.927084  7
35.931249  37
35.946057  12
35.956559  0
35.958172  214
35.966362  0
35.974158  285
35.980615  2
35.996521  8
36.001285  0
36.011767  0
36.020417  224
36.024222  1
36.037136  201
36.054295  0
36.069803  0
36.078173  2
36.079806  1
36.105056  4
36.163796  270
36.178228  1
36.182857  261
36.203443  0
36.210381  0
36.226981  0
36.265610  0
36.299874  218
36.306412  0
36.464169  261
36.533426  193
36.554710  274
36.595184  2
36.620280  228
36.709692  4
36.744785  10
36.778745  16
36.788249  0
36.842154  7
36.901723  21
36.909973  15
36.924546  238
36.953083  210
36.965543  17
36.984837  0
37.011327  13
37.062399  21
37.074260  288
37.091840  293
37.097004  263
37.106108  278
37.109973  37
37.114298  25
37.128911  21
37.130984  42
37.137322  0
37.144079  7
37.169968  254
37.181449  17
37.183062  233
37.195917  10
37.197710  233
37.211232  37
37.216096  303
37.228811  31
37.240907  34
37.248997  32
37.252942  16
37.256288  257
37.272054  257
37.276279  35
37.288402  40
37.312240  43
37.320410  31
37.324955  38
37.331952  47
37.348632  36
37.370056  36
37.387316  36
37.397359  38
37.399212  45
37.417090  44
37.419322  307
37.423447  287
37.429645  302
37.447584  43
37.458047  33
37.464764  33
37.471361  263
37.479872  46
37.486729  39
37.516744  47
37.527446  245
37.540641  42
37.553716  314
37.570756  46
37.581358  52
37.585464  36
37.618010  241
37.621876  46
37.654952  304
37.657105  42
37.661470  44
37.665655  48
37.700814  44
37.706512  45
37.746925  314
37.759381  13
37.782944  304
37.815550  56
37.852501  265
37.917695  324
37.919368  47
37.929037  68
37.942251  70
37.943904  48
37.960964  54
37.967841  274
37.980476  47
37.987173  268
38.000688  293
38.009937  55
38.020880  49
38.028671  76
38.060338  49
38.077857  61
38.084948  50
38.098881  57
38.107730  329
38.114587  77
38.118672  338
38.120745  77
38.124730  30
38.126423  50
38.131148  316
38.135433  344
38.148067  330
38.150459  49
38.153805  332
38.165213  79
38.176256  71
38.180321  81
38.185525  80
38.193915  51
38.221718  302
38.226023  74
38.241450  88
38.248946  79
38.259748  271
38.268378  74
38.272364  275
38.316609  88
38.339352  78
38.359012  304
38.363037  33
38.367242  305
38.392953  306
38.402342  85
38.418124  72
38.420576  92
38.443620  80
38.455935  89
38.520068  55
38.524433  345
38.526466  100
38.533602  337
38.544444  348
38.557059  76
38.559132  89
38.561105  345
38.578125  104
38.593932  93
38.595545  93
38.601143  94
38.605068  111
38.619888  133
38.634956  322
38.639820  77
38.643426  131
38.667910  91
38.691483  105
38.693176  304
38.706369  97
38.708921  388
38.722649  118
38.729006  107
38.733630  132
38.742460  101
38.753243  79
38.782778  106
38.788756  114
38.795792  327
38.813872  332
38.819990  345
38.832905  137
38.836750  121
38.848152  110
38.874942  112
38.899638  130
38.903903  120
38.906395  117
38.924174  133
38.933043  121
38.944654  138
38.949358  389
38.953503  64
38.955556  131
38.962193  99
38.971603  377
38.973536  98
38.980054  392
38.986771  146
38.993208  406
39.002697  134
39.004870  389
39.008915  392
39.018464  134
39.026674  130
39.033830  149
39.036542  131
39.049917  114
39.051690  157
39.056235  359
39.058428  138
39.063053  132
39.099951  160
39.101644  137
39.114047  148
39.133719  132
39.150948  134
39.153061  418
39.180370  160
39.189900  161
39.197196  135
39.205426  124
39.221173  417
39.251570  379
39.262072  140
39.268949  362
39.292067  135
39.294220  162
39.298525  164
39.303349  138
39.325395  165
39.327288  151
39.356930  147
39.358543  154
39.365439  427
39.388324  162
39.408016  152
39.414733  154
39.424282  429
39.429167  157
39.433752  142
39.435885  149
39.437997  99
39.443895  175
39.446147  141
39.452385  420
39.454158  176
39.460695  431
39.467652  440
39.474369  420
39.484553  429
39.492428  176
39.497427  158
39.514973  175
39.517146  158
39.521131  189
39.523623  171
39.528167  160
39.529820  176
39.564793  389
39.568958  197
39.578008  164
39.587931  162
39.601105  169
39.614379  159
39.627094  170
39.642670  457
39.649247  362
39.663854  190
39.679121  193
39.685579  168
39.699214  170
39.724371  175
39.748422  390
39.763489  417
39.782082  198
39.789858  169
39.805126  189
39.809611  185
39.816168  188
39.820373  186
39.844444  178
39.882162  188
39.897449  188
39.915162  449
39.919147  192
39.925025  198
39.929090  189
39.938579  151
39.944357  205
39.946070  171
39.959884  199
39.972070  198
39.977163  461
39.981528  425
39.987031  202
39.989084  454
39.993529  485
40.001539  475
40.005564  205
40.014833  205
40.016566  215
40.022713  198
40.025784  222
40.042125  207
40.046170  195
40.083335  428
40.087820  195
40.097922  222
40.111196  196
40.112929  205
40.145363  399
40.158318  200
40.160590  490
40.182055  222
40.186220  212
40.196243  228
40.198096  213
40.211450  207
40.263089  439
40.273891  226
40.282561  447
40.286806  430
40.295017  230
40.305559  200
40.321705  233
40.325291  210
40.343673  229
40.367370  208
40.377573  220
40.403209  229
40.428938  217
40.440120  478
40.443446  233
40.449584  496
40.458341  211
40.460314  234
40.471476  236
40.475881  204
40.477474  489
40.486064  236
40.488556  450
40.497405  431
40.500017  498
40.507553  501
40.509686  234
40.513731  493
40.515684  507
40.529138  504
40.544665  239
40.546578  230
40.558978  243
40.560631  234
40.562804  245
40.606653  246
40.617723  455
40.625099  230
40.626672  235
40.636040  250
40.659118  239
40.680471  229
40.690195  233
40.694840  435
40.709238  237
40.711950  436
40.764050  243
40.792513  458
40.812006  238
40.821255  462
40.828312  445
40.829925  252
40.842180  462
40.854780  473
40.861458  247
40.867876  235
40.869749  274
40.884601  251
40.890481  241
40.899051  234
40.911486  260
40.931723  243
40.935788  253
40.975719  276
40.983430  244
41.027019  263
41.032957  262
41.036583  264
41.039414  235
41.046151  266
41.047884  504
41.057367  490
41.067491  290
41.081524  259
41.083617  244
41.087103  237
41.091048  280
41.097735  263
41.100387  506
41.106964  288
41.113821  275
41.120539  547
41.123171  285
41.129828  290
41.136086  303
41.140152  244
41.151521  276
41.153833  294
41.160630  250
41.169939  266
41.192083  258
41.198700  304
41.204837  496
41.214890  511
41.219654  304
41.249149  282
41.271477  471
41.273190  283
41.288801  289
41.307119  290
41.315134  294
41.320218  270
41.329428  295
41.338097  266
41.346846  291
41.366064  506
41.379160  283
41.393840  280
41.397985  485
41.404269  288
41.409233  290
41.413318  296
41.431062  289
41.433354  285
41.438418  286
41.467223  282
41.475223  258
41.482799  289
41.547812  286
41.549825  284
41.557161  287
41.589648  286
41.596891  283
41.604287  286
41.619519  287
41.627269  283
41.633167  284
41.642824  279
41.648103  268
41.652328  279
41.655734  275
41.659044  285
41.690813  283
41.693025  277
41.697889  273
41.703987  274
41.712202  280
41.716387  276
41.723654  271
41.737383  271
41.741894  270
41.748411  483
41.778388  271
41.805700  273
41.817940  472
41.823204  265
41.830121  467
41.909731  283
41.958856  473
41.972090  472
41.986163  276
41.995871  273
41.999546  277
42.005404  270
42.014318  488
42.016071  497
42.055127  272
42.068174  279
42.078051  274
42.087619  277
42.104707  269
42.113357  273
42.153115  273
42.159312  273
42.168208  271
42.169646  468
42.177501  277
42.191733  281
42.194285  272
42.198410  275
42.201102  266
42.204752  269
42.211968  276
42.237363  276
42.239715  276
42.242327  274
42.244200  271
42.246492  271
42.251416  271
42.263196  272
42.274437  268
42.288209  268
42.290681  268
42.297058  269
42.304794  265
42.306272  263
42.318492  259
42.340836  254
42.343208  254
42.347173  251
42.352856  244
42.354629  244
42.357021  230
42.358874  229
42.363698  222
42.391604  236
42.393182  236
42.397507  235
42.405043  234
42.428664  237
42.431755  236
42.454355  414
42.458620  220
42.462945  213
42.464818  408
42.473787  209
42.476319  209
42.483235  205
42.492171  201
42.494783  198
42.497315  201
42.503692  198
42.506344  193
42.508936  194
42.513920  192
42.516632  191
42.527973  178
42.529966  189
42.534530  184
42.539134  179
42.541846  177
42.550086  181
42.578392  182
42.580904  185
42.605559  179
42.606278  179
42.618011  177
42.627659  177
42.629851  183
42.634196  176
42.636728  181
42.642466  182
42.644219  181
42.656666  180
42.661590  162
42.671298  160
42.678555  167
42.691854  174
42.694346  176
42.704789  173
42.711406  172
42.717109  175
42.723426  172
42.726038  171
42.742324  171
42.744057  172
42.749001  172
42.766066  166
42.783784  162
42.795045  151
42.799929  144
42.831055  156
42.832628  155
42.837891  162
42.842236  156
42.849413  158
42.866657  156
42.869249  159
42.876905  154
42.888666  155
42.890459  153
42.894484  149
42.921332  143
42.923145  146
42.930441  146
42.932733  140
42.934586  145
42.953470  139
42.960287  144
42.962759  144
42.971368  139
42.992977  132
42.995569  134
42.997182  131
43.002026  133
43.021571  135
43.023943  130
43.029785  130
43.036482  127
43.038595  125
43.040907  124
43.042800  124
43.044673  124
43.048658  95
43.054876  105
43.057228  93
43.065698  104
43.074327  103
43.078871  94
43.087960  85
43.104186  79
43.105939  82
43.113809  84
43.121465  83
43.144547  84
43.154969  90
43.162240  70
43.182642  78
43.193005  86
43.197350  82
43.201595  76
43.206379  76
43.222218  73
43.225793  78
43.246723  77
43.248776  75
43.283001  80
43.285034  74
43.298069  71
43.310131  72
43.342745  68
43.344618  51
43.346990  64
43.365323  54
43.370227  49
43.376684  52
43.378417  48
43.380609  36
43.387146  47
43.389019  35
43.391132  42
43.419254  49
43.432229  45
43.439186  45
43.447896  53
43.449649  48
43.485111  50
43.489795  48
43.513927  42
43.523580  51
43.533288  51
43.538112  53
43.549433  45
43.555791  49
43.561908  46
43.570538  43
43.572191  39
43.594676  46
43.603266  32
43.607811  40
43.629803  33
43.662458  26
43.666583  36
43.681830  35
43.688267  35
43.690559  36
43.708861  23
43.717451  36
43.741559  42
43.769230  44
43.818752  40
43.921467  48
43.934242  46
43.965809  35
44.040212  43
44.051366  44
44.061334  50
44.063646  49
44.073389  67
44.104051  64
44.115320  66
44.131966  56
44.162735  65
44.176987  56
44.193880  62
44.197785  52
44.199618  52
44.228280  61
44.230393  64
44.243488  61
44.257002  62
44.311015  64
44.321038  59
44.366186  47
44.375196  56
44.379561  64
44.390244  58
44.415993  63
44.417946  72
44.430902  74
44.433035  63
44.442504  81
44.449441  85
44.453406  62
44.473678  78
44.486513  61
44.500088  65
44.521152  69
44.541167  79
44.569438  68
44.576714  68
44.579146  63
44.589769  60
44.599662  79
44.617094  64
44.641332  71
44.650981  79
44.655006  76
44.680843  90
44.691605  82
44.695750  76
44.700495  65
44.705240  77
44.730931  73
44.767563  83
44.776473  68
44.804661  68
44.809006  85
44.815343  90
44.820008  67
44.821961  77
44.829317  109
44.835455  106
44.841773  70
44.858813  93
44.865570  82
44.872047  107
44.880005  86
44.891307  99
44.895912  83
44.933623  89
44.938388  108
44.946219  92
44.950684  82
44.962086  93
44.964199  90
44.979206  93
44.983911  98
44.986063  77
44.989789  77
45.011214  82
45.013806  79
45.020304  100
45.030987  107
45.032840  96
45.055493  99
45.065681  107
45.081049  108
45.090133  115
45.096530  99
45.099876  94
45.170568  105
45.181471  104
45.212920  108
45.219278  119
45.221550  109
45.225735  103
45.241680  108
45.243873  126
45.250390  86
45.263545  136
45.272215  109
45.278593  97
45.282738  117
45.294994  118
45.299719  101
45.349234  126
45.364641  103
45.371478  111
45.398574  129
45.400587  107
45.402180  121
45.413676  122
45.415988  129
45.422146  93
45.431774  110
45.444509  109
45.451566  105
45.469255  107
45.480876  138
45.483069  126
45.489587  120
45.499970  121
45.506867  129
45.531038  127
45.535103  135
45.536836  116
45.546505  129
45.572815  122
45.579273  112
45.597652  120
45.599805  119
45.605443  121
45.641001  119
45.643533  121
45.652483  142
45.654476  110
45.673225  147
45.679962  125
45.688567  155
45.692372  108
45.706026  161
45.720777  124
45.728013  146
45.734690  150
45.743999  138
45.762312  134
45.781044  152
45.791016  124
45.813774  119
45.822584  129
45.833487  130
45.841697  143
45.847555  136
45.861069  111
45.863182  143
45.875757  139
45.878349  137
45.884187  138
45.892937  146
45.896823  136
45.901967  130
45.912949  143
45.927617  145
45.931782  150
45.940312  149
45.951454  151
45.964429  160
45.970436  151
45.979485  142
45.983810  162
45.992800  143
46.001351  158
46.005276  156
46.022836  150
46.033379  133
46.053892  160
46.070018  140
46.072570  140
46.079107  127
46.081180  163
46.093037  148
46.097302  152
46.110276  153
46.124277  151
46.128562  146
46.136972  166
46.141697  175
46.145502  153
46.151400  172
46.157518  157
46.175396  151
46.177469  163
46.191203  160
46.218312  159
46.245547  178
46.252598  154
46.259255  156
46.263141  157
46.288300  155
46.305005  164
46.307237  158
46.315867  154
46.321505  155
46.337012  164
46.351186  163
46.365714  161
46.372112  162
46.384547  182
46.388932  165
46.391484  163
46.410557  163
46.423772  174
46.430330  170
46.432103  182
46.434795  166
46.440673  158
46.446341  164
46.455590  179
46.459815  160
46.461908  179
46.465813  162
46.477949  168
46.488830  161
46.523079  169
46.552141  164
46.553774  183
46.555667  174
46.561185  162
46.569340  165
46.574125  165
46.578750  183
46.582176  163
46.588953  184
46.607512  191
46.616242  179
46.630276  176
46.646722  193
46.652660  179
46.660771  184
46.666949  195
46.685652  188
46.687345  180
46.714000  181
46.747566  172
46.753844  179
46.765366  161
46.783186  171
46.787531  181
46.809277  183
46.815955  175
46.833294  201
46.852586  184
46.874306  185
46.885388  186
46.894592  190
46.916896  200
46.922040  188
46.926865  216
46.934062  214
46.941914  206
46.953935  207
46.964005  196
47.001392  180
47.028895  179
47.040296  215
47.056023  209
47.060088  198
47.090302  207
47.092295  218
47.103816  221
47.121407  206
47.129318  206
47.130911  194
47.135336  188
47.137209  216
47.141174  194
47.147512  193
47.153889  214
47.158773  209
47.177286  212
47.179958  223
47.186417  204
47.190222  205
47.208934  211
47.243547  202
47.248815  206
47.254853  203
47.271760  214
47.287286  206
47.301554  203
47.303727  211
47.313216  204
47.322205  213
47.323858  210
47.325891  206
47.339833  213
47.361825  203
47.382891  236
47.387216  216
47.429210  210
47.452015  232
47.457039  219
47.469555  234
47.476552  215
47.479144  207
47.501312  213
47.503844  209
47.590964  209
47.608810  230
47.616841  238
47.621106  218
47.628846  256
47.649236  232
47.666236  223
47.670061  216
47.674153  218
47.675946  235
47.687848  213
47.717010  262
47.718643  259
47.749222  234
47.756019  235
47.790970  230
47.833799  238
47.835492  244
47.849859  216
47.852052  223
47.868238  249
47.879559  230
47.883564  235
47.902622  246
47.912590  237
47.916895  240
47.921260  243
47.926628  248
47.929799  245
47.934723  246
47.939847  246
47.968807  240
47.970520  247
47.981327  245
47.990297  247
47.992549  249
48.004989  239
48.016449  240
48.032395  233
48.038692  238
48.054324  231
48.078211  248
48.080543  246
48.091843  252
48.145509  238
48.154538  237
48.159502  234
48.162214  224
48.169490  235
48.174215  246
48.185184  245
48.192301  237
48.194693  238
48.213291  249
48.234902  246
48.274949  242
48.326032  242
48.358791  248
48.368180  231
48.373004  237
48.385679  234
48.398913  237
48.408262  234
48.427019  237
48.441611  239
48.445856  240
48.453811  242
48.456023  241
48.457636  236
48.475669  238
48.495392  240
48.500276  237
48.504385  238
48.511741  241
48.534843  232
48.537235  238
48.549770  234
48.579495  230
48.624250  225
48.628395  234
48.643781  238
48.647247  235
48.653384  230
48.661139  232
48.662852  232
48.673814  231
48.676186  221
48.677899  230
48.684736  233
48.697004  231
48.699556  226
48.702128  230
48.705299  232
48.715841  231
48.724650  234
48.728836  231
48.749705  235
48.757361  231
48.759753  231
48.772967  233
48.785946  230
48.788538  226
48.790850  227
48.808623  226
48.819549  217
48.837454  222
48.859961  214
48.862613  227
48.871302  218
48.874173  226
48.879457  224
48.888426  219
48.891118  219
48.899428  220
48.910749  221
48.919558  224
48.926955  222
48.932606  223
48.966096  226
48.995064  227
49.000048  230
49.001901  230
49.009624  229
49.012216  229
49.018620  227
49.025017  216
49.029541  209
49.031414  216
49.042815  211
49.057093  205
49.063211  214
49.067875  209
49.070766  208
49.072399  201
49.099650  205
49.101822  204
49.107860  191
49.112484  203
49.116469  203
49.124285  202
49.126078  202
49.128470  204
49.130123  200
49.145737  177
49.147470  186
49.154287  182
49.156879  170
49.158023  180
49.159736  178
49.162148  178
49.163981  177
49.169025  174
49.187805  177
49.206487  177
49.216914  175
49.219386  174
49.221119  173
49.223811  168
49.237485  172
49.240197  170
49.245440  173
49.247253  171
49.271354  166
49.297712  179
49.310067  174
49.313872  162
49.316524  177
49.327326  171
49.330417  177
49.332190  171
49.343358  168
49.349775  170
49.360723  169
49.370052  172
49.377209  172
49.379601  167
49.384465  166
49.387097  163
49.388970  162
49.390583  161
49.392001  160
49.393594  154
49.395966  147
49.397879  145
49.407468  151
49.411373  150
49.426512  145
49.427790  140
49.431695  121
49.436939  128
49.447082  119
49.456590  107
49.460395  116
49.462947  98
49.469744  96
49.493309  112
49.495122  95
49.514981  106
49.528135  90
49.534064  99
49.552127  107
49.554599  101
49.561575  106
49.583580  97
49.585193  93
49.587505  84
49.589458  80
49.600799  89
49.604358  87
49.606491  84
49.608663  87
49.610356  80
49.636606  79
49.660323  69
49.665167  59
49.669979  74
49.680901  68
49.682494  70
49.684866  67
49.686459  69
49.688951  67
49.691503  64
49.699873  62
49.703279  61
49.705891  61
49.721924  66
49.728461  57
49.732945  59
49.739183  59
49.750691  61
49.771656  55
49.774148  55
49.776061  60
49.780346  48
49.782199  45
49.794221  33
49.808908  36
49.821129  24
49.842634  28
49.844427  24
49.846719  20
49.857821  27
49.862366  22
49.864439  27
49.893061  28
49.896567  19
49.904738  27
49.914841  27
49.919713  27
49.961627  21
49.966192  23
49.969398  20
49.974641  6
49.997926  28
50.013094  26
50.046442  25
50.060016  29
50.099161  34
50.174717  29
50.196092  27
50.200237  22
50.210067  18
50.311033  23
50.361540  25
50.377246  29
50.386515  35
50.410653  32
50.419222  29
50.457773  25
50.489227  37
50.493632  24
50.527047  38
50.561746  30
50.565352  28
50.569437  31
50.586657  22
50.613653  30
50.619491  38
50.626668  22
50.638011  31
50.642076  27
50.649447  28
50.656864  29
50.678468  45
50.689318  39
50.705044  35
50.709129  41
50.712875  26
50.723097  42
50.751419  50
50.753432  35
50.757797  55
50.764114  47
50.768699  36
50.770612  37
50.777389  32
50.791757  34
50.795412  40
50.802089  34
50.807907  40
50.821545  44
50.828302  37
50.843529  40
50.862127  47
50.866232  40
50.871735  52
50.882422  27
50.892231  53
50.895937  54
50.903473  57
50.905286  44
50.909152  47
50.911724  58
50.931306  41
50.937664  61
50.964820  52
50.969525  56
50.988077  33
50.990010  50
51.011888  47
51.031679  54
51.044294  52
51.062927  44
51.074089  48
51.088377  59
51.098126  61
51.115366  62
51.123976  67
51.130393  55
51.139123  65
51.154730  43
51.156303  49
51.162920  62
51.165053  52
51.171910  63
51.180940  71
51.192589  75
51.220651  57
51.228242  49
51.260391  83
51.267169  62
51.283183  62
51.294305  59
51.298071  67
51.337915  73
51.345332  66
51.348978  82
51.369789  68
51.383264  68
51.385916  74
51.394865  59
51.405668  70
51.422668  57
51.439628  70
51.443074  67
51.456787  71
51.463368  74
51.465181  80
51.492290  81
51.509550  86
51.516627  77
51.527296  80
51.532040  75
51.549420  79
51.557970  77
51.563868  79
51.572438  77
51.580468  78
51.582521  83
51.595475  99
51.610243  87
51.627963  89
51.632308  106
51.646956  77
51.649188  91
51.651081  101
51.657778  81
51.666847  84
51.695342  97
51.717887  107
51.725778  98
51.742199  102
51.743852  89
51.755912  79
51.768757  83
51.776233  94
51.778885  92
51.785942  85
51.790167  110
51.794232  101
51.797518  83
51.803536  102
51.831917  99
51.838234  105
51.847938  105
51.863905  100
51.866357  100
51.876021  107
51.880466  105
51.904124  100
51.908429  97
51.913612  102
51.938862  107
51.951437  112
51.953889  105
51.967858  115
51.973276  105
52.006103  103
52.024576  111
52.027687  98
52.029480  113
52.043721  115
52.061341  106
52.076887  104
52.079239  101
52.098373  113
52.108416  101
52.119298  106
52.155956  111
52.160561  116
52.163253  117
52.171663  103
52.185617  114
52.187530  108
52.193448  112
52.206363  110
52.208236  112
52.228095  119
52.241651  119
52.279176  118
52.310030  127
52.327964  113
52.329717  128
52.337687  112
52.347395  127
52.365174  112
52.369179  118
52.375856  116
52.386558  132
52.391023  135
52.407743  111
52.418785  133
52.437558  123
52.450034  119
52.454059  138
52.456231  123
52.468806  130
52.473131  140
52.475204  143
52.481781  138
52.484153  134
52.495695  129
52.497628  130
52.513115  133
52.523198  145
52.553507  133
52.555340  143
52.579777  128
52.585955  129
52.594605  140
52.597057  130
52.603155  143
52.609813  138
52.616470  142
52.618663  122
52.626419  138
52.648824  140
52.651356  125
52.654802  136
52.663632  129
52.669630  144
52.682373  144
52.713126  137
52.726260  143
52.730225  140
52.745113  149
52.751551  153
52.768251  150
52.781903  135
52.784555  141
52.809012  146
52.813597  143
52.817562  145
52.829957  141
52.831990  160
52.836714  152
52.859520  137
52.883085  154
52.892155  137
52.908396  162
52.932032  173
52.941256  162
52.946000  148
52.950524  152
52.954529  160
52.958375  151
52.969617  175
52.973942  148
52.988710  162
53.002958  164
53.010161  164
53.021104  162
53.024790  153
53.051432  155
53.066659  162
53.075049  169
53.090257  157
53.092290  161
53.113155  155
53.121985  155
53.133726  166
53.135619  158
53.142596  176
53.169280  173
53.190150  168
53.198581  178
53.207315  181
53.222960  162
53.235256  186
53.257632  168
53.263515  182
53.276771  197
53.281096  183
53.298556  170
53.301048  167
53.311491  178
53.331837  184
53.334549  194
53.342819  178
53.355494  176
53.367770  184
53.376500  187
53.383237  176
53.389135  185
53.407193  183
53.415583  188
53.426426  184
53.430191  206
53.438741  194
53.453214  177
53.457639  206
53.465989  186
53.470374  181
53.485921  189
53.495151  199
53.501230  190
53.503462  211
53.517204  214
53.519576  200
53.543994  202
53.560580  161
53.571862  210
53.575927  187
53.577620  219
53.586450  179
53.590975  188
53.599645  184
53.615826  181
53.620171  186
53.622483  195
53.625689  191
53.632625  199
53.634877  198
53.648612  207
53.666686  208
53.670511  206
53.709410  214
53.711882  205
53.716027  199
53.722025  214
53.733387  210
53.735260  203
53.741718  222
53.767328  220
53.773405  209
53.775318  220
53.796762  185
53.800727  209
53.806605  210
53.812703  216
53.821613  212
53.823905  209
53.825998  211
53.853287  213
53.867155  214
53.871240  210
53.885727  208
53.910941  218
53.915526  212
53.933845  217
53.942915  224
53.944828  224
53.959936  215
53.966293  218
53.977096  216
53.981362  222
53.994656  215
54.022518  221
54.042491  213
54.063137  208
54.078704  201
54.082290  225
54.099509  224
54.114176  212
54.122926  214
54.131436  212
54.136220  216
54.153161  221
54.173273  220
54.182182  221
54.239174  224
54.241067  216
54.246965  217
54.286931  219
54.289383  226
54.320755  215
54.336282  223
54.344972  221
54.349437  233
54.367338  223
54.382135  214
54.385880  225
54.392776  228
54.407464  226
54.426916  221
54.447676  238
54.453714  223
54.468922  252
54.477572  225
54.482137  253
54.491086  231
54.492699  223
54.501309  227
54.503262  231
54.505235  244
54.523917  260
54.528781  223
54.537112  233
54.540558  218
54.552187  230
54.565962  243
54.567755  228
54.570367  258
54.586020  242
54.617417  245
54.622835  226
54.632451  224
54.642546  235
54.649163  227
54.650756  257
54.671566  221
54.675631  259
54.680016  225
54.683822  238
54.686014  231
54.704347  250
54.706280  246
54.721152  259
54.727976  254
54.751532  243
54.778101  241
54.780274  236
54.781987  254
54.783920  261
54.788345  244
54.805444  257
54.809809  257
54.811442  262
54.835737  264
54.844132  256
54.846804  265
54.857087  257
54.881077  237
54.887355  244
54.889408  263
54.909219  260
54.922972  248
54.929690  267
54.942685  270
54.968480  265
54.979911  265
54.984455  261
54.986088  271
55.004860  263
55.011437  264
55.022678  265
55.025609  264
55.037317  262
55.039110  264
55.046906  262
55.049318  256
55.052624  264
55.054956  257
55.062646  261
55.070641  260
55.088852  254
55.100992  248
55.103664  251
55.110681  249
55.118691  244
55.125902  255
55.136544  250
55.144474  248
55.165156  254
55.170914  252
55.175938  257
55.179149  264
55.191489  257
55.196373  259
55.209353  244
55.215830  258
55.220495  250
55.234268  258
55.254719  260
55.260856  262
55.308613  251
55.322146  255
55.338950  261
55.380834  253
55.411167  260
55.420280  245
55.425464  247
55.431402  249
55.441052  254
55.447869  242
55.450920  253
55.466621  242
55.474671  245
55.497745  244
55.506299  245
55.508831  239
55.532746  243
55.534459  247
55.567141  250
55.583159  249
55.585351  251
55.596984  246
55.650853  240
55.692490  251
55.704157  246
55.711673  251
55.718969  252
55.741638  240
55.761175  237
55.763827  247
55.768451  234
55.771123  231
55.775747  245
55.779652  245
55.798787  247
55.819122  243
55.831736  245
55.850098  247
55.866423  253
55.869035  254
55.879804  245
55.898801  251
55.904439  251
55.912609  247
55.915061  240
55.918292  239
55.926068  249
55.937050  248
55.943806  252
55.951696  240
55.954348  244
55.956780  240
55.976531  254
55.980756  255
55.990484  255
55.996422  251
56.000227  251
56.003533  251
56.024347  236
56.026819  235
56.037924  237
56.044481  231
56.046054  232
56.047647  230
56.049660  230
56.055902  232
56.075678  231
56.077930  227
56.079803  224
56.082135  223
56.083134  220
56.093926  219
56.104481  218
56.118801  217
56.128190  214
56.136340  207
56.142298  199
56.156230  214
56.157883  211
56.161114  209
56.166058  209
56.170902  215
56.188470  211
56.190123  211
56.194308  205
56.195901  204
56.199072  206
56.200825  208
56.208620  213
56.211631  206
56.217449  205
56.219581  204
56.224285  190
56.228490  203
56.234093  203
56.248186  206
56.250498  190
56.257914  202
56.267127  208
56.277639  214
56.324902  211
56.334011  210
56.350591  208
56.352204  206
56.353797  202
56.363952  201
56.369695  199
56.383908  200
56.390904  189
56.392577  188
56.396502  194
56.401366  197
56.405911  192
56.409896  190
56.415267  192
56.423477  188
56.430178  188
56.435002  195
56.437135  192
56.439347  190
56.444511  169
56.453468  175
56.460325  176
56.462677  176
56.476630  170
56.479242  169
56.481514  168
56.492756  167
56.495148  170
56.497280  167
56.508342  153
56.510614  148
56.512347  152
56.514380  148
56.521097  136
56.525482  132
56.537163  131
56.543660  130
56.545273  128
56.549878  127
56.556055  121
56.558687  119
56.560859  125
56.566937  119
56.578538  115
56.580431  110
56.586469  107
56.588122  105
56.595203  109
56.596896  104
56.606364  108
56.611228  94
56.616132  93
56.618424  102
56.625660  101
56.627098  89
56.628871  77
56.663989  55
56.668214  56
56.670107  51
56.675371  52
56.682168  51
56.684720  53
56.686593  49
56.695622  45
56.701580  44
56.708017  42
56.712821  36
56.725782  39
56.730027  34
56.734832  34
56.741050  24
56.743202  19
56.756616  21
56.762974  22
56.772403  14
56.774116  0
56.780634  0
56.814160  0
56.818176  0
56.833044  0
56.839805  0
56.845963  0
56.872800  0
56.919155  0
56.931790  0
56.940539  0
56.946917  0
56.972467  0
56.993273  6
57.002023  0
57.029206  0
57.081185  22
57.133365  4
57.190904  31
57.259106  5
57.266422  7
57.280072  13
57.284996  36
57.290659  9
57.295024  37
57.301101  38
57.316190  1
57.320184  22
57.347700  31
57.369064  36
57.379427  40
57.383852  58
57.422178  20
57.425684  23
57.439258  24
57.442984  31
57.459270  33
57.496032  1
57.505041  60
57.511439  39
57.515045  40
57.521403  48
57.532305  36
57.537030  6
57.541994  44
57.546599  31
57.550744  41
57.571255  29
57.580666  31
57.606455  14
57.608847  34
57.613532  48
57.625633  23
57.629239  49
57.633731  50
57.635384  35
57.642062  29
57.649878  32
57.654303  26
57.660181  30
57.661974  34
57.666439  34
57.676142  63
57.710687  64
57.712520  41
57.719117  49
57.725355  47
57.738393  47
57.767532  59
57.779268  57
57.791137  45
57.812642  43
57.825840  73
57.834210  60
57.854191  51
57.858596  36
57.869878  50
57.884806  40
57.898500  45
57.909282  49
57.913927  58
57.918392  65
57.921004  64
57.943189  71
57.958696  63
57.962821  44
57.967066  61
57.971691  68
57.980161  78
57.981914  37
57.988192  69
57.992577  43
58.001926  40
58.003579  56
58.055097  42
58.061894  57
58.065839  60
58.074589  55
58.082979  64
58.097727  61
58.108449  60
58.112894  64
58.123406  73
58.130073  66
58.143302  55
58.168345  84
58.190890  93
58.209389  78
58.211861  70
58.217419  60
58.221384  70
58.234039  78
58.238803  78
58.259428  71
58.276509  55
58.289025  70
58.296221  91
58.300686  78
58.309477  62
58.314222  96
58.316554  84
58.329152  58
58.333437  97
58.346192  102
58.348045  57
58.362812  70
58.373854  108
58.375907  85
58.387549  75
58.427289  85
58.430974  112
58.433506  75
58.440403  88
58.450666  94
58.456784  87
58.464221  99
58.468346  88
58.474743  105
58.482114  96
58.489070  110
58.491023  100
58.495028  103
58.501226  97
58.512296  102
58.513949  101
58.556545  106
58.560630  93
58.582155  120
58.589212  109
58.593497  98
58.605018  97
58.609123  97
58.628296  126
58.645196  99
58.650180  111
58.652752  99
58.660842  101
58.668713  120
58.676217  109
58.686561  99
58.699975  113
58.709878  116
58.714902  117
58.721180  129
58.727998  87
58.732909  89
58.741679  130
58.746363  91
58.763004  109
58.764717  136
58.779963  95
58.802983  128
58.820723  141
58.822935  129
58.826341  123
58.835031  128
58.841709  128
58.843902  129
58.848207  125
58.856757  132
58.862160  130
58.866505  129
58.870491  130
58.885898  130
58.899073  128
58.941388  142
58.954963  132
58.982471  142
58.999651  124
59.003996  134
59.008741  115
59.013067  122
59.034064  134
59.042954  127
59.049631  114
59.052343  117
59.065039  123
59.079887  142
59.088057  118
59.092622  137
59.099199  133
59.120705  118
59.122857  147
59.130308  130
59.144022  116
59.156185  118
59.158837  120
59.173924  135
59.176076  157
59.193256  137
59.216003  159
59.226726  135
59.230911  165
59.258800  139
59.270815  119
59.276480  148
59.281564  163
59.294679  143
59.299104  154
59.303169  151
59.308377  143
59.322331  151
59.336245  157
59.338338  152
59.344935  144
59.361176  150
59.362929  166
59.384753  156
59.393123  156
59.425270  174
59.429675  151
59.434679  163
59.441536  147
59.449726  156
59.458903  145
59.467873  154
59.472078  166
59.489318  147
59.493923  159
59.497189  162
59.506832  168
59.510038  158
59.518333  157
59.521025  150
59.529195  171
59.533740  156
59.546075  165
59.547868  168
59.556187  161
59.580558  179
59.594139  187
59.597505  139
59.611019  157
59.612592  183
59.633662  147
59.670274  188
59.678284  194
59.682569  168
59.697936  176
59.699809  164
59.702002  161
59.709079  163
59.713224  173
59.715756  168
59.734382  192
59.738527  184
59.743012  178
59.758798  178
59.763103  177
59.767388  176
59.783629  181
59.800769  180
59.809159  194
59.824466  164
59.827138  184
59.839893  160
59.872222  176
59.880533  196
59.887850  184
59.918506  186
59.924049  178
59.950523  184
59.959879  187
59.963764  182
59.986169  183
59.990734  191
