# t(s) QueuingDelay(ms)
10.145246  0
10.174026  0
10.192999  5
10.219628  2
10.230011  12
10.231704  21
10.250196  10
10.294024  10
10.308324  13
10.310237  41
10.319940  18
10.343777  46
10.368314  57
10.370526  72
10.411564  77
10.432590  20
10.451234  29
10.478596  45
10.493544  72
10.502434  37
10.520233  101
10.526331  55
10.541538  135
10.543271  66
10.545503  79
10.555586  143
10.575398  144
10.580083  74
10.592998  75
10.613144  79
10.618833  94
10.621145  153
10.630514  175
10.642957  205
10.647182  157
10.664423  262
10.666995  162
10.679230  163
10.690712  184
10.693244  85
10.695097  264
10.712896  268
10.717081  103
10.725711  282
10.729157  200
10.740518  119
10.746476  207
10.754846  309
10.763076  211
10.772729  318
10.777553  127
10.779366  233
10.786383  317
10.798558  135
10.801270  242
10.809121  244
10.813885  139
10.825312  151
10.858322  249
10.860055  162
10.868665  251
10.888366  285
10.894095  166
10.905296  285
10.913267  283
10.927615  190
10.938977  191
10.947147  276
10.966600  193
10.990712  196
11.002987  200
11.011737  198
11.014049  277
11.025172  279
11.028423  190
11.042451  300
11.059471  298
11.065269  293
11.116274  208
11.143198  229
11.147083  365
11.151408  297
11.171067  314
11.179177  321
11.187288  329
11.190664  415
11.212394  630
11.230034  638
11.240704  231
11.252851  670
11.270290  681
11.296926  685
11.300951  245
11.312392  680
11.316717  257
11.341331  379
11.345656  328
11.360269  393
11.371150  360
11.377388  687
11.382292  415
11.390524  702
11.393116  48
11.400335  431
11.411156  712
11.415963  446
11.419169  704
11.434319  368
11.440626  459
11.469874  380
11.472027  466
11.493317  398
11.499714  452
11.504179  713
11.511056  474
11.515221  477
11.531007  477
11.534893  493
11.557361  480
11.559134  59
11.575202  719
11.577394  514
11.581359  494
11.593679  502
11.595492  726
11.610918  81
11.616956  507
11.646538  524
11.653175  549
11.663398  525
11.674960  116
11.688679  534
11.694668  141
11.701026  548
11.703258  565
11.715573  600
11.719778  550
11.727454  669
11.729547  736
11.738337  705
11.745174  555
11.765465  183
11.771323  561
11.799245  314
11.801617  569
11.829578  796
11.847224  712
11.865003  731
11.867156  746
11.872100  728
11.903746  744
11.922114  773
11.930349  580
11.932142  666
11.946901  780
11.972670  814
11.983292  158
12.004310  822
12.018520  582
12.038746  838
12.047135  598
12.051939  745
12.054431  744
12.056164  713
12.062091  637
12.063744  712
12.072374  840
12.073987  658
12.079071  699
12.091661  867
12.101544  707
12.107287  886
12.116297  704
12.126759  702
12.149322  704
12.151634  899
12.155619  665
12.165128  705
12.178383  703
12.193990  701
12.251653  671
12.272497  905
12.285573  909
12.292130  703
12.294462  175
12.318420  671
12.333827  694
12.336519  379
12.353480  178
12.360297  937
12.362609  703
12.405752  907
12.408284  726
12.426037  733
12.428609  396
12.432874  265
12.441584  735
12.466780  771
12.493972  295
12.498737  703
12.550624  759
12.614943  936
12.640124  714
12.648994  748
12.663347  753
12.678888  750
12.752739  940
12.754412  751
12.779833  763
12.782325  307
12.797393  973
12.808215  988
12.810268  746
12.820331  977
12.829421  740
12.843796  766
12.851032  776
12.861195  973
12.868471  775
12.876102  773
12.879193  770
12.896911  767
12.928204  768
12.936574  770
12.938706  737
12.959443  974
12.984558  922
13.080310  747
13.110976  772
13.113548  14
13.126084  18
13.136906  428
13.147467  319
13.201755  811
13.203348  52
13.223621  818
13.234331  476
13.243381  820
13.265418  822
13.267111  361
13.274310  810
13.276063  64
13.309254  538
13.320690  773
13.330897  374
13.362620  400
13.450467  775
13.455885  794
13.460090  793
13.466407  789
13.471966  780
13.478923  774
13.578556  784
13.581108  1
13.588564  375
13.594882  778
13.597534  740
13.599986  19
13.634950  650
13.642941  647
13.665383  0
13.680591  261
13.709937  648
13.716655  657
13.722164  656
13.814638  0
13.869329  474
13.941221  686
13.947079  15
13.952697  478
13.999594  483
14.006151  485
14.009857  691
14.020778  692
14.029259  26
14.033904  494
14.044426  697
14.055368  280
14.062765  698
14.077613  504
14.079726  314
14.091610  32
14.101119  327
14.105364  507
14.116086  339
14.128826  518
14.133471  346
14.172579  363
14.408597  702
14.426442  156
14.461130  392
14.502474  8
14.539887  403
14.556609  832
14.579992  834
14.784722  54
14.825756  440
14.887084  717
14.889077  59
14.936213  81
14.953104  204
14.956690  857
14.970604  865
14.985153  257
14.990471  882
15.050540  485
15.084877  486
15.127520  510
15.148919  528
15.163447  29
15.200708  535
15.235106  36
15.331858  162
15.354267  528
15.388667  536
15.404488  658
15.409672  171
15.456012  1191
15.475284  1212
15.495434  836
15.500983  1209
15.532856  840
15.570208  548
15.577105  8
15.592946  552
15.623393  575
15.638920  847
15.762626  594
15.769743  588
15.810410  6
15.824842  31
15.898180  46
16.022841  961
16.091953  589
16.157801  24
16.181149  75
16.195082  595
16.293679  622
16.424568  759
16.445233  296
16.446906  606
16.540533  962
16.629815  25
16.717435  47
16.740879  0
16.749908  63
16.767950  1
16.788914  132
16.803946  589
16.806518  101
16.810703  133
16.830629  973
16.844108  131
16.887980  106
16.892245  980
16.913314  958
16.927634  104
16.930006  4
17.059094  594
17.070410  273
17.084230  317
17.189274  158
17.201664  61
17.211452  585
17.223532  209
17.225225  91
17.227677  220
17.305724  226
17.363884  1
17.419635  108
17.439374  326
17.463470  327
17.465902  346
17.472758  345
17.533638  592
17.535970  351
17.540854  599
17.564659  983
17.586279  601
17.650342  52
17.657718  61
17.659391  58
17.702234  58
17.704047  59
17.719457  61
17.727352  55
17.783377  588
17.785210  587
17.787482  134
17.790908  584
17.793959  132
17.804346  132
17.811582  102
17.819772  131
17.824236  97
17.830713  124
17.835956  972
17.838508  124
17.845943  965
17.848215  84
17.850108  287
17.851741  0
17.893731  98
17.898455  98
17.919728  302
17.928167  583
17.934864  583
17.937436  85
17.941401  81
17.948130  301
17.953793  11
17.958477  10
17.964000  299
17.968105  297
17.973009  293
17.979706  286
18.016708  287
18.030850  568
18.034061  286
18.040718  561
18.048333  285
18.057382  939
18.067656  285
18.069429  283
18.107925  559
18.132912  0
18.138450  1
18.159739  0
18.175310  198
18.198851  51
18.236503  206
18.239829  209
18.250271  57
18.251904  56
18.253737  56
18.258521  55
18.260134  55
18.261867  54
18.264379  215
18.368652  7
18.385748  88
18.399781  14
18.420062  83
18.421855  749
18.441510  328
18.458533  327
18.473005  581
18.477274  328
18.484470  316
18.524744  572
18.534376  571
18.607253  561
18.608866  31
18.612931  29
18.619428  28
18.632447  29
18.634240  25
18.635813  27
18.641975  26
18.654077  16
18.660914  23
18.701340  16
18.748430  106
18.759996  0
18.776540  107
18.781064  561
18.786208  108
18.794347  80
18.797378  108
18.817454  106
18.819786  103
18.822138  71
18.824810  276
18.835552  269
18.838024  65
18.839777  58
18.842429  263
18.846314  263
18.849345  57
18.864731  263
18.876476  263
18.878349  261
18.885904  261
18.888056  55
18.894341  39
18.901797  255
18.907359  925
18.916568  254
18.921152  254
18.925277  253
18.959469  254
18.967938  253
18.975653  251
18.979758  247
18.983204  246
18.988882  242
18.995539  241
18.997871  894
19.004648  239
19.011764  236
19.027203  0
19.080812  0
19.095484  132
19.128482  0
19.190193  133
19.194638  38
19.201195  142
19.216601  17
19.229220  158
19.233865  20
19.236477  20
19.268562  166
19.272907  171
19.363596  41
19.367881  4
19.392021  720
19.413305  297
19.421180  297
19.425105  296
19.445080  297
19.449864  298
19.491292  297
19.499686  297
19.555863  0
19.582070  0
19.587454  3
19.593898  17
19.601314  0
19.608730  18
19.632978  8
19.683879  62
19.689702  62
19.696958  61
19.699550  57
19.706347  57
19.712508  53
19.717472  506
19.719105  22
19.727834  50
19.734218  21
19.749142  226
19.775830  228
19.777982  23
19.782267  228
19.787750  23
19.800794  229
19.802447  227
19.820054  8
19.831300  230
19.836084  903
19.842645  0
19.849322  231
19.863675  234
19.865947  235
19.869253  214
19.871825  214
19.890582  214
19.894767  213
19.909363  866
19.910956  212
19.928267  213
19.956612  0
19.975389  92
19.997472  83
20.003450  0
20.024519  8
20.033049  10
20.072193  0
20.120426  0
20.131555  88
20.159117  88
20.237358  0
20.274554  592
20.289442  170
20.470853  0
20.483972  347
20.486504  0
20.501960  0
20.533691  0
20.551292  0
20.565770  36
20.572367  708
20.582834  705
20.620275  661
20.705293  1
20.750422  2
20.761404  5
20.780316  9
20.952903  9
20.955255  3
20.957188  12
20.964206  25
21.001496  477
21.009806  46
21.094165  701
21.180776  278
21.240179  0
21.258437  10
21.274982  11
21.283552  682
21.285385  16
21.294378  679
21.383935  7
21.386447  4
21.417939  5
21.431174  7
21.440024  0
21.449260  9
21.463062  11
21.472410  21
21.482013  34
21.488910  667
21.513780  42
21.518145  648
21.522410  43
21.545828  55
21.569524  57
21.707398  29
21.722191  45
21.839790  57
21.857069  75
21.867952  0
21.887585  2
21.944921  126
21.981266  137
22.102449  151
22.144747  58
22.150210  81
22.162498  114
22.252787  13
22.261597  165
22.265762  13
22.281489  147
22.295365  84
22.322403  168
22.342930  176
22.354691  186
22.369479  206
22.382433  219
22.399540  227
22.406777  181
22.415966  228
22.448652  240
22.457182  244
22.474241  258
22.511187  263
22.571836  288
22.587204  291
22.606121  317
22.629909  328
22.675451  851
22.777460  516
22.783797  525
22.813230  215
22.826413  123
22.828026  142
22.831392  216
22.840728  135
22.890389  123
22.905561  334
22.938067  162
22.952624  816
22.962033  169
22.966267  337
22.977923  138
22.995536  346
23.003072  530
23.019437  413
23.039527  416
23.067795  422
23.119011  165
23.252548  153
23.271827  170
23.273440  302
23.296276  223
23.317644  307
23.331418  310
23.339468  300
23.365086  172
23.389501  302
23.443059  302
23.472785  173
23.479362  201
23.493555  175
23.583248  261
23.600906  365
23.603138  238
23.670509  19
23.746742  422
23.787281  743
23.799700  228
23.822096  296
23.828713  145
23.843094  235
23.850990  325
23.854915  238
23.861639  249
23.873000  961
23.898398  288
23.934241  139
23.940698  827
23.959416  346
23.979626  319
23.984550  140
23.994158  139
24.031612  314
24.042679  313
24.053980  299
24.092517  592
24.124560  184
24.157063  23
24.170417  310
24.180605  317
24.182737  321
24.192965  321
24.202334  307
24.226769  179
24.254451  309
24.274409  293
24.291273  301
24.315741  302
24.318053  302
24.319746  302
24.322972  300
24.325364  300
24.332920  296
24.351757  298
24.360212  299
24.362524  302
24.364337  304
24.370099  302
24.376037  299
24.386404  972
24.397091  301
24.400996  305
24.410903  304
24.429281  980
24.448297  297
24.452282  294
24.462265  291
24.476617  300
24.478889  307
24.498420  320
24.500193  319
24.502545  294
24.509681  215
24.517931  291
24.527087  149
24.534523  307
24.550145  295
24.558879  300
24.565006  303
24.569151  302
24.576906  300
24.655396  301
24.681806  302
24.683399  176
24.699676  208
24.702108  303
24.707786  301
24.709579  300
24.714903  299
24.753076  829
24.760636  299
24.762209  948
24.792277  301
24.806829  232
24.814684  229
24.826165  299
24.842200  330
24.846425  227
24.851129  227
24.853022  328
24.855294  226
24.874311  976
24.890546  274
24.898321  260
24.903320  946
24.909118  244
24.915559  259
24.927080  260
24.936663  259
24.949542  285
24.952174  284
24.958256  282
24.960848  169
24.974090  265
24.984013  256
24.991828  254
25.011492  269
25.017989  260
25.023212  547
25.066608  268
25.090373  267
25.116424  263
25.119435  162
25.130237  263
25.135161  260
25.145089  260
25.152425  275
25.158303  253
25.204667  250
25.215790  247
25.218082  236
25.220234  693
25.222327  245
25.224499  242
25.227705  237
25.235680  229
25.237333  226
25.239066  259
25.241298  222
25.255950  222
25.258282  225
25.260175  224
25.262487  222
25.264120  225
25.266752  221
25.283196  215
25.288859  235
25.298375  207
25.305672  216
25.307824  895
25.309657  220
25.311310  214
25.313522  213
25.315095  210
25.317168  209
25.325203  207
25.329432  206
25.334396  888
25.356139  200
25.357792  199
25.365922  195
25.371166  192
25.376829  195
25.378782  201
25.382607  202
25.388365  189
25.396647  206
25.404036  220
25.411368  205
25.431817  201
25.433510  191
25.457041  191
25.459712  186
25.462204  185
25.464516  180
25.466828  169
25.469959  152
25.471552  154
25.489821  152
25.499397  152
25.507213  144
25.529581  140
25.531773  147
25.542020  146
25.544652  134
25.570435  137
25.585027  137
25.588218  788
25.589811  131
25.596588  131
25.598720  130
25.601172  788
25.603844  125
25.610042  125
25.615146  120
25.617478  117
25.619291  117
25.621843  40
25.623436  33
25.626247  29
25.627920  96
25.630212  122
25.631865  10
25.634896  8
25.638027  7
25.642671  6
25.644384  5
25.649088  749
25.666673  60
25.672770  70
25.683392  63
25.686104  52
25.695333  60
25.697925  58
25.702709  58
25.705221  752
25.713798  77
25.722328  64
25.728745  50
25.731936  56
25.740746  48
25.759303  50
25.766919  44
25.773456  330
25.795378  67
25.845291  56
25.863954  48
25.866486  54
25.868958  32
25.877608  48
25.882192  48
25.885538  46
25.897638  60
25.899910  41
25.904055  40
25.922493  40
25.932043  38
25.952674  31
25.957538  31
25.959711  46
25.982079  9
25.986024  7
25.992481  0
25.996846  663
26.010779  650
26.012337  648
26.038515  0
26.040588  0
26.047384  0
26.059186  0
26.074832  404
26.083082  0
26.109377  0
26.144422  0
26.192045  553
26.199565  552
26.209073  0
26.223646  548
26.245389  0
26.259462  571
26.261115  568
26.263048  0
26.291388  0
26.298504  0
26.311743  0
26.333407  137
26.354356  0
26.367375  515
26.400719  0
26.452956  9
26.458699  14
26.500414  0
26.525545  0
26.589208  545
26.653330  327
26.770626  0
26.806116  13
26.813851  18
26.815963  21
26.818275  18
26.824952  18
26.831709  557
26.888419  5
27.035939  15
27.042675  16
27.056069  44
27.066391  50
27.071255  50
27.075999  2
27.079865  20
27.143980  10
27.178969  25
27.201887  4
27.212569  9
27.255997  24
27.366945  529
27.370990  10
27.382761  533
27.393024  30
27.410683  30
27.413255  22
27.467116  564
27.476724  6
27.503332  32
27.560303  32
27.582226  168
27.584738  17
27.604529  546
27.614911  50
27.662552  25
27.667376  50
27.682508  55
27.685140  39
27.686753  59
27.718213  4
27.729395  24
27.731088  24
27.776257  37
27.784966  45
27.810025  573
27.858737  17
27.882255  38
27.890765  5
27.894730  40
27.901108  61
27.958610  55
28.018885  560
28.020678  31
28.038752  32
28.040745  66
28.042618  33
28.049395  31
28.098706  43
28.109442  583
28.118651  17
28.138482  20
28.143366  42
28.152196  47
28.167343  32
28.173760  30
28.216388  39
28.224418  171
28.229122  56
28.246436  193
28.248149  216
28.271575  222
28.273568  60
28.309479  55
28.311392  332
28.315277  52
28.317669  593
28.321794  70
28.325420  96
28.332711  37
28.335243  48
28.342998  37
28.347184  77
28.375126  42
28.383416  47
28.406242  65
28.448581  72
28.478405  92
28.479998  582
28.489467  576
28.495245  235
28.556639  348
28.560624  59
28.576509  47
28.578622  70
28.583521  80
28.599358  125
28.654428  92
28.700423  586
28.724613  629
28.729058  67
28.737608  69
28.740140  69
28.745978  89
28.750143  137
28.753214  67
28.754927  81
28.776491  371
28.810282  85
28.811935  52
28.813608  620
28.833440  61
28.889487  27
28.892578  49
28.930989  48
28.947658  250
28.957841  261
28.960373  316
28.974705  80
28.997073  318
28.998806  60
29.031362  593
29.050993  101
29.052766  64
29.062849  134
29.065461  135
29.075943  82
29.077516  72
29.100746  154
29.106365  125
29.112522  30
29.121212  81
29.141762  94
29.146087  126
29.167496  106
29.191740  143
29.201509  115
29.220542  173
29.234236  620
29.241260  10
29.265435  399
29.273011  79
29.288179  628
29.290352  54
29.299482  113
29.303288  121
29.312657  159
29.314770  149
29.319335  437
29.335142  167
29.345330  138
29.360527  176
29.364952  133
29.369577  111
29.375555  196
29.431645  182
29.451038  653
29.463034  74
29.465207  652
29.473377  325
29.480434  654
29.482846  139
29.499057  725
29.504775  142
29.511192  165
29.517190  204
29.522573  142
29.534813  207
29.538139  124
29.543642  171
29.569395  135
29.583388  636
29.592955  174
29.620669  131
29.643832  174
29.651248  133
29.659043  176
29.672644  189
29.682927  41
29.685579  130
29.744642  210
29.748108  327
29.757796  142
29.768738  358
29.775759  453
29.777392  186
29.779724  368
29.788134  189
29.797769  163
29.817600  691
29.822025  197
29.831849  714
29.859092  175
29.865150  209
29.877386  169
29.882270  199
29.914406  46
29.931106  224
29.935990  178
29.959332  209
29.973125  181
29.995747  213
30.015323  227
30.041316  717
30.071915  202
30.087682  212
30.093799  504
30.099817  187
30.106094  190
30.112691  86
30.123493  212
30.130769  235
30.133461  204
30.139692  511
30.150581  195
30.163670  217
30.176584  247
30.188525  246
30.200066  215
30.220353  228
30.245349  253
30.269009  143
30.285171  726
30.290006  216
30.292019  754
30.303460  145
30.310811  187
30.317767  237
30.321932  226
30.341887  222
30.350680  242
30.359090  219
30.360663  229
30.362796  230
30.429748  188
30.454048  256
30.458413  191
30.480357  220
30.508439  746
30.515176  232
30.519081  245
30.538603  87
30.542908  198
30.563898  218
30.589681  154
30.603034  240
30.626715  219
30.630960  223
30.637597  369
30.641582  240
30.649720  242
30.685588  769
30.700767  244
30.710436  248
30.738342  245
30.740095  188
30.745179  278
30.761843  77
30.781781  285
30.787938  244
30.790230  286
30.795833  252
30.800238  294
30.802690  253
30.813072  258
30.817716  232
30.829977  549
30.834322  230
30.854960  234
30.861098  276
30.870148  437
30.879117  783
30.903477  293
30.916366  779
30.965063  568
30.967595  258
30.986073  156
30.997176  246
30.998769  253
31.003473  302
31.014220  248
31.031259  263
31.036323  297
31.045819  282
31.062444  289
31.094245  294
31.105566  300
31.136796  220
31.145865  759
31.147498  759
31.153116  763
31.157341  207
31.170619  807
31.184912  284
31.190850  258
31.195115  288
31.211720  278
31.256156  285
31.273814  231
31.298181  246
31.302866  248
31.329931  255
31.350326  816
31.353612  274
31.388766  230
31.394704  283
31.399788  230
31.424535  279
31.429819  276
31.448775  281
31.476731  283
31.486499  278
31.489730  279
31.498719  270
31.523641  812
31.532071  276
31.539606  268
31.566339  283
31.574989  279
31.581311  263
31.591299  267
31.602345  167
31.622820  276
31.640739  274
31.642812  271
31.658687  279
31.665264  264
31.688685  266
31.690837  268
31.703779  414
31.716873  266
31.724849  260
31.730327  259
31.734532  792
31.770713  247
31.793760  578
31.811984  258
31.817482  262
31.860845  269
31.865230  276
31.871367  271
31.873719  266
31.910948  818
31.933751  272
31.938735  272
31.964956  253
31.971613  258
31.976457  777
31.983573  222
32.002689  253
32.009905  259
32.017561  257
32.046016  261
32.049901  257
32.068495  816
32.073474  808
32.079811  260
32.098334  235
32.174067  256
32.205983  254
32.210128  258
32.217484  257
32.222488  249
32.248529  254
32.266727  250
32.289261  253
32.302000  257
32.337323  244
32.345348  785
32.348794  243
32.368732  242
32.372877  251
32.385012  233
32.396346  232
32.404062  235
32.407907  241
32.414424  238
32.421500  237
32.423852  233
32.426284  219
32.428197  226
32.442940  232
32.445512  229
32.447085  225
32.448738  208
32.451969  229
32.460638  226
32.474931  220
32.488733  361
32.503485  224
32.507930  216
32.515226  751
32.540320  205
32.542672  197
32.545224  197
32.560450  198
32.565354  522
32.567027  521
32.569359  513
32.575397  189
32.582134  160
32.592956  199
32.601705  512
32.609487  199
32.618716  205
32.625253  198
32.626846  206
32.629458  185
32.644297  184
32.649241  191
32.658490  193
32.686296  197
32.691100  197
32.714323  177
32.721220  188
32.727697  705
32.736666  152
32.752312  184
32.767611  190
32.772175  190
32.783417  190
32.787962  192
32.794419  193
32.796012  192
32.800876  194
32.803488  184
32.817821  736
32.846460  153
32.867248  184
32.872631  714
32.874824  151
32.877296  149
32.914418  171
32.943678  174
32.951014  165
32.963314  163
32.982591  172
33.026769  173
33.039983  171
33.044128  187
33.074870  707
33.084059  169
33.086172  167
33.100615  173
33.103007  166
33.107272  179
33.120447  159
33.145052  176
33.153202  176
33.155135  165
33.162312  157
33.166397  159
33.173853  158
33.175446  153
33.185074  144
33.190058  144
33.195222  283
33.211224  145
33.218680  150
33.242361  137
33.250851  133
33.260320  443
33.268250  85
33.269823  116
33.283757  128
33.286109  126
33.287942  126
33.290214  439
33.296811  110
33.298444  118
33.312424  133
33.315615  111
33.331349  116
33.333202  116
33.337867  115
33.374362  89
33.378986  96
33.383111  95
33.385463  612
33.391841  55
33.410258  72
33.416196  71
33.421220  72
33.426898  69
33.433774  73
33.438978  69
33.442803  69
33.449920  619
33.451653  618
33.453985  616
33.461022  42
33.464348  31
33.466101  29
33.479095  18
33.506574  28
33.508147  20
33.514904  26
33.528699  21
33.548135  11
33.584612  40
33.593840  12
33.595733  26
33.608148  16
33.616318  17
33.625387  25
33.648174  19
33.661788  563
33.681700  16
33.688178  17
33.697507  2
33.721652  4
33.730162  0
33.733253  7
33.754364  135
33.769280  0
33.771512  0
33.777417  529
33.800941  0
33.833029  0
33.853120  313
33.861370  1
33.874643  6
33.896739  0
33.898312  0
33.905943  0
33.919018  0
33.953862  520
33.957727  0
33.984996  2
34.011559  546
34.021028  0
34.091178  0
34.154621  46
34.156162  39
34.208569  22
34.250770  5
34.297789  4
34.393024  5
34.409330  1
34.432607  2
34.460194  0
34.505354  5
34.512705  517
34.528273  2
34.553255  6
34.565235  4
34.576542  0
34.690864  7
34.714340  2
34.721636  511
34.733472  2
34.764234  7
34.765887  0
34.767700  0
34.796262  532
34.806565  0
34.808158  0
34.821013  0
34.845029  0
34.859876  0
34.865703  2
34.890260  142
35.000236  313
35.126432  6
35.164522  8
35.171059  8
35.192236  553
35.203598  3
35.219892  5
35.226250  9
35.231134  2
35.233207  18
35.247160  316
35.286164  25
35.307034  47
35.320100  12
35.327571  49
35.330123  49
35.331896  57
35.355338  12
35.364647  50
35.372039  8
35.374251  16
35.399390  551
35.431138  13
35.438144  19
35.443088  21
35.457743  0
35.486738  15
35.514899  27
35.523629  13
35.538469  42
35.542354  17
35.591200  50
35.620153  10
35.621886  574
35.633307  27
35.635340  320
35.661577  578
35.663989  48
35.668254  26
35.678382  29
35.689044  59
35.729444  146
35.737634  55
35.746423  22
35.748036  525
35.755502  49
35.763033  34
35.777626  580
35.784063  600
35.788148  36
35.792413  7
35.794346  610
35.800244  34
35.809154  36
35.817185  54
35.852822  46
35.866807  54
35.874657  52
35.899153  58
35.905650  60
35.912487  61
35.960396  541
35.964201  172
35.974864  74
35.976437  30
35.980402  567
35.981975  78
35.986760  81
35.989392  84
36.018305  41
36.019878  72
36.033651  50
36.053663  81
36.058447  64
36.075651  82
36.079017  4
36.094823  85
36.103833  67
36.112663  33
36.117807  79
36.133082  24
36.145517  194
36.160945  75
36.172687  83
36.178526  64
36.203909  61
36.212719  53
36.241018  90
36.247895  90
36.269903  611
36.272874  54
36.287127  82
36.299542  587
36.312876  360
36.326909  57
36.366894  88
36.398621  217
36.416999  590
36.426767  76
36.428400  65
36.438767  71
36.442672  75
36.447157  631
36.448830  87
36.455008  74
36.464138  84
36.469297  633
36.482546  59
36.484918  96
36.496184  620
36.513558  74
36.516789  378
36.522472  69
36.535287  97
36.566552  82
36.576680  84
36.588322  85
36.599109  57
36.650572  76
36.665305  95
36.687415  74
36.704155  87
36.736869  91
36.741893  100
36.750732  113
36.763786  99
36.780610  95
36.785714  83
36.801521  77
36.813497  220
36.824759  103
36.840165  74
36.844770  110
36.849382  98
36.853467  110
36.857752  105
36.885033  101
36.903191  105
36.912854  635
36.940604  89
36.950272  104
36.952704  109
36.959681  86
36.963646  620
36.979652  409
37.002916  91
37.030329  114
37.044416  111
37.063627  120
37.079272  247
37.104067  102
37.107593  614
37.123803  101
37.131498  90
37.144636  105
37.146928  638
37.155350  99
37.184955  95
37.192111  105
37.203687  641
37.206259  80
37.217381  120
37.220013  123
37.242415  114
37.254950  107
37.264403  123
37.274690  100
37.314754  114
37.316547  105
37.330360  650
37.350750  112
37.355734  101
37.365442  103
37.377686  94
37.384547  111
37.406695  119
37.410680  119
37.419509  120
37.431969  414
37.436234  108
37.454612  103
37.459716  113
37.471877  102
37.484212  244
37.490709  105
37.513276  108
37.533527  101
37.540364  105
37.555671  87
37.562708  107
37.567313  629
37.606902  108
37.638620  648
37.667545  641
37.669997  643
37.671570  113
37.673862  119
37.679860  117
37.690207  111
37.693353  239
37.695905  113
37.713710  111
37.754556  108
37.774455  621
37.777087  103
37.782111  620
37.784004  98
37.786336  95
37.788828  99
37.791160  630
37.795984  91
37.802108  630
37.807491  94
37.810203  92
37.811836  93
37.822263  104
37.835177  91
37.848149  94
37.855864  81
37.862741  90
37.866686  97
37.879420  392
37.884184  89
37.896365  85
37.907926  93
37.912771  75
37.918629  73
37.940422  69
37.943014  68
37.947618  64
37.952502  583
37.978880  67
37.983105  69
37.993968  69
38.007861  60
38.012366  72
38.043999  79
38.050197  82
38.054003  75
38.061080  70
38.075122  66
38.077774  62
38.091842  60
38.106254  200
38.112491  65
38.119088  65
38.127642  60
38.130334  61
38.156782  61
38.158435  67
38.182296  60
38.188713  53
38.190686  51
38.194711  51
38.211882  588
38.216727  52
38.235580  354
38.237932  54
38.252052  600
38.256237  599
38.278540  50
38.289701  172
38.310731  36
38.339232  167
38.344036  29
38.346308  24
38.350893  36
38.355497  36
38.363180  38
38.378467  550
38.381658  35
38.395013  29
38.397445  32
38.399817  29
38.408147  36
38.434176  31
38.436868  13
38.448437  27
38.457106  328
38.463602  26
38.472831  19
38.496992  18
38.516684  19
38.521448  14
38.526552  516
38.538074  0
38.546204  0
38.556766  0
38.562983  0
38.586754  0
38.588906  0
38.613389  0
38.632802  0
38.648149  118
38.652414  0
38.655106  0
38.668021  0
38.680058  0
38.744231  3
38.750633  513
38.771519  0
38.773791  288
38.776882  287
38.786985  0
38.792703  0
38.805964  536
38.824202  11
38.861466  502
38.903121  0
38.911512  489
38.928675  0
38.990744  283
38.996862  0
39.009052  3
39.134247  0
39.143256  0
39.172931  103
39.257879  0
39.287574  507
39.338883  520
39.445073  487
39.518863  278
39.598931  481
39.657945  0
39.775018  0
39.814266  494
39.868598  517
39.870990  514
39.894252  6
39.901808  104
39.940443  102
40.043749  268
40.219732  8
40.295055  4
40.317424  17
40.341659  20
40.352601  23
40.408948  7
40.429961  25
40.435559  28
40.438211  26
40.442536  25
40.456330  19
40.488796  105
40.495633  121
40.567068  3
40.570179  16
40.597678  1
40.637539  1
40.652795  19
40.662023  8
40.682242  487
40.705903  9
40.711306  24
40.731550  1
40.758698  30
40.767288  27
40.784873  0
40.789705  117
40.805771  26
40.812128  6
40.815538  17
40.843126  25
40.847970  26
40.903977  33
40.910439  17
40.919169  26
40.921601  30
40.961968  6
40.994746  20
41.004759  116
41.042329  489
41.046115  18
41.050320  15
41.070770  14
41.076868  14
41.092479  15
41.095685  11
41.104035  18
41.107046  28
41.115228  23
41.119533  28
41.127269  15
41.134305  20
41.143754  287
41.178463  13
41.197889  14
41.203627  8
41.207952  19
41.212696  19
41.270149  19
41.301149  27
41.307207  22
41.313145  21
41.319123  14
41.324946  105
41.331983  10
41.346257  9
41.351895  277
41.379226  17
41.403834  15
41.411924  18
41.430622  9
41.436140  0
41.441858  4
41.445069  15
41.456809  6
41.487956  0
41.497311  20
41.508337  8
41.512103  4
41.522965  10
41.530222  9
41.545429  6
41.614241  12
41.619445  7
41.624269  10
41.652097  10
41.653730  17
41.660327  482
41.666512  271
41.687797  0
41.697105  0
41.701670  0
41.709860  446
41.728099  0
41.742986  0
41.774752  0
41.777244  0
41.788845  0
41.792850  49
41.798468  0
41.819952  213
41.851489  0
41.878417  0
41.897989  427
41.919335  0
41.949514  0
41.993971  0
42.008284  0
42.039231  0
42.081612  0
42.122214  0
42.154129  0
42.186101  0
42.433714  1
42.456157  3
42.473603  6
42.514775  7
42.530062  13
42.534686  3
42.536819  7
42.583101  0
42.615528  18
42.625077  219
42.671786  3
42.714880  5
42.720878  1
42.725503  4
42.730507  1
42.752271  1
42.773396  1
42.779534  15
42.825255  6
42.851613  6
42.882575  4
42.913572  13
42.937992  8
42.948734  10
42.961669  3
42.975403  8
43.008519  6
43.044501  0
43.057715  0
43.082851  4
43.089108  6
43.169650  7
43.173855  3
43.209482  2
43.213247  4
43.225802  9
43.250418  11
43.257929  15
43.288591  8
43.405589  6
43.415013  17
43.436957  12
43.448013  9
43.470835  11
43.512495  30
43.517879  24
43.522703  36
43.528521  4
43.577368  19
43.581114  1
43.583766  8
43.612208  7
43.614680  10
43.661715  26
43.690505  10
43.729836  41
43.743070  46
43.747056  22
43.775717  26
43.777490  50
43.783053  25
43.794674  21
43.834626  21
43.852623  2
43.863645  25
43.894140  46
43.900238  19
43.902371  18
43.931628  52
43.943749  17
43.948454  33
43.955930  24
43.968905  29
43.988318  21
43.992123  53
44.000953  49
44.004659  66
44.012215  39
44.056345  29
44.072434  43
44.087480  16
44.089673  61
44.097783  24
44.101014  16
44.106397  29
44.112455  23
44.116081  60
44.127683  17
44.131988  42
44.142531  47
44.149109  53
44.153534  63
44.157539  53
44.193824  7
44.202638  65
44.209035  52
44.212681  37
44.223663  41
44.231334  52
44.241716  29
44.295569  28
44.316898  37
44.319230  26
44.328139  37
44.334356  19
44.338961  70
44.343386  59
44.372834  53
44.381404  51
44.433247  54
44.444384  44
44.465629  60
44.473074  55
44.484875  70
44.494165  66
44.505487  57
44.509732  57
44.522152  61
44.533453  57
44.548201  74
44.569557  85
44.573922  43
44.586777  68
44.612367  49
44.614839  94
44.619064  94
44.624267  73
44.626060  93
44.633476  80
44.645057  52
44.652134  44
44.662477  57
44.667860  63
44.674757  65
44.678902  69
44.693494  72
44.700725  72
44.717610  58
44.724746  68
44.731531  88
44.733643  52
44.737748  72
44.757210  50
44.764546  78
44.772816  63
44.776122  92
44.784796  77
44.789880  60
44.794285  65
44.798750  63
44.837419  80
44.843457  99
44.855378  94
44.879954  67
44.889703  64
44.909793  87
44.911706  69
44.921179  83
44.925963  54
44.942555  74
44.949360  85
44.962574  54
44.965026  60
44.987310  68
45.000683  69
45.013957  69
45.020334  83
45.022387  94
45.037320  94
45.050374  98
45.054179  89
45.086091  89
45.088643  74
45.095814  85
45.101237  80
45.121647  88
45.141739  87
45.146024  108
45.152881  89
45.173217  90
45.178021  69
45.182405  105
45.194046  90
45.205566  93
45.210984  98
45.217521  90
45.222645  78
45.231934  90
45.233887  89
45.239171  98
45.248181  97
45.265545  101
45.284281  93
45.297655  103
45.300067  90
45.319845  91
45.323950  93
45.328814  97
45.346813  85
45.350379  92
45.395890  91
45.413271  84
45.432923  89
45.435255  85
45.445597  86
45.447650  90
45.450082  90
45.466208  90
45.470752  89
45.472385  87
45.474957  90
45.492994  81
45.496500  78
45.509299  80
45.520081  77
45.524026  76
45.527097  83
45.541425  82
45.549515  78
45.552741  76
45.557845  77
45.583223  76
45.596445  82
45.599851  81
45.602722  78
45.620014  84
45.632989  79
45.634742  78
45.647561  86
45.671679  83
45.681767  86
45.693587  84
45.700164  88
45.707181  80
45.728471  81
45.740766  85
45.747203  86
45.748836  85
45.753001  81
45.778774  83
45.787391  85
45.837565  90
45.909758  87
45.951485  84
45.959515  70
45.964799  72
45.979020  75
45.987158  73
45.989770  70
46.004342  72
46.006075  70
46.008028  69
46.012113  74
46.014625  64
46.019524  69
46.027483  68
46.031948  66
46.034380  63
46.049072  73
46.052418  76
46.070081  71
46.080223  69
46.093419  76
46.096011  76
46.097664  79
46.127224  71
46.142930  70
46.147435  77
46.149088  72
46.151420  63
46.153972  69
46.168659  68
46.177629  62
46.181594  69
46.186698  69
46.204643  66
46.235685  70
46.239151  59
46.242322  61
46.246427  69
46.263450  68
46.283690  59
46.287995  68
46.302268  60
46.304660  58
46.322663  60
46.327008  56
46.328921  57
46.342374  52
46.351484  63
46.361752  60
46.363645  64
46.365418  61
46.376728  68
46.380973  68
46.386851  58
46.411426  62
46.413658  58
46.419042  59
46.421654  61
46.426698  60
46.454364  62
46.537857  64
46.540009  65
46.558801  64
46.567925  61
46.594947  55
46.596780  55
46.603337  53
46.614689  60
46.616282  54
46.619213  56
46.621805  50
46.625395  48
46.646132  50
46.654068  50
46.661105  51
46.663317  46
46.671172  54
46.686719  52
46.689231  52
46.693895  44
46.695868  44
46.707018  49
46.713695  42
46.724437  52
46.751851  53
46.753604  53
46.756116  46
46.758668  46
46.773860  54
46.788852  62
46.813029  53
46.815062  45
46.820445  47
46.828104  46
46.838886  44
46.840759  44
46.843111  42
46.845683  44
46.862963  48
46.871852  52
46.876796  45
46.879048  42
46.895014  39
46.903864  43
46.910222  40
46.914487  43
46.922071  42
46.926696  47
46.936349  52
46.939021  41
46.990991  40
46.992664  45
46.997229  42
47.002093  43
47.006338  38
47.015168  37
47.023163  36
47.027088  38
47.042689  40
47.062133  44
47.069909  44
47.138899  47
47.176232  44
47.186260  39
47.253030  37
47.254683  38
47.257315  30
47.258968  31
47.266807  30
47.273164  30
47.275057  29
47.281914  30
47.290784  30
47.299494  31
47.304398  30
47.309123  26
47.310996  28
47.313548  25
47.329135  21
47.331747  19
47.336611  18
47.361455  28
47.365560  31
47.374737  25
47.382468  40
47.389065  22
47.397816  25
47.407609  27
47.421629  30
47.447064  33
47.460185  35
47.549413  36
47.594898  36
47.636613  29
47.675121  27
47.677833  23
47.683291  26
47.719124  29
47.726041  25
47.727894  23
47.747227  23
47.751232  23
47.753664  21
47.762494  19
47.771943  24
47.786536  22
47.797439  22
47.802004  20
47.818844  21
47.839256  14
47.841828  14
47.848026  17
47.854724  11
47.863044  14
47.879469  7
47.897508  8
47.909684  8
47.922639  15
47.924352  20
47.936208  18
47.945717  9
47.947949  16
47.966522  13
47.984761  12
47.998155  1
48.000267  0
48.009571  0
48.020993  0
48.028564  0
48.040899  0
48.044265  0
48.079690  0
48.083695  0
48.088040  0
48.104700  0
48.119328  0
48.120921  0
48.134256  0
48.143266  0
48.154368  0
48.162379  0
48.196462  0
48.207904  0
48.234797  0
48.283907  0
48.308038  0
48.329462  0
48.393203  0
48.750633  2
48.849999  3
48.907127  14
48.910553  3
48.925840  37
48.934730  17
48.969917  2
48.989489  33
49.027633  0
49.029506  2
49.040169  0
49.050137  5
49.070708  2
49.100962  50
49.124643  35
49.149459  0
49.179381  24
49.185698  8
49.210030  31
49.211643  36
49.218620  45
49.221826  9
49.234562  6
49.241539  2
49.243392  50
49.268243  5
49.272188  48
49.276254  13
49.291110  19
49.299000  32
49.304803  4
49.306816  4
49.343829  5
49.345642  39
49.351620  24
49.363875  41
49.373225  58
49.377550  63
49.381196  32
49.385980  55
49.414369  17
49.419377  27
49.448281  44
49.455677  76
49.480911  82
49.490140  61
49.496557  42
49.501002  52
49.514176  48
49.526544  67
49.530030  39
49.532342  53
49.561403  2
49.578363  6
49.583806  56
49.590887  44
49.604181  39
49.607252  69
49.613410  63
49.617495  32
49.626109  62
49.631412  47
49.655428  58
49.673626  38
49.686361  57
49.704859  68
49.716080  57
49.724969  62
49.740555  17
49.747332  68
49.758454  69
49.785004  70
49.793743  75
49.796854  58
49.804645  74
49.818518  69
49.830677  49
49.835342  105
49.842099  99
49.848117  71
49.852502  72
49.859746  53
49.866443  104
49.894292  81
49.898897  59
49.911672  85
49.924731  109
49.927243  104
49.932367  67
49.939283  87
49.943675  75
49.948360  96
49.974323  51
49.995101  52
49.996814  73
50.005823  99
50.048541  68
50.059663  114
50.075270  78
50.077243  88
50.088999  115
50.092554  75
50.095785  101
50.104954  97
50.125284  82
50.140311  133
50.145255  105
50.150319  67
50.159847  44
50.168022  60
50.170015  105
50.176173  107
50.180817  121
50.183509  99
50.187135  117
50.199870  109
50.224687  108
50.232083  125
50.240093  74
50.242745  82
50.263015  75
50.284958  126
50.300309  120
50.302621  98
50.304654  108
50.330827  116
50.333059  76
50.335471  128
50.343095  125
50.350032  132
50.353203  129
50.357828  100
50.368330  113
50.388034  107
50.412808  132
50.434806  121
50.439890  104
50.449912  134
50.452564  141
50.477558  102
50.494083  128
50.508335  130
50.510108  136
50.530941  122
50.532514  131
50.535800  137
50.554961  137
50.556934  108
50.567222  135
50.571447  138
50.578731  114
50.599002  140
50.603386  139
50.613334  129
50.630973  127
50.634838  133
50.640421  133
50.650843  127
50.666055  128
50.668767  129
50.670400  122
50.674525  130
50.716585  128
50.725815  118
50.728007  117
50.741581  117
50.762953  119
50.797353  125
50.808155  132
50.815111  126
50.827589  129
50.837425  124
50.845935  130
50.852772  129
50.855124  128
50.905252  122
50.909796  131
50.911449  125
50.927404  126
50.940917  137
50.950545  123
50.954630  123
50.957741  125
50.961176  125
50.985551  129
50.995998  128
51.001576  126
51.022555  122
51.035115  123
51.054372  122
51.071760  126
51.085364  126
51.090168  134
51.092780  122
51.097085  129
51.099198  123
51.101111  125
51.105735  134
51.112711  126
51.127271  126
51.129084  126
51.144411  121
51.171117  130
51.207956  131
51.223422  130
51.241470  127
51.257682  126
51.271959  123
51.319712  124
51.322703  123
51.339229  127
51.341122  122
51.370654  127
51.372627  118
51.374280  119
51.376632  117
51.396583  117
51.402920  115
51.412548  125
51.417381  123
51.479598  123
51.481750  120
51.483863  121
51.490639  122
51.503426  127
51.537042  123
51.562497  122
51.575971  117
51.577664  117
51.602338  104
51.608196  109
51.609949  102
51.612441  103
51.628316  109
51.630548  110
51.636930  102
51.647165  98
51.653623  113
51.657768  105
51.661740  100
51.664292  94
51.671815  98
51.681743  94
51.695057  92
51.697769  89
51.710963  99
51.714948  98
51.719073  97
51.729480  92
51.741181  91
51.745386  98
51.748038  95
51.752863  94
51.759240  88
51.770241  85
51.783915  87
51.793143  81
51.799221  87
51.821009  83
51.834730  82
51.836483  86
51.838456  83
51.847545  80
51.854562  78
51.863819  83
51.890107  74
51.894212  80
51.915481  84
51.924611  95
51.948929  78
51.950682  78
51.962962  80
51.964895  82
51.974064  66
51.988832  57
51.990485  63
51.995297  69
52.010688  71
52.027494  53
52.047573  45
52.049306  44
52.056297  45
52.059723  38
52.092349  46
52.094102  46
52.103697  41
52.116791  49
52.121256  60
52.127474  49
52.129606  45
52.137442  42
52.141567  55
52.155041  44
52.156694  39
52.182343  38
52.206997  50
52.218378  45
52.224975  39
52.278332  55
52.292880  52
52.306394  52
52.315304  45
52.324094  43
52.325687  47
52.330791  43
52.343486  39
52.349064  36
52.365069  31
52.371866  37
52.383228  42
52.389525  34
52.391238  36
52.395263  28
52.399069  26
52.402300  24
52.407424  22
52.411369  31
52.413362  20
52.415614  22
52.421672  19
52.431560  18
52.448481  19
52.452131  18
52.466418  18
52.471003  5
52.482584  8
52.490215  0
52.496832  0
52.503449  0
52.536105  0
52.541469  0
52.552711  8
52.554364  0
52.556876  5
52.563413  6
52.565466  0
52.568912  0
52.570545  0
52.574890  0
52.581468  0
52.589878  0
52.649419  0
52.651512  0
52.660042  0
52.663233  0
52.673616  0
52.699892  0
52.727424  0
52.735374  0
52.741751  0
52.772335  0
52.781624  0
52.794320  0
52.801377  0
52.873751  0
52.882980  0
52.981983  1
53.033622  3
53.041832  13
53.043805  19
53.066488  2
53.234950  14
53.263910  2
53.277359  23
53.279352  26
53.286408  49
53.293165  33
53.298429  53
53.420585  15
53.422778  21
53.478924  28
53.480717  25
53.491619  33
53.497338  5
53.504694  56
53.511411  7
53.514123  44
53.517869  45
53.522494  70
53.526899  61
53.533304  7
53.537909  71
53.541874  70
53.548971  4
53.584074  40
53.606421  6
53.619476  27
53.628047  18
53.633730  33
53.650722  50
53.658378  21
53.670654  38
53.707567  56
53.716457  73
53.725766  18
53.730291  81
53.738861  78
53.741473  48
53.759234  35
53.763319  83
53.782695  9
53.806720  45
53.809172  11
53.817482  38
53.836179  1
53.876989  30
53.885144  54
53.889449  53
53.892775  58
53.895447  37
53.911638  28
53.913251  37
53.962415  62
53.972178  19
53.996314  90
54.016845  64
54.018718  29
54.020551  75
54.031254  68
54.036498  83
54.038371  93
54.049554  85
54.051687  60
54.055872  111
54.068827  102
54.071259  72
54.079949  119
54.081822  11
54.103965  68
54.146587  70
54.154889  46
54.158639  85
54.166474  70
54.170739  59
54.181551  97
54.193991  89
54.200648  62
54.202341  64
54.216816  71
54.239001  38
54.251341  91
54.259331  61
54.264235  122
54.271221  124
54.273014  53
54.277339  67
54.279631  102
54.287886  108
54.310053  83
54.317030  74
54.318623  72
54.323348  83
54.328092  66
54.334469  130
54.340147  113
54.342719  127
54.352028  64
54.354656  83
54.357048  122
54.363886  131
54.368230  61
54.374587  89
54.397251  43
54.426234  99
54.445490  92
54.449675  46
54.452067  116
54.454179  86
54.463128  88
54.466099  38
54.479055  90
54.481647  82
54.490197  78
54.502452  103
54.529579  69
54.546678  83
54.578735  111
54.583020  82
54.585712  118
54.590317  102
54.592509  70
54.607396  90
54.614413  134
54.629899  106
54.654255  113
54.671895  99
54.704611  108
54.706704  112
54.708797  123
54.715342  118
54.729734  124
54.732745  107
54.737270  129
54.747013  125
54.754604  104
54.764672  117
54.783149  75
54.787614  125
54.805455  129
54.813517  122
54.816109  96
54.818661  115
54.826876  106
54.847453  83
54.854849  121
54.862325  125
54.868602  115
54.876198  120
54.885047  135
54.887579  118
54.894695  136
54.903544  113
54.907549  131
54.917017  112
54.923734  136
54.925307  129
54.935002  137
54.945848  124
54.962537  90
54.964170  124
54.972964  126
54.996245  121
55.006932  120
55.012076  114
55.013829  114
55.025070  127
55.036012  122
55.041216  126
55.156661  113
55.167147  98
55.169100  130
55.176983  118
55.181368  144
55.182961  137
55.187585  142
55.189937  149
55.229288  111
55.230941  119
55.244938  127
55.284315  119
55.326529  129
55.333366  139
55.369544  115
55.380336  142
55.382828  150
55.385400  127
55.388990  119
55.409679  125
55.421320  149
55.426164  125
55.441203  120
55.453598  139
55.455291  131
55.460175  149
55.463925  135
55.473138  119
55.477802  139
55.481688  159
55.483820  159
55.490937  151
55.493469  151
55.571065  126
55.575909  129
55.583026  120
55.587990  140
55.606835  123
55.629539  138
55.660950  131
55.672093  136
55.730416  145
55.737493  135
55.739645  154
55.744849  141
55.746922  160
55.748795  143
55.759457  160
55.771837  151
55.775902  164
55.783817  136
55.806959  171
55.865897  138
55.889438  139
55.903551  149
55.926973  143
55.942308  158
55.949205  169
55.961686  131
55.973966  126
55.976078  139
55.980883  140
56.002527  166
56.004220  143
56.007171  143
56.020345  145
56.023316  166
56.025189  149
56.037728  152
56.041094  145
56.053354  162
56.055067  161
56.057759  138
56.062643  159
56.065355  154
56.104544  137
56.147864  140
56.155195  143
56.160658  137
56.168833  148
56.180095  137
56.182088  148
56.200121  142
56.215429  142
56.224678  142
56.233974  140
56.243877  133
56.247603  132
56.281210  131
56.282843  115
56.291792  120
56.293865  129
56.300942  124
56.305854  113
56.313614  125
56.317260  136
56.351469  114
56.355375  112
56.358901  107
56.363326  101
56.392881  107
56.394914  117
56.397126  103
56.412502  116
56.423424  113
56.455038  113
56.464208  112
56.466181  112
56.482786  101
56.489543  116
56.499111  102
56.500804  97
56.503196  95
56.505808  97
56.521635  88
56.523488  100
56.527933  102
56.535644  92
56.543000  102
56.551355  83
56.567342  104
56.573240  87
56.581957  108
56.586821  107
56.595571  107
56.609265  89
56.618809  86
56.638409  84
56.641021  92
56.655653  104
56.670940  94
56.686927  100
56.714403  78
56.733387  85
56.757507  77
56.766217  82
56.790428  86
56.807633  63
56.813056  80
56.815188  76
56.821666  72
56.841498  65
56.845443  60
56.849848  52
56.870319  54
56.877975  50
56.892992  59
56.903015  50
56.939312  63
56.950494  67
56.969847  68
56.978497  52
56.980390  52
56.990020  61
57.005327  61
57.007520  60
57.011765  41
57.013958  44
57.018263  61
57.046859  66
57.048672  44
57.060054  65
57.105236  55
57.127620  61
57.158555  75
57.166946  61
57.267732  44
57.290614  45
57.440065  58
57.531233  72
57.550210  46
57.556947  79
57.568209  96
57.601589  72
57.610346  51
57.642124  74
57.671225  72
57.678601  74
57.684259  79
57.697453  68
57.705904  77
57.712801  56
57.715413  62
57.719478  77
57.733579  68
57.748787  102
57.773882  103
57.786442  85
57.797025  103
57.810878  100
57.849521  78
57.871251  66
57.890023  95
57.891596  88
57.902084  94
57.941652  104
57.946856  59
57.983592  114
58.053821  99
58.055434  112
58.059439  95
58.063504  88
58.075524  110
58.079550  101
58.090771  110
58.097089  90
58.106237  111
58.109483  120
58.115166  100
58.128109  113
58.143036  122
58.153838  123
58.156270  68
58.169784  121
58.186932  58
58.213627  103
58.242232  94
58.246796  75
58.253373  119
58.269798  95
58.272390  96
58.280240  120
58.292096  117
58.293789  129
58.297894  111
58.304597  118
58.324547  114
58.334455  122
58.340078  91
58.343304  90
58.356283  123
58.360488  125
58.368057  141
58.385735  126
58.406028  102
58.408640  69
58.433692  122
58.454263  122
58.464645  132
58.471622  121
58.493207  107
58.496098  107
58.532474  124
58.534886  116
58.537258  118
58.539031  112
58.574860  116
58.588808  126
58.600708  128
58.602501  93
58.610271  125
58.616169  126
58.631292  138
58.634867  126
58.650432  109
58.656514  127
58.668195  129
58.684679  131
58.693289  116
58.702897  131
58.704530  114
58.765636  115
58.774825  102
58.788273  120
58.793936  122
58.808768  129
58.810741  110
58.812514  110
58.821823  122
58.854748  118
58.896264  119
58.900749  118
58.902902  119
58.966481  95
58.983400  80
58.990936  108
59.032658  122
59.084147  125
59.093400  128
59.095233  128
59.149626  115
59.152118  118
59.174781  126
59.189194  106
59.200536  127
59.220007  135
59.231268  119
59.249966  137
59.254611  138
59.264299  144
59.266412  121
59.279546  153
59.281878  133
59.287306  125
59.326184  128
59.328756  140
59.345322  139
59.349807  134
59.354851  107
59.370079  130
59.372651  123
59.399638  121
59.411180  129
59.418496  127
59.421168  111
59.433370  113
59.435722  112
59.440686  105
59.447410  121
59.458571  122
59.461003  108
59.468340  105
59.489130  119
59.501912  116
59.506057  100
59.525015  106
59.531612  121
59.533205  128
59.535637  117
59.545927  129
59.574727  129
59.595676  114
59.699422  129
59.701515  128
59.739944  131
59.747000  123
59.753497  123
59.755070  120
59.783871  111
59.792820  128
59.799058  116
59.814912  109
59.855410  106
59.858641  111
59.865798  102
59.873928  112
59.876500  109
59.886987  93
59.890158  111
59.894363  96
59.896775  91
59.902593  92
59.916366  102
59.926154  99
59.941875  107
59.950454  117
59.952127  98
59.966879  110
59.970884  101
59.972637  96
59.975648  93
59.977721  105
59.986571  114
