# t(s) QueuingDelay(ms)
10.161965  0
10.225479  2
10.250965  16
10.268832  20
10.272118  13
10.283799  23
10.285752  40
10.292769  41
10.294442  72
10.300220  41
10.313454  53
10.318673  57
10.331014  65
10.343310  65
10.351999  61
10.354172  88
10.380082  101
10.384227  102
10.390585  103
10.394830  100
10.409364  62
10.432722  74
10.447910  78
10.467693  110
10.469446  86
10.477344  91
10.479776  110
10.492491  99
10.494184  112
10.503253  126
10.509091  109
10.515768  111
10.520153  132
10.528024  120
10.539066  133
10.541458  133
10.543531  125
10.547756  143
10.562494  132
10.572957  135
10.580293  144
10.602712  136
10.608889  136
10.626089  144
10.636492  172
10.645361  143
10.663140  147
10.669857  189
10.696247  175
10.709607  215
10.717737  217
10.719330  13
10.727760  17
10.745066  190
10.746659  196
10.749211  209
10.759854  204
10.761907  219
10.768544  216
10.773188  214
10.775261  25
10.794494  38
10.832300  63
10.866879  217
10.876528  63
10.903939  235
10.914822  77
10.943684  241
10.956759  279
10.966269  99
10.975059  308
10.997983  108
11.021581  125
11.042013  335
11.046318  134
11.061465  85
11.066370  159
11.077053  165
11.080899  341
11.092739  344
11.107872  377
11.120487  384
11.122660  183
11.129397  380
11.133862  448
11.148530  412
11.160031  411
11.168541  471
11.192379  477
11.198197  131
11.207187  484
11.226339  200
11.234270  148
11.255355  419
11.258007  245
11.264744  155
11.269109  501
11.283218  436
11.290095  252
11.299184  514
11.300777  454
11.321731  467
11.326016  518
11.339290  567
11.341343  476
11.347621  262
11.354299  578
11.358984  486
11.381236  600
11.385661  492
11.390226  262
11.396984  179
11.406113  499
11.416516  277
11.423133  501
11.435528  506
11.444358  518
11.446131  197
11.455300  289
11.468843  289
11.490208  301
11.491821  614
11.495267  9
11.512367  17
11.514719  647
11.526001  214
11.534631  689
11.545857  327
11.548389  533
11.563385  560
11.566436  692
11.574666  563
11.586189  227
11.596952  571
11.599524  704
11.601097  253
11.616224  716
11.620749  579
11.629179  721
11.642354  593
11.652917  336
11.668757  717
11.673462  345
11.682711  595
11.688749  585
11.696331  361
11.700856  574
11.717876  408
11.724253  306
11.742896  340
11.758542  737
11.769225  416
11.770898  342
11.790311  593
11.800993  618
11.811296  392
11.820246  619
11.824731  424
11.826843  756
11.844303  90
11.850760  434
11.856858  623
11.861363  105
11.872686  631
11.879868  463
11.897827  621
11.902532  503
11.905998  108
11.908590  756
11.915207  781
11.927502  781
11.942770  399
11.969819  412
11.984467  628
12.006512  521
12.008685  649
12.019907  530
12.022519  803
12.052993  427
12.065959  224
12.071977  551
12.092110  583
12.094262  653
12.108570  587
12.118973  825
12.127383  623
12.137326  607
12.139219  437
12.144283  837
12.153413  682
12.178923  843
12.184441  688
12.206236  732
12.207829  453
12.216299  918
12.220265  599
12.241610  930
12.247767  743
12.258010  754
12.260642  953
12.275710  964
12.284879  753
12.286612  977
12.288765  565
12.305995  981
12.319329  979
12.385407  573
12.400934  754
12.409264  594
12.415482  988
12.429106  494
12.431678  997
12.442440  1008
12.456453  570
12.462951  773
12.465423  1004
12.480330  310
12.557115  791
12.560409  567
12.580938  809
12.587676  827
12.595893  1010
12.598385  504
12.615165  510
12.624574  888
12.640180  894
12.644045  522
12.660665  917
12.684129  887
12.713264  544
12.724686  315
12.769927  586
12.824266  1108
12.831303  328
12.866001  331
12.868593  591
12.888165  598
12.897714  903
12.911103  1108
12.927059  666
12.931051  1137
12.941103  1144
12.984008  660
12.992858  631
12.999655  629
13.006153  328
13.007866  615
13.020680  613
13.026878  603
13.034859  591
13.041757  503
13.043710  599
13.046382  588
13.080002  560
13.087359  552
13.094096  501
13.102646  547
13.104699  306
13.134044  547
13.146439  501
13.152776  298
13.168603  546
13.203683  494
13.215348  491
13.228543  548
13.244021  478
13.245934  519
13.257781  474
13.289002  517
13.290795  468
13.293107  555
13.299385  272
13.404801  535
13.415826  300
13.423722  559
13.434784  542
13.459593  302
13.509067  482
13.553335  501
13.557580  572
13.563478  587
13.577168  264
13.601898  545
13.608835  449
13.637737  221
13.650352  446
13.663991  438
13.666143  211
13.737046  6
13.763082  453
13.771332  459
13.777130  456
13.791869  449
13.809789  207
13.816846  483
13.863821  9
13.866413  454
13.892210  473
13.904266  218
13.916252  476
13.924982  483
13.929547  487
13.942382  488
13.949359  14
13.961460  226
14.014855  12
14.022751  494
14.041164  236
14.045150  21
14.081442  39
14.089604  490
14.095363  261
14.104977  509
14.121129  543
14.130738  563
14.155615  283
14.161713  493
14.178125  509
14.197578  495
14.214538  510
14.223407  505
14.226059  58
14.227832  570
14.236921  306
14.268029  5
14.274366  326
14.276199  543
14.310959  346
14.324154  25
14.328639  550
14.339541  356
14.341514  40
14.350564  56
14.361526  47
14.363139  359
14.397442  143
14.406499  593
14.423164  148
14.441937  615
14.466414  19
14.494677  630
14.504899  641
14.517195  363
14.522039  27
14.527578  630
14.534555  651
14.541532  639
14.549783  28
14.564530  645
14.582029  153
14.596878  193
14.613005  190
14.625341  79
14.631678  673
14.636323  153
14.638655  567
14.697062  370
14.725470  86
14.761530  114
14.799689  386
14.810791  570
14.832716  392
14.847563  618
14.862072  624
14.947229  141
14.955300  402
14.977764  90
15.006579  179
15.042691  100
15.055606  158
15.066109  409
15.076692  108
15.083429  169
15.092878  111
15.096464  416
15.119322  469
15.123507  2
15.125380  216
15.140666  499
15.163323  509
15.200082  217
15.218556  516
15.240141  229
15.274038  525
15.295662  552
15.304072  513
15.312422  696
15.327417  215
15.365442  470
15.369967  639
15.371580  221
15.379391  648
15.383397  224
15.417884  228
15.436783  670
15.480812  17
15.502458  665
15.504890  32
15.515773  127
15.524463  209
15.527155  671
15.541903  61
15.580689  71
15.603833  677
15.670929  688
15.677966  485
15.686576  711
15.691061  674
15.735073  217
15.755938  707
15.777482  223
15.799826  531
15.806843  156
15.825687  709
15.852190  249
15.857074  241
15.892367  54
15.905742  263
15.912719  159
15.934236  278
15.963111  9
15.987217  164
15.991961  289
16.015899  187
16.026722  536
16.039617  715
16.050759  618
16.079515  261
16.141677  762
16.175297  779
16.181781  262
16.235939  290
16.299308  289
16.307718  78
16.322906  58
16.342917  85
16.353870  94
16.374543  278
16.411793  297
16.433699  312
16.441749  674
16.458375  246
16.483082  751
16.485095  678
16.488851  48
16.550615  754
16.561965  713
16.604164  724
16.618458  716
16.628207  367
16.662350  787
16.674765  821
16.721419  312
16.740891  795
16.749062  854
16.763740  316
16.811644  122
16.813577  406
16.856933  883
16.947271  280
16.962699  820
17.013135  387
17.031888  174
17.071146  541
17.096096  867
17.175985  402
17.188665  102
17.219640  408
17.245371  416
17.268888  442
17.280330  183
17.308133  240
17.342612  253
17.396698  757
17.407061  455
17.426513  437
17.469263  791
17.487642  105
17.512780  284
17.521744  455
17.580856  825
17.653727  369
17.669734  870
17.707585  370
17.719250  703
17.743489  498
17.753657  494
17.786613  388
17.794583  472
17.828998  470
17.843250  894
17.849947  292
17.867925  87
17.878926  715
17.905780  304
17.930354  721
17.947278  494
17.967653  396
17.985963  325
17.988155  909
18.044371  459
18.076174  339
18.118561  985
18.166660  479
18.218204  133
18.232272  491
18.269785  230
18.271977  492
18.293116  267
18.305496  288
18.316058  304
18.325846  575
18.328218  149
18.380274  585
18.413072  491
18.424860  859
18.438973  465
18.450464  613
18.465415  892
18.475043  1
18.476736  779
18.500956  888
18.506574  151
18.554340  805
18.559484  339
18.566800  265
18.616862  828
18.619174  901
18.631295  491
18.656009  470
18.672139  99
18.694997  315
18.705205  468
18.711003  917
18.786049  469
18.807333  470
18.809286  704
18.852171  468
18.864911  402
18.910169  214
18.931043  221
18.935987  343
18.946389  345
18.960829  500
19.007851  400
19.009649  987
19.017679  497
19.024316  496
19.029180  496
19.030973  468
19.033145  396
19.034818  491
19.056071  491
19.062029  492
19.109399  494
19.123420  497
19.134681  977
19.172607  492
19.181696  484
19.186200  460
19.198835  460
19.207983  478
19.245617  281
19.248289  479
19.255126  491
19.260769  494
19.276834  491
19.280899  288
19.288715  288
19.295052  343
19.297524  283
19.303322  339
19.305834  282
19.307647  281
19.312451  280
19.314184  491
19.316456  278
19.318708  336
19.320501  486
19.322853  486
19.360027  331
19.412753  496
19.421642  491
19.428798  493
19.452046  498
19.460775  499
19.462728  498
19.473115  494
19.479097  470
19.488585  495
19.493189  317
19.497753  38
19.506042  944
19.513293  494
19.526064  494
19.529410  315
19.531882  499
19.542436  493
19.545922  314
19.550031  469
19.551604  35
19.552683  943
19.557791  492
19.559364  494
19.566380  487
19.568892  310
19.570705  394
19.591747  465
19.594913  462
19.607672  337
19.619464  889
19.622555  488
19.624508  487
19.628573  393
19.634283  309
19.641499  337
19.664540  308
19.666453  485
19.668805  392
19.672475  214
19.675167  460
19.680231  484
19.682523  212
19.683322  888
19.685035  388
19.687986  301
19.691097  207
19.695921  452
19.704797  449
19.707409  202
19.712293  471
19.714885  448
19.717097  380
19.719509  448
19.727185  469
19.729697  378
19.737153  468
19.739006  192
19.744669  441
19.746941  378
19.750746  373
19.757802  372
19.759435  441
19.761787  371
19.763420  439
19.765712  370
19.791709  679
19.801657  369
19.804349  5
19.809213  5
19.811785  367
19.816669  367
19.822593  3
19.825145  868
19.827477  437
19.833954  2
19.838239  367
19.839812  0
19.844476  0
19.846828  361
19.878112  363
19.880764  184
19.884709  184
19.890637  301
19.901483  426
19.917319  189
19.921664  306
19.933345  462
19.939962  458
19.958152  458
19.961518  459
19.964010  460
19.968774  359
19.971585  357
19.973338  352
19.978382  450
19.980175  296
19.982607  422
19.984959  450
19.986772  446
19.989124  420
19.990877  351
19.995022  420
19.996655  446
20.004858  444
20.007230  436
20.011675  438
20.016319  413
20.020124  343
20.021777  435
20.030711  437
20.032684  436
20.038047  427
20.044751  279
20.066583  432
20.081339  924
20.131713  428
20.149938  413
20.163891  430
20.198185  436
20.205321  442
20.207853  241
20.214210  444
20.220088  445
20.225631  448
20.232987  242
20.241027  450
20.250855  241
20.257901  239
20.261826  239
20.264458  281
20.276718  240
20.278291  296
20.281726  447
20.287130  242
20.289722  446
20.296259  296
20.322858  236
20.334668  230
20.343617  440
20.352875  437
20.406013  411
20.410977  440
20.421044  438
20.435696  438
20.437549  435
20.441794  256
20.444645  434
20.452955  438
20.457979  254
20.459712  432
20.462104  428
20.466269  425
20.474212  253
20.487086  250
20.490117  401
20.493443  246
20.496414  424
20.506905  278
20.514481  337
20.523774  880
20.527424  337
20.559040  426
20.564304  329
20.569667  243
20.572239  422
20.573912  268
20.581627  241
20.588670  328
20.592895  396
20.603381  422
20.608225  150
20.614582  420
20.616195  148
20.618507  326
20.620240  241
20.622612  145
20.629229  395
20.631441  394
20.635626  393
20.637299  144
20.642403  415
20.644136  391
20.647227  323
20.694593  328
20.699697  327
20.708737  322
20.715813  621
20.727021  319
20.735870  318
20.738242  317
20.748969  815
20.751161  315
20.755526  310
20.762383  309
20.767127  298
20.791681  125
20.799501  245
20.801434  121
20.803067  241
20.808015  239
20.809648  120
20.811561  115
20.813194  236
20.815127  112
20.835665  391
20.855352  392
20.860715  392
20.866058  394
20.867871  392
20.877706  300
20.881891  301
20.889107  367
20.890860  367
20.892433  364
20.898420  362
20.907389  354
20.911974  204
20.950659  846
21.043406  114
21.049423  112
21.074706  114
21.076958  111
21.087265  168
21.088918  110
21.090531  167
21.098826  110
21.104409  108
21.113602  105
21.121098  161
21.136288  92
21.146056  90
21.153891  90
21.192030  792
21.220155  87
21.230003  81
21.233318  77
21.238502  72
21.243446  64
21.249388  64
21.254731  84
21.256484  52
21.262641  677
21.265193  65
21.273523  57
21.282332  21
21.283945  47
21.290167  17
21.299795  6
21.301428  0
21.310657  0
21.345037  122
21.353372  335
21.394713  537
21.438784  0
21.467948  0
21.472273  78
21.480028  56
21.496352  523
21.570875  0
21.608513  1
21.613377  3
21.615030  1
21.617252  0
21.671291  465
21.726640  402
21.775344  0
21.786350  130
21.825216  322
21.834105  6
21.840762  7
21.919766  0
21.927541  0
21.951762  432
22.025875  2
22.052803  368
22.055395  365
22.070868  0
22.093905  306
22.154095  64
22.163583  0
22.196549  262
22.252042  1
22.263423  13
22.281622  44
22.385283  409
22.424357  19
22.470282  3
22.528930  0
22.535807  65
22.550262  65
22.554467  1
22.587214  6
22.591679  8
22.593332  11
22.603842  7
22.612060  11
22.629959  14
22.643453  6
22.648217  15
22.663364  21
22.701601  31
22.799739  394
22.804523  389
22.851283  36
22.877824  39
22.919345  13
22.928514  14
22.957515  333
23.022961  63
23.025453  81
23.034662  73
23.051090  166
23.053682  107
23.063805  86
23.065518  108
23.067271  89
23.076740  110
23.112265  121
23.130543  123
23.141185  12
23.148202  125
23.150814  108
23.161816  130
23.207406  133
23.225839  134
23.235762  150
23.239787  394
23.241460  15
23.245565  39
23.263211  131
23.265244  154
23.279438  154
23.290660  120
23.339596  267
23.355327  103
23.400334  154
23.432321  116
23.445915  160
23.452732  36
23.461442  44
23.468047  162
23.476916  384
23.481401  387
23.504855  108
23.545346  405
23.559814  102
23.591506  103
23.605400  181
23.616122  204
23.618274  176
23.632143  208
23.634755  465
23.645737  191
23.648349  226
23.657459  230
23.663677  194
23.676692  237
23.687913  240
23.689486  119
23.708499  246
23.710871  49
23.750654  191
23.773454  231
23.777189  251
23.790064  257
23.820806  274
23.848687  278
23.867524  300
23.874780  161
23.882650  282
23.888887  269
23.891080  301
23.906227  208
23.921681  137
23.937028  314
24.005885  374
24.014414  144
24.067913  303
24.123097  519
24.137505  169
24.165208  206
24.176237  308
24.177990  434
24.182894  169
24.195708  28
24.213905  220
24.260409  535
24.303369  118
24.306895  288
24.312338  322
24.327066  228
24.338736  291
24.345862  324
24.351940  236
24.355626  550
24.368520  340
24.370972  322
24.379882  208
24.381995  231
24.384307  264
24.389251  341
24.396262  365
24.398914  622
24.413795  383
24.425037  384
24.443218  395
24.460998  286
24.467495  243
24.488779  348
24.511523  358
24.526949  537
24.528622  425
24.538411  439
24.565180  440
24.577815  234
24.587918  244
24.599478  316
24.601131  446
24.607728  403
24.609461  450
24.614286  341
24.615899  348
24.622216  645
24.628254  465
24.637542  451
24.650017  438
24.656974  438
24.658987  139
24.665729  225
24.697581  438
24.705991  160
24.786054  442
24.798988  452
24.805725  447
24.820692  254
24.840467  564
24.883784  445
24.898671  408
24.923601  345
24.967530  290
24.973947  453
24.992140  454
24.999376  346
25.012383  558
25.023260  81
25.031255  520
25.032948  353
25.047045  688
25.059285  805
25.085558  657
25.095207  341
25.099912  407
25.115558  422
25.119843  443
25.141567  378
25.151045  449
25.164084  671
25.176285  499
25.182702  435
25.191771  439
25.200640  686
25.228921  448
25.240322  464
25.251308  484
25.268432  405
25.273296  367
25.296298  489
25.299010  428
25.320254  492
25.332694  507
25.347266  511
25.355162  494
25.399427  495
25.404551  350
25.409475  507
25.411867  740
25.428551  507
25.441011  356
25.443283  512
25.452892  514
25.466251  515
25.475859  515
25.478051  301
25.516127  520
25.530794  434
25.553401  522
25.563948  638
25.571963  528
25.583763  537
25.587868  130
25.593431  554
25.604327  568
25.610744  238
25.613116  569
25.622664  575
25.633890  579
25.642184  580
25.655977  582
25.659208  588
25.677210  588
25.679622  554
25.700770  589
25.706428  279
25.717889  578
25.735253  709
25.813965  565
25.841318  418
25.889599  567
25.901260  566
25.919091  563
25.922721  439
25.932983  814
25.936014  691
25.942538  561
25.947462  200
25.985244  339
25.987916  458
25.993240  556
25.995373  573
25.998085  570
26.050388  556
26.052720  554
26.062428  443
26.066733  557
26.070798  576
26.077994  552
26.082139  748
26.088577  550
26.093561  614
26.106695  553
26.108508  507
26.115385  549
26.117997  819
26.129937  349
26.142133  714
26.148570  440
26.156685  884
26.160870  491
26.163422  443
26.186214  492
26.192644  491
26.198901  517
26.201113  435
26.202746  729
26.212909  384
26.227620  337
26.243119  341
26.245751  659
26.257233  288
26.259925  587
26.264789  474
26.271186  209
26.278203  171
26.305285  547
26.416527  227
26.425544  160
26.432301  467
26.440895  122
26.443467  150
26.445799  115
26.460615  502
26.467507  134
26.478496  489
26.485572  130
26.487285  129
26.514477  428
26.534695  190
26.539260  110
26.551967  133
26.553820  121
26.557725  122
26.559957  186
26.564282  416
26.582601  186
26.586526  99
26.599320  119
26.614707  74
26.621085  376
26.628316  109
26.634658  467
26.639422  78
26.666350  109
26.668642  105
26.677012  175
26.679783  114
26.681496  88
26.730659  462
26.740248  115
26.777639  347
26.787082  459
26.799207  67
26.893572  104
26.902676  62
26.914895  73
26.917347  103
26.928313  460
26.931799  102
26.938615  101
26.947624  456
26.951250  454
26.961198  102
26.970447  394
26.977224  89
26.984600  147
27.000494  87
27.004579  81
27.013648  387
27.024810  386
27.031028  139
27.045642  74
27.052878  381
27.070298  71
27.079247  431
27.081320  430
27.085512  45
27.108355  71
27.121710  53
27.125815  134
27.138036  51
27.165379  35
27.168825  34
27.180921  70
27.187458  379
27.198128  337
27.207085  335
27.219380  43
27.221153  31
27.228944  418
27.242937  43
27.245090  46
27.249814  48
27.331540  74
27.356329  41
27.357922  36
27.360214  35
27.366871  60
27.368444  65
27.373188  414
27.381518  60
27.395440  318
27.399485  365
27.419065  71
27.470764  132
27.522457  58
27.527022  426
27.536590  23
27.556022  45
27.557595  124
27.583883  9
27.597178  48
27.607401  351
27.612445  304
27.620955  43
27.624181  304
27.635102  9
27.637534  381
27.668846  13
27.677056  9
27.700258  396
27.731097  47
27.748596  53
27.766159  8
27.770084  44
27.772736  14
27.794739  52
27.821592  51
27.837992  57
27.844249  10
27.853852  115
27.878775  113
27.903292  49
27.913675  351
27.934845  404
27.977144  36
28.014516  49
28.085936  377
28.115673  3
28.130025  0
28.135229  72
28.136962  0
28.152469  0
28.162298  11
28.166444  11
28.173301  369
28.174894  10
28.176807  11
28.179399  363
28.191120  315
28.192893  6
28.200329  359
28.206127  309
28.210312  272
28.223146  0
28.233769  0
28.249396  10
28.253241  13
28.278757  1
28.280450  74
28.282343  305
28.326570  0
28.332248  0
28.347175  61
28.376850  0
28.386020  295
28.394950  249
28.403120  246
28.406706  331
28.411290  330
28.442923  344
28.520009  0
28.546878  11
28.586516  14
28.595845  15
28.597998  14
28.625841  6
28.649878  67
28.661542  311
28.671971  70
28.677559  314
28.679472  12
28.699863  350
28.708393  365
28.732885  74
28.765179  18
28.777294  315
28.826569  0
28.828222  376
28.913286  22
28.918493  10
28.936451  34
28.945121  44
28.947813  24
28.966166  32
28.976888  27
28.987490  317
28.994307  269
28.996919  46
28.998692  42
29.016945  75
29.025595  75
29.029880  33
29.043801  80
29.050059  320
29.056396  325
29.058668  99
29.073596  340
29.085098  47
29.099354  383
29.112451  394
29.119567  15
29.126918  16
29.134594  19
29.159631  17
29.196272  278
29.216064  0
29.217697  281
29.226047  365
29.246058  398
29.251102  41
29.256441  23
29.279479  6
29.299917  30
29.332407  45
29.334240  25
29.344942  41
29.346735  50
29.351040  38
29.370260  51
29.390008  402
29.395967  56
29.402883  55
29.406369  62
29.414408  71
29.416401  404
29.421165  347
29.427202  297
29.438504  70
29.442689  36
29.459494  44
29.461507  59
29.473747  38
29.475500  99
29.489621  348
29.500604  123
29.502717  353
29.511527  370
29.517964  131
29.523822  68
29.528207  373
29.550655  416
29.565008  420
29.566581  35
29.568873  41
29.573977  132
29.580255  50
29.587412  38
29.599093  51
29.601066  46
29.616913  75
29.633993  306
29.640091  77
29.644216  315
29.652254  367
29.654926  50
29.660964  324
29.665309  390
29.684482  420
29.694545  64
29.716768  62
29.725738  52
29.732635  5
29.760056  21
29.770658  47
29.775742  73
29.780347  52
29.788178  48
29.798514  72
29.812352  83
29.829672  423
29.848804  79
29.854662  425
29.873554  396
29.878139  81
29.879992  326
29.890986  66
29.906652  74
29.908385  81
29.919821  99
29.927497  134
29.945096  377
29.958530  80
29.975909  146
29.990877  66
29.993010  392
30.026975  425
30.030920  149
30.043636  80
30.052746  75
30.061396  69
30.095860  392
30.113680  329
30.118085  416
30.124183  81
30.130641  337
30.143956  416
30.196957  70
30.231227  56
30.251917  76
30.255263  87
30.276207  90
30.289341  83
30.294224  84
30.321811  101
30.323424  88
30.329262  446
30.333587  102
30.352632  115
30.356537  122
30.362275  343
30.366480  124
30.378875  126
30.383500  79
30.400440  101
30.406458  112
30.414897  130
30.419142  77
30.460486  115
30.471268  122
30.473261  425
30.477206  172
30.488428  186
30.492433  436
30.508852  94
30.516288  448
30.523344  91
30.536499  460
30.538352  94
30.543017  196
30.551587  99
30.558184  101
30.566335  109
30.581832  419
30.604036  132
30.606129  354
30.610434  93
30.618844  129
30.632039  437
30.633672  141
30.643814  439
30.647444  371
30.670302  439
30.677119  126
30.706914  85
30.722242  106
30.728540  79
30.730952  461
30.745605  132
30.759578  113
30.766515  115
30.770880  104
30.776998  140
30.783496  131
30.795058  140
30.796811  147
30.813771  484
30.824533  144
30.826606  146
30.830551  388
30.843526  474
30.847511  435
30.861325  144
30.871528  140
30.882869  138
30.885002  130
30.901149  144
30.922628  140
30.925260  155
30.931598  100
30.950600  198
31.001954  201
31.023127  444
31.053910  485
31.072702  138
31.075394  142
31.092834  143
31.110501  148
31.121564  151
31.148753  150
31.151225  122
31.159236  447
31.186320  392
31.249430  90
31.258848  139
31.287433  147
31.292317  140
31.294869  141
31.303799  142
31.323951  153
31.357361  159
31.362684  154
31.370061  157
31.371814  499
31.378511  173
31.384369  450
31.393698  500
31.395491  174
31.405079  408
31.422333  161
31.428420  157
31.443867  160
31.447772  174
31.457441  204
31.462460  173
31.472843  189
31.493687  450
31.502257  209
31.514273  173
31.518658  146
31.520950  462
31.523143  149
31.525316  158
31.529881  236
31.531614  466
31.540484  176
31.563722  473
31.568706  517
31.579609  511
31.595676  150
31.610342  168
31.612515  420
31.619520  165
31.634807  168
31.642018  174
31.659103  424
31.667753  185
31.674470  182
31.676962  471
31.680308  177
31.689437  464
31.696554  418
31.699266  499
31.703292  151
31.778248  106
31.791102  151
31.794608  226
31.796880  133
31.809400  161
31.833317  169
31.839000  170
31.851256  162
31.855541  171
31.924758  173
31.993477  179
32.001292  166
32.013920  186
32.049781  180
32.059569  466
32.068997  227
32.073981  179
32.097982  514
32.102826  159
32.105198  510
32.116839  470
32.144267  162
32.170402  155
32.194379  175
32.196991  423
32.200976  181
32.229602  472
32.237592  428
32.247140  163
32.265917  165
32.323731  165
32.331247  157
32.350244  172
32.363837  159
32.386759  170
32.418071  182
32.465162  177
32.467274  507
32.472438  514
32.474850  429
32.479155  179
32.487445  430
32.509672  180
32.526657  181
32.530862  184
32.540785  181
32.542678  181
32.544251  184
32.546603  229
32.596643  178
32.603919  194
32.608188  473
32.615464  187
32.620156  481
32.635189  524
32.641687  523
32.673418  162
32.677543  160
32.683386  163
32.701265  161
32.713939  160
32.718663  413
32.730887  171
32.738004  172
32.740276  152
32.756962  410
32.769742  155
32.781483  161
32.791791  498
32.800241  152
32.839667  147
32.844691  147
32.851208  497
32.856267  146
32.866950  156
32.875659  161
32.900056  177
32.922539  164
32.936592  167
32.954211  178
32.962261  164
32.975635  166
32.978027  178
32.982751  167
32.990168  165
32.992440  164
33.001609  159
33.023752  150
33.028875  156
33.032700  155
33.035152  163
33.037156  153
33.045111  149
33.047303  162
33.049475  160
33.062776  150
33.073858  123
33.078063  127
33.084979  186
33.086732  129
33.091551  121
33.093943  412
33.121363  470
33.123296  113
33.164382  128
33.165975  128
33.170260  125
33.184847  122
33.199774  372
33.207210  124
33.218071  111
33.219904  111
33.232823  367
33.247750  111
33.270233  456
33.313566  107
33.319883  107
33.324308  99
33.330625  101
33.337422  97
33.341547  98
33.347944  95
33.349577  89
33.362591  97
33.364324  95
33.371840  94
33.380190  91
33.384795  99
33.390933  88
33.396871  96
33.401675  92
33.404327  435
33.421027  88
33.423199  430
33.431429  59
33.435514  413
33.439839  316
33.443784  53
33.454746  63
33.459630  69
33.503493  63
33.510150  70
33.521822  134
33.527724  369
33.529757  67
33.536495  369
33.576163  71
33.591796  64
33.594488  66
33.645587  60
33.651465  310
33.676121  306
33.677754  384
33.715231  30
33.717264  24
33.719416  27
33.728566  24
33.732951  29
33.752822  22
33.768528  26
33.777218  19
33.783536  364
33.798983  23
33.809226  10
33.810799  360
33.815603  267
33.822281  6
33.826386  14
33.830831  10
33.833423  22
33.841474  21
33.878826  9
33.891321  19
33.904535  80
33.906508  311
33.949797  14
33.954382  13
33.969509  11
33.974737  14
33.980815  9
33.985519  14
34.010928  20
34.026615  7
34.055771  355
34.114383  27
34.126578  28
34.135068  28
34.142919  24
34.171507  21
34.180157  363
34.210653  364
34.234170  14
34.281084  14
34.290234  79
34.293660  319
34.307434  20
34.323822  371
34.338870  17
34.346941  24
34.361948  21
34.392583  16
34.412096  24
34.447163  267
34.455313  7
34.464562  16
34.477537  362
34.533335  26
34.549069  24
34.582562  24
34.584235  35
34.593244  381
34.610064  276
34.620986  19
34.626250  394
34.630595  15
34.632768  30
34.641877  31
34.649579  21
34.677937  46
34.692125  371
34.700815  42
34.726085  84
34.735861  323
34.737674  91
34.748696  333
34.753001  354
34.754914  394
34.761511  34
34.765916  43
34.788745  28
34.792770  37
34.817680  51
34.829242  56
34.833307  57
34.858278  45
34.867207  297
34.875917  39
34.886320  388
34.894242  390
34.927726  51
34.932790  41
34.934563  114
34.954993  45
34.961451  42
34.965456  57
34.975225  50
34.981243  44
34.987640  52
34.998323  49
35.004581  52
35.007153  400
35.029891  300
35.043565  60
35.049543  43
35.051696  62
35.060773  36
35.072969  52
35.077554  57
35.083819  48
35.116006  394
35.146171  358
35.150636  116
35.189020  366
35.195058  404
35.215788  405
35.226890  411
35.230596  53
35.267527  65
35.290485  44
35.311150  306
35.332031  394
35.367850  70
35.401905  53
35.417891  74
35.419864  59
35.429432  72
35.435730  73
35.438322  68
35.475575  418
35.479801  306
35.486758  57
35.490384  423
35.495109  65
35.501087  51
35.517654  59
35.526444  59
35.545197  82
35.551695  90
35.571826  72
35.575691  124
35.616243  138
35.623140  74
35.629318  425
35.631231  370
35.639521  376
35.641314  426
35.650238  75
35.667042  429
35.674119  73
35.677765  431
35.688147  72
35.713528  38
35.722577  81
35.735292  81
35.748725  55
35.771783  328
35.788316  70
35.812222  397
35.848020  140
35.858847  74
35.868835  72
35.870868  76
35.875832  79
35.881930  80
35.888447  82
35.905966  93
35.935601  332
35.938827  432
35.947796  67
35.959925  74
35.972680  85
35.996665  95
36.015318  415
36.021297  88
36.040349  82
36.052185  384
36.070862  384
36.072475  145
36.087128  433
36.091193  390
36.095198  390
36.099723  92
36.127726  81
36.136576  339
36.138729  84
36.148398  439
36.174308  70
36.178114  69
36.190110  80
36.203206  96
36.215087  80
36.246808  422
36.286432  427
36.349595  85
36.356112  94
36.364822  99
36.373632  94
36.381722  112
36.414914  451
36.422191  86
36.429069  465
36.433314  97
36.455058  101
36.459203  103
36.463128  94
36.469186  123
36.484713  114
36.498986  134
36.507955  101
36.534964  148
36.547639  153
36.552703  391
36.560973  170
36.575981  183
36.584711  429
36.592542  469
36.596447  101
36.603104  109
36.615719  473
36.621777  113
36.649563  113
36.662833  109
36.667757  105
36.670409  115
36.674514  79
36.693987  110
36.698212  95
36.713520  116
36.726395  353
36.764241  103
36.776516  189
36.779048  446
36.822008  112
36.837602  119
36.841587  119
36.848551  126
36.891522  96
36.916210  375
36.927033  378
36.929265  474
36.934329  116
36.942720  126
36.951011  114
36.955256  130
36.967232  117
36.973430  133
36.975043  127
37.006736  144
37.011081  449
37.019052  458
37.075895  112
37.077708  429
37.090682  442
37.099712  211
37.102084  474
37.109495  455
37.119012  486
37.130294  130
37.152377  458
37.159694  379
37.166012  126
37.175182  506
37.192642  132
37.201272  155
37.217843  103
37.223341  127
37.235022  130
37.243192  128
37.251129  158
37.281538  394
37.308756  139
37.310469  218
37.327889  470
37.344296  171
37.357611  153
37.364189  126
37.375271  127
37.389344  161
37.391237  167
37.393270  169
37.403761  171
37.410039  167
37.416536  172
37.457741  414
37.459554  517
37.461786  161
37.474860  168
37.481097  141
37.484463  140
37.494331  148
37.513243  157
37.516649  487
37.521094  158
37.532650  170
37.555832  128
37.574545  162
37.587986  159
37.601726  152
37.606650  221
37.613906  140
37.622635  507
37.625866  461
37.633322  458
37.635574  503
37.644383  150
37.652046  157
37.665140  222
37.679333  164
37.692048  168
37.697746  163
37.744868  166
37.751864  170
37.755550  140
37.765537  495
37.836536  157
37.892006  157
37.902413  159
37.905644  162
37.924057  159
37.929261  164
37.939768  506
37.947024  164
37.964188  416
37.986810  150
37.988843  162
37.993827  154
37.999765  154
38.006981  148
38.016330  151
38.037667  150
38.046117  161
38.053373  493
38.088154  152
38.098202  151
38.100834  147
38.105039  151
38.107671  452
38.110343  451
38.113554  210
38.115307  150
38.140909  449
38.142008  447
38.150058  139
38.152730  135
38.157474  135
38.163552  195
38.166443  194
38.169634  389
38.171906  132
38.173839  132
38.182968  128
38.205391  119
38.210175  126
38.212587  125
38.215079  125
38.231284  139
38.233636  139
38.236288  469
38.243672  128
38.250888  140
38.255956  131
38.257729  130
38.268511  126
38.272976  126
38.275168  126
38.309295  137
38.311687  384
38.349422  191
38.406014  129
38.407787  133
38.422761  133
38.432194  134
38.434406  129
38.438751  133
38.446912  134
38.467163  387
38.483130  491
38.493652  388
38.500863  142
38.547361  142
38.561721  133
38.564672  142
38.598743  134
38.608479  143
38.614737  143
38.619142  148
38.621574  137
38.642284  125
38.644896  445
38.649641  134
38.674336  202
38.675949  390
38.681113  139
38.688744  141
38.698467  126
38.707943  136
38.709676  135
38.713821  133
38.731660  146
38.734032  471
38.739276  134
38.740889  143
38.742542  142
38.745034  138
38.760261  125
38.763587  124
38.767472  125
38.800782  127
38.803893  383
38.824543  117
38.830326  180
38.843720  456
38.866102  111
38.868294  110
38.874911  105
38.876504  102
38.882422  93
38.885653  96
38.887526  94
38.892350  96
38.906618  95
38.908691  95
38.915108  102
38.916941  345
38.931458  89
38.940767  444
38.958514  109
38.968857  98
38.973362  96
38.982111  100
38.991240  91
38.992893  95
38.999091  95
39.005708  89
39.008380  90
39.012925  88
39.019942  103
39.028959  433
39.031671  432
39.047697  87
39.056547  86
39.060959  85
39.063631  83
39.065444  84
39.067537  141
39.071942  78
39.075907  377
39.084737  376
39.089122  75
39.090875  71
39.093447  70
39.100105  85
39.115213  65
39.128875  63
39.136925  68
39.138718  67
39.140850  58
39.149260  392
39.151632  49
39.163884  37
39.172614  36
39.200917  36
39.211939  299
39.233244  98
39.238548  372
39.245725  331
39.264124  23
39.272082  23
39.276207  25
39.278100  9
39.293155  20
39.303817  18
39.310255  8
39.316633  363
39.327535  269
39.350162  33
39.368248  22
39.399081  26
39.400894  21
39.408031  23
39.414648  363
39.417240  363
39.423199  14
39.447396  308
39.458818  4
39.489505  11
39.496303  9
39.511010  13
39.515135  10
39.526138  20
39.528590  265
39.539552  7
39.548382  5
39.572120  8
39.576705  4
39.596097  24
39.616508  80
39.690468  359
39.699402  263
39.710529  15
39.786827  11
39.788500  20
39.797570  360
39.851443  309
39.902724  19
39.913967  25
39.933853  8
39.968911  8
40.022319  321
40.041811  10
40.045856  17
40.050041  11
40.058871  21
40.060784  18
40.069474  21
40.073480  18
40.110414  369
40.121356  370
40.128692  19
40.131284  12
40.135189  24
40.155975  20
40.216785  20
40.239378  24
40.270013  24
40.277090  25
40.299354  28
40.312829  273
40.315141  24
40.319247  31
40.334374  20
40.338819  21
40.348687  374
40.369533  18
40.385240  21
40.398115  33
40.425797  87
40.438992  28
40.445190  28
40.447163  35
40.458425  31
40.480710  26
40.493545  376
40.500362  281
40.513676  19
40.521607  34
40.532990  287
40.536975  27
40.541640  397
40.543832  21
40.555434  27
40.566656  33
40.569048  39
40.573074  36
40.590233  37
40.594818  22
40.597210  48
40.615203  368
40.621661  35
40.642333  328
40.662846  37
40.689517  28
40.694895  29
40.702411  42
40.722607  51
40.741559  50
40.759438  41
40.772213  42
40.796599  47
40.831878  40
40.852389  102
40.859087  104
40.860860  344
40.872481  46
40.876906  41
40.887129  53
40.893087  43
40.901897  53
40.910927  51
40.915292  61
40.917424  49
40.938439  298
40.949900  44
40.961530  400
40.966035  301
40.975085  402
40.983255  54
40.989992  420
41.004760  58
41.006613  54
41.010438  59
41.025784  55
41.029190  45
41.033495  70
41.046370  369
41.051249  389
41.059579  52
41.068747  61
41.072282  351
41.088328  351
41.103300  63
41.109737  368
41.135666  52
41.141924  53
41.148301  55
41.158864  73
41.169127  70
41.171739  68
41.177697  63
41.184574  72
41.197450  59
41.212465  60
41.224067  62
41.225940  65
41.236883  64
41.245992  63
41.259367  63
41.261639  70
41.267916  65
41.272641  67
41.276866  79
41.285656  112
41.303457  126
41.314080  128
41.325282  377
41.328968  80
41.353565  76
41.362375  72
41.370905  74
41.375570  66
41.385039  74
41.390837  87
41.404172  75
41.410110  76
41.411883  73
41.418080  67
41.441718  82
41.444010  428
41.446203  89
41.457585  450
41.463783  79
41.475645  86
41.486747  82
41.502108  67
41.507946  102
41.527458  59
41.542010  80
41.555265  83
41.563156  82
41.564849  111
41.575391  94
41.577144  91
41.592437  99
41.606130  81
41.640810  102
41.646868  122
41.659664  80
41.663909  111
41.670906  100
41.679156  113
41.715479  83
41.724109  94
41.729747  84
41.742723  85
41.751313  88
41.759703  92
41.762035  91
41.802346  83
41.808664  118
41.820500  94
41.827817  105
41.838839  100
41.842265  114
41.858890  127
41.866840  107
41.873578  108
41.875171  107
41.884724  116
41.901124  101
41.918443  122
41.922748  99
41.924541  108
41.932971  451
41.937356  112
41.943794  116
41.951517  464
41.966805  117
41.968638  115
41.974376  111
41.985617  105
41.992214  112
41.999291  117
42.016711  113
42.018284  127
42.022828  121
42.035523  127
42.056749  120
42.068502  120
42.089029  119
42.093454  121
42.129306  128
42.147620  132
42.152551  131
42.188964  465
42.205132  115
42.219093  122
42.249748  117
42.274065  116
42.290266  130
42.299435  124
42.321343  125
42.330073  128
42.348845  144
42.358833  150
42.365430  133
42.374440  138
42.383070  146
42.389867  143
42.392858  467
42.397024  141
42.410058  151
42.428591  115
42.439014  472
42.447084  126
42.451169  148
42.466237  157
42.467870  490
42.470562  128
42.489943  500
42.494428  134
42.503137  140
42.511348  153
42.517453  159
42.528120  116
42.537130  118
42.558554  135
42.562699  168
42.564991  150
42.572762  139
42.576168  144
42.600743  133
42.602796  150
42.613979  146
42.615832  163
42.633645  159
42.652763  144
42.657268  133
42.666038  142
42.679593  160
42.683818  168
42.705819  166
42.708491  167
42.719952  158
42.729065  168
42.742539  163
42.777171  156
42.786081  158
42.804226  159
42.817900  165
42.829946  169
42.833712  159
42.845692  151
42.850756  162
42.867496  150
42.882892  166
42.884565  166
42.890902  170
42.898298  154
42.920447  158
42.924352  511
42.934080  512
42.991177  161
42.996001  163
43.001719  516
43.008736  172
43.021830  162
43.036784  172
43.047306  164
43.056303  160
43.074487  165
43.093004  175
43.100420  172
43.151763  170
43.153336  157
43.186296  162
43.227123  172
43.239258  173
43.243133  167
43.256990  172
43.274768  169
43.286629  167
43.319397  165
43.350385  167
43.353596  182
43.381547  166
43.389781  169
43.398395  164
43.402819  162
43.414480  169
43.423289  176
43.425621  175
43.427474  164
43.449183  162
43.455640  514
43.481701  167
43.491597  162
43.493969  167
43.511633  512
43.518430  160
43.535908  172
43.547569  176
43.549502  161
43.556388  167
43.571195  167
43.586730  159
43.588922  162
43.597032  167
43.617885  172
43.639071  168
43.644714  167
43.664471  172
43.678344  171
43.680696  167
43.683188  165
43.718484  164
43.733416  167
43.736108  169
43.751299  173
43.775346  177
43.777658  176
43.788121  177
43.805888  175
43.811171  162
43.817209  168
43.830327  172
43.889306  171
43.919898  173
43.926715  172
43.931000  166
43.944773  171
43.950316  178
43.964190  160
43.974438  158
43.976111  158
43.985546  158
43.987159  155
43.989731  149
43.992303  167
44.005956  168
44.012293  153
44.014246  158
44.019350  168
44.040280  162
44.048350  158
44.053613  165
44.065214  165
44.067327  154
44.071572  152
44.074623  156
44.081340  147
44.086264  142
44.097045  137
44.099058  145
44.100711  140
44.107587  138
44.117470  138
44.123033  135
44.132448  149
44.143909  138
44.148074  127
44.166497  131
44.169588  137
44.171201  136
44.172854  131
44.174627  127
44.209394  141
44.219318  128
44.230614  109
44.237810  107
44.249910  106
44.252642  99
44.264283  89
44.266555  86
44.268188  77
44.275174  82
44.284702  72
44.289746  72
44.292517  70
44.295169  81
44.297641  67
44.304597  61
44.308802  64
44.323849  47
44.328453  43
44.345833  34
44.350038  27
44.354323  23
44.358967  18
44.360740  18
44.369175  19
44.371348  15
44.376212  21
44.382709  19
44.389226  12
44.391638  3
44.398115  17
44.407544  3
44.410136  12
44.420586  8
44.431988  25
44.436758  23
44.438611  7
44.443196  9
44.451106  7
44.455411  2
44.464104  1
44.466516  0
44.471900  0
44.487695  8
44.490646  0
44.495550  0
44.530174  0
44.535518  0
44.557203  0
44.572470  0
44.584731  0
44.591768  0
44.607175  0
44.611680  0
44.620119  0
44.626317  0
44.721252  0
44.762163  0
45.401857  4
45.410155  5
45.416692  10
45.458410  15
45.477230  7
45.498595  18
45.511609  2
45.560290  5
45.611056  0
45.703137  27
45.721591  15
45.741842  19
45.746167  16
45.750173  16
45.765260  17
45.775750  22
45.783166  36
45.792236  21
45.795562  38
45.821891  29
45.832114  30
45.836099  36
45.838471  39
45.860695  33
45.863207  0
45.867352  20
45.869425  38
45.873810  1
45.878095  28
45.886765  30
45.897488  37
45.903805  37
45.927262  46
45.935412  24
45.950440  31
45.958151  16
45.966461  33
45.985900  40
45.992657  26
45.997881  46
46.006411  37
46.019645  40
46.032728  33
46.037193  12
46.046622  40
46.093658  48
46.100096  45
46.106633  11
46.123753  33
46.127878  46
46.137468  46
46.161964  30
46.178984  45
46.182989  31
46.187014  5
46.201782  49
46.211570  53
46.222073  50
46.226436  43
46.249713  50
46.253818  62
46.262531  52
46.295039  52
46.305002  53
46.313412  44
46.315305  53
46.324514  36
46.339682  48
46.341715  46
46.366054  52
46.375224  45
46.393303  47
46.397588  30
46.402652  50
46.405164  43
46.413255  49
46.422904  47
46.432633  51
46.460916  58
46.469606  59
46.480248  58
46.500427  60
46.516043  56
46.520708  47
46.525113  55
46.530818  53
46.536716  62
46.556768  56
46.559360  63
46.578892  66
46.582977  45
46.602049  65
46.604122  66
46.617037  68
46.621702  55
46.641195  72
46.655110  65
46.659376  74
46.671811  67
46.678348  66
46.693175  75
46.706729  77
46.713610  51
46.720987  69
46.750907  61
46.758458  62
46.767415  69
46.782463  61
46.792986  81
46.803129  65
46.830778  79
46.835643  58
46.853282  73
46.881164  87
46.885230  82
46.906814  83
46.916278  60
46.928973  71
46.934077  73
46.937963  81
46.942667  68
46.944840  75
46.953730  70
46.960148  76
46.972243  78
46.983485  69
46.985538  91
46.996300  88
46.998812  74
47.003017  93
47.011307  64
47.024636  91
47.026848  97
47.038564  100
47.044422  94
47.053466  78
47.065226  94
47.068217  103
47.074314  90
47.078459  85
47.087769  84
47.100624  96
47.133729  105
47.137674  80
47.144951  61
47.148217  80
47.158959  82
47.186892  103
47.194168  88
47.200026  85
47.208336  95
47.222750  91
47.228728  79
47.237358  95
47.257703  92
47.261568  100
47.268026  91
47.310382  96
47.335297  75
47.361214  94
47.371836  98
47.399766  96
47.408596  97
47.421532  103
47.435621  86
47.458823  104
47.467173  106
47.471278  101
47.509896  107
47.524584  106
47.529288  111
47.533613  100
47.543177  113
47.557785  96
47.559498  112
47.567888  113
47.587740  127
47.591426  103
47.648417  100
47.658839  120
47.677133  101
47.693059  103
47.698957  92
47.709739  109
47.711792  102
47.720782  100
47.729332  114
47.736648  98
47.759212  119
47.761065  129
47.769855  110
47.778644  123
47.810213  124
47.830546  105
47.847506  95
47.849439  119
47.862514  116
47.876146  136
47.896038  106
47.898011  126
47.903015  121
47.916230  134
47.918283  139
47.928566  131
47.934790  143
47.938835  137
47.965211  122
47.972048  146
47.975099  142
47.987375  136
47.993053  140
48.017529  140
48.028401  128
48.037070  132
48.048291  138
48.057161  109
48.061066  116
48.065351  162
48.072009  127
48.077787  123
48.098758  130
48.102723  128
48.104556  128
48.111633  146
48.115239  124
48.144501  136
48.146234  155
48.153370  138
48.170310  142
48.178760  124
48.184758  128
48.194207  155
48.207062  140
48.212600  153
48.218343  146
48.220476  150
48.226993  152
48.257928  165
48.267691  149
48.282404  140
48.292254  155
48.298652  167
48.348367  155
48.354425  157
48.356837  146
48.358670  156
48.369692  154
48.384214  148
48.390811  128
48.399341  147
48.415288  158
48.423998  158
48.427404  147
48.449114  157
48.457924  149
48.459717  170
48.466794  164
48.472932  169
48.476837  161
48.482555  161
48.490685  171
48.499994  154
48.504239  168
48.505852  165
48.513029  174
48.556659  159
48.564355  161
48.568480  180
48.570053  162
48.577090  163
48.601007  171
48.612549  156
48.616534  153
48.618447  157
48.632182  160
48.658525  182
48.660278  157
48.668438  151
48.691241  157
48.697618  159
48.703696  178
48.719623  188
48.721895  172
48.725501  161
48.727574  166
48.776408  172
48.788104  191
48.790496  199
48.795081  169
48.816006  175
48.835466  164
48.846568  173
48.854639  167
48.859144  189
48.872238  163
48.885732  168
48.903591  183
48.916007  179
48.917680  185
48.932976  197
48.940972  178
48.945617  203
48.955100  177
48.974153  178
48.994264  190
48.996397  207
49.007059  202
49.021827  168
49.026152  209
49.029398  197
49.033163  209
49.063480  191
49.080560  193
49.088560  182
49.090213  209
49.094857  177
49.103531  195
49.107656  197
49.114034  223
49.138725  191
49.165514  193
49.178349  217
49.198794  191
49.222527  181
49.232495  199
49.237679  197
49.256301  216
49.269555  208
49.279224  206
49.288853  199
49.303941  209
49.318607  205
49.327436  204
49.333418  201
49.339156  209
49.359726  190
49.364650  203
49.373480  195
49.388727  210
49.395804  197
49.415236  203
49.445450  201
49.452247  210
49.454639  195
49.457271  215
49.472118  196
49.477636  200
49.479249  211
49.497767  209
49.517058  219
49.535955  212
49.560635  215
49.576620  210
49.642511  218
49.645522  210
49.779971  198
49.793944  211
49.835377  208
49.856059  215
49.877008  215
49.900433  212
49.905397  203
49.911635  216
49.913308  209
49.921698  219
49.926183  214
49.930707  207
49.952077  212
49.954229  207
49.972507  215
49.985166  211
49.990704  203
50.005396  216
50.008008  207
50.010180  218
50.014305  217
50.036555  218
50.039267  224
50.041739  217
50.070258  224
50.073149  223
50.083203  223
50.085795  210
50.092871  224
50.097755  225
50.102479  217
50.109296  228
50.116512  227
50.119184  212
50.165403  216
50.174492  227
50.176265  233
50.178737  218
50.186093  234
50.188345  228
50.192151  220
50.194743  215
50.217785  221
50.248404  223
50.255321  222
50.268416  219
50.273280  221
50.280377  213
50.287153  209
50.289845  208
50.292517  217
50.295703  221
50.301166  218
50.308023  217
50.309696  218
50.314999  211
50.329452  218
50.334336  215
50.339320  215
50.354472  220
50.370437  218
50.387489  214
50.396705  218
50.404840  211
50.425238  200
50.436419  217
50.438751  196
50.447241  193
50.452584  199
50.485113  196
50.496694  214
50.499266  212
50.501458  195
50.503710  208
50.508515  196
50.512340  204
50.521589  206
50.525914  204
50.528606  191
50.533590  211
50.536102  199
50.538494  204
50.547403  210
50.553760  209
50.555972  206
50.558324  205
50.560596  199
50.563108  195
50.604640  208
50.606493  200
50.638548  195
50.646598  198
50.648171  191
50.653230  196
50.658873  191
50.669580  183
50.682953  184
50.685465  187
50.689510  173
50.746252  169
50.754702  188
50.763421  177
50.783272  184
50.790288  173
50.796051  185
50.804086  196
50.813074  185
50.815766  184
50.818378  180
50.833045  178
50.835757  176
50.839842  175
50.853484  182
50.865105  178
50.882765  172
50.884618  175
50.887150  162
50.893807  170
50.909933  163
50.918343  163
50.920036  162
50.924660  166
50.932810  160
50.952260  154
50.954392  151
50.960570  152
50.962942  151
50.965074  134
50.967606  148
50.972734  128
50.980170  122
50.981743  136
50.983496  137
50.988300  128
50.992925  134
50.996615  137
51.001280  121
51.003812  116
51.021351  115
51.032353  114
51.034845  107
51.036678  110
51.040543  113
51.043055  106
51.050239  116
51.060222  104
51.078022  110
51.085138  108
51.087151  97
51.092849  106
51.099626  96
51.101858  96
51.106043  94
51.127193  92
51.146305  84
51.157847  85
51.164524  81
51.174747  81
51.181524  85
51.183097  63
51.192325  77
51.202912  86
51.212402  79
51.217446  75
51.229741  76
51.245048  78
51.261393  74
51.268430  71
51.271142  63
51.272001  70
51.282744  54
51.286689  50
51.288762  51
51.293167  51
51.316952  42
51.319324  24
51.323609  42
51.337483  41
51.342331  28
51.349148  37
51.357863  36
51.374444  35
51.380861  27
51.385626  21
51.392743  28
51.401553  15
51.427482  19
51.430928  29
51.439618  19
51.443983  24
51.446076  25
51.488277  21
51.496077  20
51.500881  19
51.509071  17
51.514089  19
51.515882  13
51.520646  10
51.539595  7
51.541571  7
51.549662  4
51.562117  5
51.566251  6
51.568532  3
51.579015  11
51.592010  14
51.594123  12
51.610389  10
51.618220  8
51.622925  16
51.648629  20
51.656879  17
51.664076  0
51.667961  14
51.672226  4
51.678463  14
51.682688  14
51.686973  2
51.715088  9
51.782922  14
51.836824  12
51.849399  14
51.857590  18
51.878101  15
51.956414  20
51.977619  9
52.000697  15
52.011899  7
52.033504  7
52.172401  17
52.192374  24
52.204056  29
52.208721  21
52.217231  34
52.234739  24
52.254051  10
52.262042  15
52.283147  16
52.289904  19
52.292196  16
52.307123  34
52.309056  37
52.319125  23
52.343083  14
52.354325  39
52.366386  40
52.375036  23
52.385439  24
52.396041  26
52.403432  25
52.411982  25
52.417126  33
52.420452  14
52.435320  27
52.450866  38
52.463768  44
52.470185  41
52.479595  16
52.488205  21
52.519018  17
52.556431  51
52.562449  51
52.574884  49
52.590171  60
52.592264  31
52.618334  46
52.626405  39
52.648229  33
52.657698  37
52.679503  28
52.683428  39
52.708259  57
52.714117  26
52.723306  43
52.729224  64
52.739387  44
52.745285  52
52.755233  74
52.763623  18
52.774166  75
52.788894  48
52.797544  58
52.803722  77
52.820168  52
52.826525  66
52.842573  45
52.849530  63
52.857960  42
52.864058  79
52.875268  82
52.890474  80
52.897371  56
52.913338  70
52.919336  35
52.923222  59
52.930283  72
52.937220  59
52.963148  79
52.970165  86
52.979734  93
52.988185  93
52.990757  93
53.021032  65
53.042187  67
53.048464  43
53.062277  55
53.074053  64
53.078558  70
53.093745  83
53.108393  81
53.118736  40
53.149439  86
53.167592  83
53.178114  90
53.182759  94
53.186844  99
53.205042  114
53.220269  87
53.226827  93
53.235357  94
53.237530  19
53.244068  110
53.248293  85
53.255589  92
53.264519  99
53.266811  94
53.275181  96
53.281578  87
53.297006  108
53.305257  108
53.320524  102
53.325328  88
53.328694  83
53.340215  101
53.352351  91
53.356017  91
53.360142  106
53.380180  94
53.384325  108
53.391023  107
53.430309  108
53.453915  110
53.459099  52
53.462245  95
53.475360  87
53.497365  99
53.543614  101
53.562326  105
53.564439  105
53.568165  100
53.575322  112
53.576995  118
53.595773  91
53.601911  109
53.619638  111
53.623843  117
53.637357  117
53.657829  117
53.674729  119
53.696241  119
53.716666  100
53.718898  138
53.721071  104
53.724976  107
53.736677  121
53.740762  111
53.746260  116
53.756882  123
53.763539  140
53.785003  129
53.796005  102
53.837820  131
53.845211  109
53.850455  142
53.875351  142
53.883541  140
53.890737  144
53.898388  86
53.925994  122
53.930659  96
53.937176  124
53.950990  145
53.961313  136
53.976241  138
53.991787  122
53.997425  105
54.006255  138
54.019450  128
54.048545  133
54.073122  143
54.075434  121
54.089468  151
54.093533  134
54.103142  143
54.107228  152
54.126780  135
54.130945  111
54.134910  123
54.142920  136
54.147685  138
54.155056  142
54.161633  144
54.182957  140
54.185289  138
54.202010  145
54.222182  143
54.232305  144
54.260807  145
54.270396  143
54.318764  147
54.323329  146
54.331640  152
54.364734  167
54.371092  162
54.379322  148
54.387312  165
54.392077  153
54.410055  167
54.417186  132
54.436126  171
54.469836  136
54.481577  140
54.512578  148
54.552702  156
54.602335  165
54.627485  195
54.636035  154
54.644805  173
54.651602  132
54.653215  173
54.664356  165
54.668961  172
54.679883  146
54.691659  203
54.693352  152
54.702701  169
54.714103  206
54.727577  175
54.731922  175
54.745916  178
54.750301  147
54.766902  189
54.772680  211
54.798243  183
54.807053  157
54.817536  158
54.846496  161
54.852714  158
54.854527  174
54.865529  205
54.878224  167
54.900509  211
54.902202  196
54.909379  212
54.911252  213
54.913205  210
54.920162  207
54.935190  145
54.962972  173
54.976366  176
54.978019  176
55.003788  198
55.005881  203
55.022642  177
55.039562  211
55.050404  189
55.056941  166
55.065012  185
55.078801  206
55.104197  218
55.108103  196
55.112308  195
55.133419  204
55.156220  210
55.173740  220
55.177346  157
55.192053  203
55.195819  217
55.203316  192
55.210393  212
55.219367  197
55.228655  214
55.230448  219
55.243603  221
55.250220  228
55.254605  216
55.267700  210
55.269893  206
55.271686  225
55.281829  209
55.286913  212
55.293770  211
55.304820  212
55.309105  211
55.317055  219
55.333435  228
55.348742  216
55.356753  220
55.364883  218
55.367335  224
55.417441  233
55.458812  235
55.463197  223
55.467522  233
55.469734  231
55.471867  233
55.484882  218
55.494331  235
55.505113  224
55.506786  236
55.515695  202
55.531556  239
55.547022  225
55.559976  224
55.572770  224
55.577374  213
55.593400  229
55.602030  234
55.611020  222
55.636176  226
55.637909  227
55.645919  219
55.653755  219
55.659059  226
55.665057  223
55.671574  227
55.684381  230
55.712527  220
55.721436  231
55.725361  218
55.732657  220
55.734530  210
55.736223  203
55.749485  217
55.759208  213
55.761780  221
55.768157  218
55.777186  217
55.782350  215
55.788767  205
55.803655  211
55.806826  207
55.818468  212
55.838139  216
55.874735  207
55.883784  203
55.890502  216
55.904355  210
55.943543  202
56.007133  214
56.015443  218
56.028482  219
56.044706  198
56.053835  206
56.066889  208
56.087692  206
56.105822  206
56.146624  209
56.168767  214
56.173032  214
56.180487  204
56.182180  207
56.189656  207
56.206615  212
56.209626  206
56.229949  213
56.250048  211
56.252420  209
56.256046  193
56.263766  194
56.294072  211
56.305048  211
56.307480  212
56.317563  203
56.321808  200
56.336951  198
56.347553  207
56.365081  206
56.366774  199
56.389502  202
56.393627  202
56.408923  209
56.410656  200
56.416079  201
56.430232  196
56.460369  188
56.465752  196
56.468344  198
56.469957  196
56.481454  189
56.485579  188
56.504311  183
56.514131  183
56.525297  179
56.526890  180
56.538546  165
56.547515  174
56.553892  164
56.558776  176
56.562222  177
56.575935  170
56.577708  169
56.579301  161
56.582232  174
56.586317  159
56.590047  164
56.592000  157
56.619391  170
56.637254  169
56.666248  178
56.668001  174
56.680201  184
56.681874  181
56.683447  177
56.689784  181
56.691457  180
56.697175  169
56.704691  169
56.715380  163
56.725787  169
56.730061  149
56.731774  139
56.734446  135
56.742985  148
56.747529  147
56.749761  147
56.752832  141
56.756498  135
56.762580  142
56.765551  145
56.783294  143
56.787479  136
56.793242  138
56.799799  139
56.802511  133
56.805143  138
56.819702  132
56.849100  131
56.858033  140
56.860485  120
56.879576  121
56.911962  122
56.916587  130
56.919179  132
56.929048  127
56.948365  131
56.958093  118
56.972820  105
56.985499  120
56.991861  117
57.024095  132
57.030752  115
57.032545  118
57.053076  115
57.054869  120
57.072907  115
57.078350  109
57.089493  105
57.094931  99
57.106052  101
57.107885  92
57.116555  62
57.119227  55
57.125125  64
57.126738  54
57.134074  54
57.136067  59
57.138120  60
57.148263  58
57.155140  53
57.159565  47
57.165788  53
57.180156  3
57.184541  1
57.186693  0
57.220747  0
57.224932  0
57.253234  0
57.263397  0
57.280796  0
57.293851  0
57.297836  0
57.327130  0
57.332483  0
57.337747  0
57.343745  0
57.400856  0
57.436767  0
57.589828  0
57.734929  2
57.745252  9
57.822841  35
57.845583  40
57.872512  1
57.909150  8
57.928863  2
57.936020  15
57.940285  5
57.962010  20
57.970280  13
57.982076  2
58.018855  7
58.026766  41
58.029458  32
58.042752  44
58.078290  29
58.100078  29
58.123148  3
58.124721  56
58.128886  39
58.140567  28
58.146006  34
58.155099  56
58.162757  48
58.176671  25
58.178264  34
58.184729  32
58.210913  31
58.228432  61
58.240034  22
58.255278  32
58.257051  23
58.266041  38
58.268673  35
58.274291  53
58.297769  48
58.308311  46
58.319916  39
58.332511  61
58.360193  33
58.364258  66
58.368443  57
58.385523  73
58.402364  71
58.412266  72
58.427754  51
58.456136  32
58.471387  95
58.482049  101
58.485875  79
58.489980  55
58.504293  107
58.506266  108
58.514036  63
58.526611  54
58.532658  61
58.543701  64
58.558039  51
58.566928  66
58.581356  68
58.589507  92
58.595325  50
58.598651  58
58.611426  75
58.613838  82
58.616984  88
58.627119  77
58.630330  88
58.652355  100
58.664219  74
58.673069  74
58.690476  103
58.695121  109
58.696934  22
58.718439  65
58.740964  104
58.755232  106
58.762489  62
58.778774  113
58.782760  101
58.825455  47
58.841860  118
58.851923  95
58.853816  95
58.855549  106
58.872529  122
58.876434  88
58.890129  129
58.893675  89
58.907009  25
58.915200  103
58.919565  98
58.945935  40
58.956617  104
58.962020  103
58.969851  106
58.980914  97
58.987232  103
59.002741  105
59.005113  103
59.011591  106
59.026080  103
59.045173  107
59.056374  116
59.069688  124
59.081424  125
59.095717  101
59.117975  57
59.128517  120
59.130310  128
59.145757  100
59.148963  114
59.196272  130
59.200957  94
59.212238  118
59.224554  97
59.238787  136
59.244785  125
59.273207  138
59.277972  111
59.291046  142
59.299076  87
59.315136  111
59.330044  117
59.333829  113
59.335962  79
59.353542  121
59.366736  138
59.386089  127
59.390394  137
59.394200  133
59.401117  124
59.420450  141
59.453377  131
59.458062  139
59.482019  147
59.498520  121
59.534993  165
59.550240  155
59.554285  127
59.558810  140
59.565747  98
59.576350  140
59.603952  152
59.614275  163
59.620612  128
59.648294  123
59.650267  137
59.660957  166
59.691712  148
59.702754  155
59.708712  131
59.713317  138
59.719894  172
59.725852  108
59.734342  117
59.738488  143
59.746777  140
59.759672  165
59.762184  145
59.774200  100
59.778225  143
59.793991  150
59.795664  173
59.804314  147
59.831275  159
59.837632  162
59.847260  173
59.871136  145
59.893609  149
59.895522  160
59.937579  184
59.947732  156
59.950024  186
59.980597  187
59.985002  166
59.998835  172
