# t(s) QueuingDelay(ms)
10.087110  0
10.104778  2
10.113509  3
10.117874  5
10.144797  6
10.153727  6
10.155599  13
10.159904  13
10.179044  15
10.201509  15
10.204915  25
10.209619  30
10.218169  37
10.256835  17
10.271701  18
10.273594  38
10.284916  43
10.286609  30
10.297571  54
10.301616  33
10.306041  81
10.320649  83
10.327166  42
10.338888  87
10.342893  45
10.370975  91
10.375460  49
10.398812  100
10.400565  55
10.411167  107
10.421070  134
10.432132  68
10.441935  83
10.453137  152
10.470257  158
10.489834  24
10.492026  163
10.498064  92
10.507313  188
10.515264  98
10.526206  195
10.528858  100
10.541094  202
10.547192  143
10.549744  209
10.558394  221
10.565271  155
10.571789  227
10.574481  24
10.597659  165
10.613258  228
10.619036  28
10.621188  178
10.632930  235
10.639907  38
10.648398  246
10.654556  178
10.663465  188
10.671496  45
10.674008  188
10.684530  254
10.689235  194
10.694913  62
10.701311  166
10.714726  76
10.730162  262
10.749954  287
10.766374  101
10.770799  293
10.792177  181
10.805702  185
10.807735  111
10.810207  307
10.822682  192
10.830952  212
10.836136  322
10.853097  338
10.861227  215
10.872029  369
10.887336  218
10.894567  149
10.899192  383
10.903697  166
10.908182  219
10.914979  162
10.935036  386
10.954448  232
10.958154  396
10.981412  251
10.988771  163
10.999753  416
11.001326  258
11.012807  275
11.019085  445
11.034032  463
11.050726  277
11.056864  491
11.071591  506
11.085919  280
11.090204  508
11.104353  284
11.106785  514
11.115974  287
11.126556  166
11.131041  4
11.148500  10
11.159022  315
11.163027  175
11.173391  183
11.191332  317
11.198591  262
11.206822  322
11.216825  323
11.218478  257
11.223222  336
11.229979  252
11.232091  316
11.248891  357
11.259094  357
11.276934  370
11.288156  388
11.293120  260
11.305975  261
11.318370  272
11.329265  277
11.360017  35
11.362210  332
11.374405  353
11.378410  343
11.380423  80
11.386181  68
11.417913  63
11.439762  323
11.443468  348
11.482073  352
11.497120  326
11.527335  284
11.548339  96
11.551705  294
11.563006  302
11.569444  335
11.580147  303
11.607021  308
11.616050  361
11.617663  314
11.619236  342
11.630778  346
11.639748  363
11.641701  378
11.650271  396
11.661373  321
11.664025  391
11.670303  387
11.677799  326
11.686289  384
11.690175  369
11.694820  341
11.727186  350
11.744865  359
11.762839  366
11.776640  366
11.790819  370
11.799489  382
11.803654  10
11.805707  109
11.816609  112
11.827772  387
11.830484  383
11.832237  41
11.843500  390
11.854203  391
11.858767  400
11.865744  463
11.867477  51
11.870169  120
11.877800  392
11.879393  471
11.897259  416
11.901524  100
11.909715  161
11.941770  473
11.970879  475
11.972972  394
11.980169  517
11.981942  17
11.989159  210
11.993124  517
11.995656  400
12.003846  512
12.010603  467
12.014788  232
12.016821  477
12.018994  121
12.024732  432
12.029496  506
12.065982  144
12.068214  433
12.081009  159
12.085034  244
12.110878  251
12.124777  258
12.140304  481
12.159377  472
12.181235  507
12.193790  512
12.204172  518
12.206245  487
12.216948  530
12.222112  487
12.228170  538
12.232275  547
12.236240  24
12.238093  540
12.249540  535
12.254644  531
12.269152  528
12.297313  535
12.324661  585
12.345426  593
12.360773  15
12.370736  277
12.381298  611
12.389328  618
12.400390  619
12.407772  180
12.423278  296
12.436496  634
12.438908  207
12.466471  297
12.468703  640
12.476180  217
12.488437  540
12.501052  661
12.505616  544
12.509901  545
12.513966  265
12.518171  30
12.520264  673
12.526042  336
12.542608  39
12.553670  265
12.569931  610
12.572044  692
12.592202  90
12.600453  273
12.647309  146
12.654026  343
12.669416  284
12.674041  613
12.677052  149
12.693979  548
12.706893  353
12.713311  290
12.738801  297
12.769910  361
12.784024  601
12.834424  606
12.867359  611
12.877902  161
12.882506  615
12.899886  616
12.904151  27
12.908057  617
12.920719  621
12.946877  614
12.954727  49
12.976032  53
12.996962  369
13.000608  85
13.014976  94
13.028804  575
13.031036  373
13.032669  100
13.080055  106
13.082207  380
13.102900  302
13.130593  312
13.143808  581
13.148153  380
13.161328  583
13.189751  324
13.222636  162
13.226901  384
13.254684  599
13.274776  407
13.276709  340
13.300847  347
13.303539  406
13.332866  207
13.356891  210
13.384640  625
13.409211  664
13.413936  349
13.420274  668
13.429723  762
13.451528  757
13.455733  415
13.485147  642
13.516061  416
13.543891  424
13.547596  712
13.553095  9
13.568721  431
13.589188  487
13.593952  60
13.604775  212
13.628019  702
13.670130  0
13.694980  664
13.703874  72
13.719580  461
13.735942  460
13.771932  1
13.799681  601
13.806039  667
13.825558  34
13.844056  365
13.854659  658
13.881702  116
13.883874  399
13.901847  467
13.920579  479
13.935158  156
13.946669  406
13.976372  179
13.981084  416
13.999876  451
14.007427  218
14.050005  438
14.058794  482
14.111516  752
14.117434  232
14.153320  658
14.164362  482
14.224160  245
14.228585  494
14.263439  85
14.274721  538
14.288935  810
14.297466  461
14.319790  666
14.331052  587
14.364042  674
14.389691  148
14.398232  884
14.414199  156
14.456321  810
14.486917  589
14.500371  82
14.602121  281
14.607486  137
14.632999  714
14.661775  759
14.681507  169
14.699366  293
14.756795  312
14.771903  695
14.777481  158
14.781866  385
14.843579  468
14.869449  718
14.882044  388
14.903828  738
14.945138  739
14.965030  507
14.988455  527
15.003543  766
15.039796  767
15.057395  744
15.082146  544
15.157816  523
15.166666  168
15.208025  769
15.234289  769
15.236841  770
15.254720  747
15.259684  3
15.271180  176
15.305600  8
15.332949  775
15.346374  207
15.389845  653
15.440026  960
15.447746  1013
15.453804  187
15.476187  1056
15.477980  9
15.511112  558
15.599780  64
15.639430  196
15.641143  803
15.708910  416
15.721206  828
15.744463  807
15.765847  592
15.770252  200
15.794955  256
15.801273  491
15.809523  281
15.827577  758
15.832541  320
15.846235  849
15.854625  631
15.871585  501
15.907494  976
15.937407  700
15.943984  438
16.022087  750
16.066827  848
16.089524  882
16.109255  751
16.133598  516
16.139256  757
16.179402  857
16.184180  885
16.198827  819
16.223051  885
16.232300  1310
16.241748  1366
16.244043  921
16.246957  835
16.265209  1409
16.283586  530
16.285958  907
16.304625  814
16.311664  1275
16.315889  26
16.324019  257
16.340878  896
16.423883  444
16.443439  673
16.506453  275
16.549485  536
16.554469  94
16.640342  333
16.672415  361
16.676260  201
16.682812  924
16.694153  672
16.722142  917
16.731850  533
16.738407  672
16.771683  671
16.861277  980
16.890662  544
16.947197  540
16.956326  466
16.982566  674
17.033737  695
17.053038  488
17.069823  1262
17.162063  449
17.179341  454
17.184884  543
17.226347  509
17.230691  979
17.249408  699
17.261033  739
17.272853  691
17.286791  1274
17.295920  1293
17.311353  683
17.315238  683
17.316971  542
17.318884  679
17.322634  668
17.324507  94
17.333263  665
17.341018  358
17.354332  97
17.401873  182
17.441860  455
17.479993  673
17.482744  669
17.485216  191
17.500921  448
17.510389  359
17.525855  447
17.527488  666
17.529221  62
17.532771  528
17.543273  664
17.573602  358
17.594676  669
17.597288  671
17.602172  264
17.646334  275
17.666093  995
17.678113  532
17.708912  277
17.722294  672
17.738229  684
17.744092  369
17.746404  682
17.760217  536
17.773591  538
17.781431  284
17.790344  677
17.791997  676
17.796002  538
17.804312  534
17.811597  360
17.827055  62
17.854946  359
17.869454  531
17.871766  669
17.876550  356
17.888538  355
17.891250  668
17.892963  529
17.895415  526
17.905370  353
17.921036  666
17.926559  353
17.943583  523
17.946694  348
17.951578  441
17.961666  663
17.979292  662
17.988021  660
17.991571  523
17.995037  345
17.997529  439
17.999861  660
18.002313  523
18.014054  437
18.019597  12
18.043424  346
18.057397  348
18.069857  670
18.074741  667
18.084616  991
18.090474  444
18.135436  668
18.150110  525
18.155154  662
18.162590  444
18.171519  443
18.188291  528
18.195307  665
18.197020  441
18.201584  661
18.203836  438
18.205689  428
18.207861  657
18.215492  425
18.218463  646
18.220056  424
18.223287  646
18.228930  644
18.232121  423
18.233894  641
18.236406  701
18.237999  634
18.249904  632
18.254763  929
18.264790  487
18.268955  622
18.271587  485
18.285800  147
18.295603  626
18.300926  314
18.304621  148
18.307927  149
18.314484  146
18.316756  873
18.318369  619
18.329900  312
18.343413  28
18.355293  140
18.358883  313
18.360456  309
18.388806  32
18.395463  37
18.412152  414
18.414824  414
18.444791  424
18.449955  424
18.456097  629
18.458928  425
18.481840  425
18.486544  424
18.500227  635
18.527263  69
18.548427  638
18.559908  657
18.567299  669
18.571264  322
18.603900  268
18.630632  273
18.639353  273
18.648542  274
18.654145  274
18.659768  275
18.664473  349
18.666845  270
18.671569  490
18.678675  527
18.687959  267
18.693482  357
18.718086  668
18.725462  668
18.730706  664
18.735070  661
18.736803  261
18.738376  345
18.740668  659
18.743380  522
18.774069  348
18.782598  60
18.789175  662
18.791747  663
18.802513  525
18.808340  347
18.825744  10
18.835148  0
18.839053  335
18.855602  513
18.859887  653
18.862259  653
18.863832  338
18.866124  651
18.874558  337
18.876151  649
18.890571  336
18.897827  334
18.900718  513
18.937858  335
18.953931  649
18.963180  513
18.978511  650
18.982955  651
18.985267  337
18.988478  654
19.004708  339
19.014696  2
19.017128  0
19.024373  649
19.027783  335
19.034355  644
19.039019  332
19.062260  962
19.066605  645
19.077926  505
19.087774  641
19.096189  501
19.109003  638
19.110676  636
19.113148  1
19.116339  498
19.126574  3
19.144496  495
19.146229  495
19.151672  490
19.153345  627
19.162893  626
19.172634  625
19.175306  622
19.177938  619
19.180190  616
19.182522  614
19.184854  675
19.186467  614
19.188879  613
19.196862  612
19.199394  914
19.201926  0
19.206311  469
19.208723  605
19.211215  467
19.225108  126
19.228914  126
19.235171  289
19.237004  125
19.240235  122
19.242028  122
19.254602  857
19.258747  289
19.260380  0
19.274653  288
19.291438  122
19.301247  290
19.316141  8
19.326723  11
19.335732  284
19.339637  14
19.347727  275
19.355592  15
19.362968  17
19.386425  237
19.403604  0
19.449980  414
19.489896  153
19.494221  148
19.521380  148
19.523912  142
19.525605  137
19.528177  135
19.538512  229
19.545828  401
19.566406  228
19.589987  139
19.601288  131
19.603959  216
19.613388  214
19.622597  209
19.625129  122
19.631886  208
19.634138  120
19.646653  189
19.665834  0
19.673634  0
19.677160  188
19.698823  186
19.704066  180
19.711482  172
19.733786  173
19.744688  158
19.774709  245
19.785715  151
19.791478  144
19.794744  142
19.811938  135
19.823765  135
19.841803  763
19.877284  419
19.881329  651
19.889539  205
19.897509  341
19.905164  0
19.925324  590
19.935032  0
19.993621  2
20.024379  32
20.031415  9
20.037233  17
20.049014  21
20.193360  0
20.244933  7
20.270966  18
20.279895  17
20.316731  18
20.328292  14
20.337166  10
20.354165  9
20.411107  76
20.465522  608
20.496479  345
20.511131  149
20.523326  611
20.524999  292
20.574199  565
20.584965  0
20.645719  13
20.655687  0
20.668546  17
20.680327  24
20.688817  28
20.704523  30
20.710201  31
20.724289  33
20.737724  37
20.774518  46
20.800481  55
20.831294  63
20.838291  67
20.935476  46
20.989688  7
20.998302  46
21.011556  43
21.015861  40
21.018453  39
21.066963  14
21.094304  2
21.159655  8
21.161488  607
21.212231  8
21.227223  562
21.232347  0
21.272470  4
21.278288  2
21.317958  3
21.326767  10
21.335324  11
21.354837  13
21.384931  17
21.393361  21
21.416553  33
21.451233  38
21.487271  54
21.512502  63
21.523424  69
21.529502  89
21.542777  82
21.555312  79
21.654798  74
21.708291  4
21.709864  20
21.716961  21
21.733022  92
21.741851  96
21.754466  106
21.756259  107
21.760324  10
21.790803  13
21.819563  85
21.824088  168
21.832858  190
21.839476  190
21.846033  197
21.890134  8
21.891807  358
21.903008  18
21.909985  457
21.922265  8
21.939863  19
21.944088  93
21.952178  97
22.002244  83
22.011002  86
22.022064  94
22.033227  109
22.050147  116
22.065504  122
22.075432  125
22.091317  131
22.099977  142
22.114122  148
22.139760  155
22.167702  95
22.180697  162
22.197956  181
22.217069  203
22.222767  115
22.229824  211
22.247664  224
22.269616  237
22.286157  245
22.301603  252
22.317884  270
22.327013  273
22.354397  276
22.378692  288
22.397925  293
22.404642  312
22.410460  314
22.417277  308
22.423675  289
22.492355  290
22.506269  291
22.519304  299
22.535717  318
22.567186  323
22.582960  328
22.615020  335
22.635054  363
22.655094  13
22.657147  354
22.667870  113
22.822267  347
22.835706  623
22.838038  199
22.847721  723
22.856610  460
22.879045  104
22.893278  152
22.895950  466
22.925096  479
22.929920  115
22.934485  54
22.948698  714
22.955275  127
22.957847  323
22.977598  115
22.987965  154
23.000519  387
23.036051  666
23.076666  366
23.079058  2
23.119884  371
23.132379  121
23.144606  398
23.168172  404
23.199836  416
23.213492  424
23.216263  428
23.227164  430
23.272748  423
23.318278  383
23.372661  369
23.431711  385
23.533419  471
23.571108  491
23.575732  501
23.581135  499
23.656016  66
23.691179  348
23.710939  356
23.717436  523
23.731738  557
23.743528  575
23.752963  373
23.789398  13
23.793463  594
23.825254  201
23.849618  454
23.851211  971
23.866502  89
23.875363  358
23.885511  595
23.905387  731
23.910691  639
23.913303  735
23.918387  303
23.939747  373
23.945545  272
23.973378  624
24.020669  924
24.028624  362
24.059821  130
24.062313  379
24.096107  384
24.099892  378
24.106616  368
24.129273  365
24.134117  365
24.141393  377
24.152075  323
24.182987  365
24.195573  362
24.202869  358
24.206619  263
24.211843  353
24.214295  353
24.216627  385
24.250535  364
24.260158  363
24.264822  359
24.296885  359
24.310538  358
24.345832  360
24.392864  363
24.411390  363
24.421997  362
24.433982  362
24.435555  361
24.437867  382
24.476379  362
24.485008  362
24.505768  364
24.510787  361
24.523207  361
24.525739  358
24.557449  364
24.561454  363
24.566557  360
24.588281  361
24.596511  363
24.601894  368
24.603567  368
24.622288  364
24.624101  363
24.651872  50
24.661081  358
24.707926  375
24.725588  359
24.740690  357
24.742283  373
24.800946  354
24.828238  446
24.851625  971
24.872395  265
24.882104  333
24.884456  361
24.891812  361
24.893425  360
24.895258  360
24.897530  359
24.900836  358
24.903707  725
24.906259  353
24.910464  723
24.917704  388
24.925140  352
24.927512  348
24.932496  720
24.942284  323
24.950973  373
24.955298  349
24.957770  366
24.973204  352
24.977888  351
24.986597  348
24.988390  348
24.997506  347
25.011654  910
25.019410  346
25.021183  906
25.044349  347
25.049812  348
25.052244  361
25.054856  361
25.062312  348
25.064884  347
25.067296  342
25.084715  349
25.103404  363
25.105756  349
25.121382  347
25.125966  363
25.186571  352
25.198391  358
25.205168  358
25.207500  528
25.212324  356
25.218701  378
25.221413  377
25.223026  377
25.230322  354
25.231935  371
25.237046  354
25.242729  351
25.255428  350
25.257640  348
25.259273  345
25.264356  339
25.271632  338
25.300436  331
25.302089  331
25.307033  726
25.309924  323
25.323825  315
25.338137  301
25.362912  296
25.365144  296
25.373514  295
25.375127  313
25.382003  292
25.386248  288
25.391906  284
25.423683  281
25.441122  278
25.445107  277
25.451484  265
25.463603  263
25.482885  265
25.490440  264
25.493471  280
25.514265  266
25.515898  267
25.532587  265
25.534220  265
25.538205  264
25.540018  259
25.555982  228
25.563778  257
25.568602  230
25.570195  230
25.579643  244
25.597354  262
25.603001  257
25.608165  238
25.611376  233
25.615171  230
25.616844  246
25.619875  226
25.625318  240
25.646068  209
25.650382  228
25.652455  206
25.680587  296
25.682779  202
25.685171  197
25.692727  202
25.695219  824
25.697411  819
25.702755  158
25.707300  814
25.709572  155
25.716329  187
25.722966  187
25.732454  187
25.734347  557
25.736979  188
25.739331  555
25.744355  188
25.746527  187
25.748140  183
25.750452  180
25.754817  179
25.757928  552
25.759501  179
25.762632  177
25.766824  153
25.772846  190
25.775937  175
25.778329  540
25.780442  169
25.786759  168
25.807283  167
25.822155  729
25.841946  165
25.846351  164
25.849063  162
25.860418  158
25.862271  155
25.870166  152
25.871979  155
25.877642  150
25.883085  144
25.884998  154
25.887650  142
25.956007  121
25.997151  310
26.004402  158
26.047863  709
26.163995  39
26.168400  34
26.202591  0
26.216044  0
26.230896  5
26.242984  0
26.283924  47
26.291839  0
26.300537  589
26.320883  592
26.329592  299
26.337722  0
26.342527  664
26.363138  459
26.393799  0
26.410599  0
26.479781  228
26.493395  23
26.501505  0
26.595025  378
26.610336  127
26.648155  0
26.656785  340
26.663396  325
26.668081  65
26.679722  2
26.703759  259
26.867237  0
26.934812  3
26.941789  315
26.998792  319
27.004390  62
27.011047  0
27.021809  0
27.044046  257
27.048071  255
27.182746  56
27.280570  8
27.287228  307
27.348858  0
27.377278  255
27.610846  6
27.622027  2
27.626492  6
27.659678  8
27.676519  3
27.685509  9
27.717658  9
27.728360  324
27.744146  0
27.746239  10
27.772013  43
27.792064  47
27.798762  51
27.900266  15
27.902738  4
27.909734  56
27.928136  10
27.942836  59
27.991138  69
28.012506  270
28.031093  50
28.032886  45
28.042315  48
28.057064  303
28.074218  59
28.095608  9
28.103779  54
28.114661  56
28.116833  40
28.131660  57
28.148526  371
28.163554  2
28.184719  51
28.189503  54
28.196587  85
28.209141  115
28.210754  320
28.230426  86
28.261699  46
28.303159  342
28.318306  45
28.333536  53
28.384885  74
28.421478  106
28.458664  117
28.519996  84
28.522129  72
28.529070  78
28.530723  75
28.541533  335
28.546916  86
28.563024  88
28.579111  93
28.596371  85
28.613751  86
28.615384  88
28.623754  61
28.630412  85
28.637489  381
28.648472  404
28.652637  98
28.655289  87
28.672548  416
28.680718  98
28.686281  93
28.692179  143
28.696304  154
28.706347  340
28.713343  159
28.737360  81
28.739995  160
28.754070  89
28.804436  345
28.822615  84
28.835310  101
28.841528  159
28.855920  98
28.870647  119
28.884001  130
28.888186  174
28.914750  150
28.920153  156
28.937816  349
28.978512  139
28.982018  194
29.047790  388
29.058896  161
29.073608  159
29.081308  403
29.083720  112
29.125557  111
29.132095  165
29.143237  169
29.162528  163
29.170558  171
29.176496  478
29.180441  167
29.191283  164
29.195528  48
29.207029  224
29.214285  484
29.215878  153
29.227120  163
29.229213  196
29.233199  183
29.237684  415
29.277625  155
29.290468  156
29.364694  407
29.375177  161
29.385820  174
29.393156  176
29.409941  179
29.421310  172
29.478135  237
29.481286  197
29.492487  226
29.513076  439
29.533159  201
29.537964  176
29.552708  235
29.573117  245
29.634897  470
29.648846  167
29.673462  201
29.680319  199
29.691062  191
29.694827  196
29.706316  198
29.717777  242
29.722382  450
29.729813  204
29.747512  206
29.767385  215
29.778467  199
29.780939  200
29.794428  222
29.813300  202
29.826296  309
29.831300  512
29.839890  254
29.846247  268
29.850752  80
29.862167  162
29.864699  199
29.866352  521
29.870757  320
29.888277  205
29.905177  306
29.909982  304
29.913987  510
29.916020  194
29.921998  316
29.933479  206
29.950139  320
29.962379  207
30.027184  521
30.037667  218
30.041852  313
30.057638  265
30.071691  226
30.074163  312
30.093819  233
30.100176  513
30.128488  320
30.130700  312
30.140169  311
30.187068  308
30.210091  317
30.216329  354
30.219001  301
30.309968  277
30.334723  303
30.352182  557
30.360552  555
30.367588  302
30.374245  307
30.417021  289
30.423158  313
30.459611  310
30.461464  306
30.473525  588
30.479783  626
30.507645  304
30.514192  626
30.518397  623
30.520410  307
30.548472  306
30.553511  294
30.567918  308
30.593667  311
30.622069  306
30.674369  298
30.676022  608
30.709368  304
30.712499  305
30.845525  320
30.874461  308
31.003419  294
31.015854  307
31.026967  299
31.051829  308
31.074251  304
31.099739  311
31.125578  368
31.162984  307
31.168208  333
31.187120  326
31.214007  312
31.216559  627
31.230752  313
31.244973  365
31.247685  347
31.261339  335
31.263871  365
31.286329  361
31.361618  360
31.373713  618
31.387610  621
31.433344  309
31.439721  564
31.451701  363
31.457072  572
31.562061  376
31.574401  326
31.576913  393
31.583570  330
31.594037  427
31.640680  676
31.660856  360
31.692892  365
31.743920  339
31.755461  354
31.841082  360
31.854716  367
31.859680  371
31.899582  366
31.907098  380
31.920672  365
31.932557  362
31.936302  384
31.937875  695
31.954684  615
31.962774  379
31.972682  296
31.981392  381
32.005454  382
32.009739  383
32.014663  348
32.074260  383
32.076532  368
32.079938  382
32.082749  376
32.087194  374
32.089666  383
32.092657  660
32.097676  664
32.105726  665
32.114835  365
32.120293  355
32.125936  605
32.136123  352
32.138535  600
32.166158  340
32.176660  319
32.198538  325
32.231990  331
32.234362  384
32.236135  383
32.242457  326
32.246442  331
32.248475  380
32.251386  379
32.284036  625
32.294598  302
32.352922  268
32.367613  282
32.384932  280
32.420488  270
32.439724  297
32.485388  311
32.506063  325
32.526394  317
32.539568  317
32.551663  301
32.556986  315
32.565700  312
32.598211  314
32.600863  307
32.607260  309
32.611605  296
32.617343  307
32.639527  302
32.641639  300
32.645704  287
32.666934  301
32.677176  363
32.711161  307
32.734823  611
32.752842  613
32.759040  311
32.773234  319
32.778198  309
32.782043  562
32.786967  319
32.840423  332
32.854803  282
32.896499  595
32.907101  281
32.957285  263
32.982237  283
32.993591  276
33.004756  288
33.036856  266
33.058791  264
33.065988  264
33.109198  268
33.117088  261
33.133768  264
33.141763  575
33.146267  263
33.148160  261
33.149753  263
33.152125  261
33.153738  256
33.157843  567
33.162268  252
33.170897  559
33.176804  247
33.178697  246
33.182722  233
33.187116  225
33.216236  241
33.235336  236
33.257320  216
33.264956  215
33.266529  211
33.271713  213
33.291903  512
33.301332  207
33.305804  212
33.309829  199
33.314641  451
33.345934  203
33.352772  191
33.354925  241
33.356658  188
33.359330  186
33.361283  180
33.363435  167
33.365667  233
33.384880  470
33.401999  418
33.404152  105
33.411448  115
33.422890  109
33.425242  108
33.466239  98
33.482505  398
33.484877  95
33.490476  93
33.524302  405
33.532732  86
33.560561  400
33.564926  84
33.569291  89
33.585237  396
33.589282  81
33.598152  69
33.667174  68
33.676742  79
33.682720  76
33.684293  371
33.692643  370
33.700079  63
33.707670  66
33.716440  321
33.756203  73
33.761991  57
33.765222  126
33.788440  386
33.813223  67
33.824025  84
33.830383  76
33.832076  76
33.878176  76
33.896056  74
33.952220  79
34.023949  79
34.026920  90
34.041768  84
34.152261  324
34.201534  398
34.208271  398
34.239784  74
34.341812  72
34.360630  79
34.385859  395
34.389984  70
34.408968  394
34.431760  80
34.451372  70
34.507626  70
34.520109  80
34.522701  378
34.542313  66
34.555648  79
34.599475  138
34.668465  78
34.672610  81
34.707562  78
34.717131  82
34.755218  79
34.780608  334
34.805343  397
34.834093  398
34.840930  402
34.861635  71
34.895041  72
34.957775  382
34.959908  385
35.014454  86
35.023824  141
35.030301  72
35.038812  145
35.041004  73
35.069298  80
35.076655  402
35.085265  74
35.104977  87
35.142815  81
35.147379  77
35.199471  85
35.205109  337
35.226954  88
35.254677  88
35.258023  81
35.268785  416
35.275881  87
35.288276  77
35.297126  77
35.303843  88
35.316139  99
35.325447  82
35.349765  385
35.358316  84
35.376757  94
35.405865  389
35.410909  84
35.421312  83
35.460335  148
35.477755  149
35.492663  86
35.514528  90
35.523757  418
35.537119  428
35.539291  91
35.562469  95
35.599386  85
35.603491  99
35.605244  89
35.625016  405
35.664440  343
35.668705  94
35.699599  431
35.709688  106
35.717324  157
35.719237  99
35.742535  99
35.744628  436
35.752898  441
35.755570  88
35.774363  91
35.797961  95
35.834992  99
35.844161  103
35.847707  104
35.860322  418
35.876609  94
35.894096  370
35.898581  112
35.927202  163
35.939297  106
35.954844  166
35.962105  120
35.966929  92
35.976018  108
35.987619  132
35.991544  442
36.008993  446
36.021648  110
36.038808  124
36.043173  99
36.054295  122
36.056747  111
36.074426  110
36.076339  129
36.085789  122
36.106834  381
36.128107  132
36.146605  131
36.152963  385
36.161993  132
36.166558  188
36.181894  122
36.194869  452
36.199114  134
36.205511  130
36.212189  130
36.213922  134
36.229329  133
36.235407  455
36.239712  101
36.243757  470
36.250454  121
36.257071  142
36.273759  132
36.289406  135
36.295764  124
36.321035  429
36.344153  139
36.357587  391
36.363485  430
36.368457  131
36.387835  396
36.389548  137
36.407422  191
36.419542  198
36.435523  142
36.449041  207
36.460155  145
36.465139  126
36.492606  145
36.505820  157
36.519036  139
36.538767  144
36.543571  145
36.551661  148
36.559751  145
36.572966  134
36.576272  137
36.581635  138
36.593640  139
36.602249  401
36.606454  147
36.636629  412
36.638542  412
36.647232  144
36.665977  416
36.667890  149
36.688095  475
36.692180  157
36.700550  148
36.709500  154
36.715697  156
36.720581  151
36.724806  471
36.728911  144
36.737441  147
36.741187  144
36.743220  156
36.755955  172
36.759840  156
36.819699  153
36.851227  458
36.856371  216
36.858244  153
36.874385  408
36.881042  155
36.910551  162
36.934428  158
36.936221  216
36.944479  148
36.947710  155
36.971987  147
36.989086  158
37.024009  185
37.037604  190
37.072343  166
37.190581  443
37.198297  148
37.212785  473
37.222788  508
37.224361  171
37.258294  172
37.260966  191
37.264792  175
37.279339  515
37.288489  162
37.297898  202
37.394508  157
37.398373  461
37.400106  187
37.418113  466
37.435013  203
37.453839  226
37.475404  517
37.477517  230
37.485313  194
37.492370  231
37.501039  160
37.505384  199
37.507177  210
37.519219  164
37.530860  184
37.565099  213
37.569124  196
37.574088  175
37.583936  212
37.594963  188
37.599388  520
37.615952  490
37.636384  188
37.638117  191
37.644494  451
37.651019  199
37.667768  451
37.669641  192
37.693808  454
37.698792  199
37.705749  261
37.710913  199
37.713125  456
37.719722  199
37.736886  210
37.750834  200
37.776008  201
37.778580  525
37.786076  191
37.794846  201
37.799351  203
37.814299  523
37.824142  507
37.869967  200
37.948015  507
37.979506  211
38.018171  263
38.038102  267
38.045877  199
38.049463  204
38.070592  210
38.102909  211
38.110166  221
38.112618  199
38.114990  192
38.126726  220
38.130971  218
38.136589  206
38.146996  458
38.159915  523
38.193946  200
38.224570  459
38.233938  459
38.237464  199
38.245539  267
38.247212  457
38.249404  198
38.290596  211
38.308034  526
38.320022  529
38.330649  205
38.339338  205
38.345256  203
38.349960  209
38.357950  204
38.369191  530
38.468326  202
38.474963  201
38.486893  459
38.496401  508
38.503058  514
38.523613  215
38.555280  211
38.558466  266
38.560998  194
38.568354  200
38.593772  219
38.601627  197
38.605013  211
38.633877  215
38.667355  216
38.687909  209
38.691994  533
38.701050  461
38.731875  461
38.757016  206
38.764093  458
38.783678  265
38.790874  200
38.792707  200
38.803354  208
38.811863  203
38.817626  455
38.828308  208
38.848606  524
38.853090  195
38.857235  521
38.859387  208
38.869515  204
38.884427  207
38.886200  203
38.888412  512
38.890744  494
38.893416  508
38.905536  186
38.919643  190
38.923908  209
38.939227  205
39.001952  200
39.007276  202
39.009768  196
39.014592  447
39.018897  196
39.037016  496
39.045446  196
39.053736  201
39.060073  193
39.082323  195
39.087107  255
39.092605  193
39.095297  185
39.103906  252
39.106198  251
39.110363  201
39.112695  181
39.115167  200
39.119472  188
39.121045  178
39.130857  192
39.132450  190
39.156665  184
39.160830  174
39.165594  169
39.193473  184
39.206148  186
39.208500  501
39.215357  184
39.217789  435
39.225145  208
39.233984  186
39.238489  181
39.240102  177
39.242754  430
39.244427  173
39.268387  179
39.292048  235
39.297471  428
39.300183  168
39.304453  428
39.311310  178
39.313862  177
39.350258  155
39.355996  167
39.359881  158
39.362433  155
39.367417  155
39.372780  155
39.375232  471
39.377005  455
39.379397  470
39.381250  154
39.383862  469
39.388087  153
39.390339  149
39.392092  150
39.397016  140
39.401480  141
39.409710  163
39.421391  147
39.435025  152
39.446106  140
39.473948  139
39.480685  141
39.487741  392
39.489534  437
39.500756  435
39.513858  136
39.517603  134
39.520175  137
39.558163  134
39.563506  183
39.565119  131
39.567491  129
39.572095  121
39.579052  110
39.582238  129
39.619518  126
39.628714  119
39.639057  110
39.651005  114
39.652978  428
39.672676  121
39.690834  111
39.693466  111
39.713797  114
39.730302  164
39.742702  99
39.751971  105
39.791203  99
39.800233  115
39.810069  118
39.811902  117
39.824283  111
39.826675  107
39.830820  108
39.835784  97
39.849179  107
39.860201  103
39.870884  102
39.875888  95
39.928525  360
39.930218  410
39.937876  406
39.953182  102
39.961312  156
39.990238  100
39.997035  108
39.998648  106
40.003532  97
40.012341  92
40.016686  414
40.041426  97
40.043379  91
40.048743  81
40.051115  90
40.061598  87
40.073727  86
40.078172  90
40.082597  86
40.084889  338
40.091307  405
40.100496  102
40.102668  90
40.106374  85
40.130372  85
40.155532  70
40.162089  76
40.169820  326
40.195155  62
40.204878  72
40.210022  66
40.216639  65
40.221124  68
40.223536  67
40.227741  67
40.230273  69
40.234578  58
40.244921  65
40.269557  51
40.271350  378
40.317983  62
40.322807  63
40.330483  317
40.332056  364
40.348575  65
40.393151  127
40.399449  78
40.414796  73
40.447083  57
40.460217  65
40.473072  62
40.478233  61
40.492941  54
40.497066  59
40.511433  49
40.526100  353
40.535948  112
40.540413  44
40.546531  50
40.551355  301
40.582248  45
40.592311  55
40.596516  52
40.613297  50
40.617802  40
40.657627  370
40.693400  52
40.719437  61
40.779047  111
40.781180  56
40.785025  50
40.793415  36
40.799992  53
40.820317  47
40.825201  35
40.837197  49
40.856930  48
40.869325  45
40.875722  51
40.946670  44
41.007068  52
41.036512  49
41.068988  45
41.163723  61
41.216412  61
41.236604  54
41.241388  54
41.281092  65
41.296479  74
41.350485  356
41.354550  315
41.364653  61
41.371230  53
41.373043  316
41.377168  57
41.413300  67
41.417605  71
41.421510  83
41.423143  53
41.425535  72
41.434652  94
41.446488  79
41.492251  60
41.500341  69
41.516207  70
41.554622  87
41.558827  82
41.565544  126
41.581311  76
41.585896  83
41.621667  80
41.625992  68
41.638867  92
41.699380  82
41.703845  81
41.705918  86
41.723158  84
41.729416  93
41.757042  96
41.760288  64
41.793015  385
41.802164  61
41.806209  143
41.816032  84
41.830180  82
41.858722  79
41.882680  79
41.895595  86
41.923637  79
41.931987  88
42.001852  391
42.035246  88
42.042202  89
42.080873  95
42.088823  93
42.107365  101
42.118087  100
42.119760  112
42.131782  133
42.144497  105
42.174258  93
42.178263  90
42.184561  93
42.191438  129
42.217548  105
42.219501  104
42.223666  91
42.248961  412
42.275804  119
42.279749  94
42.283454  106
42.320256  103
42.322229  120
42.330619  106
42.334545  131
42.367611  108
42.386584  93
42.390969  93
42.413568  104
42.423543  121
42.431913  100
42.442036  115
42.479082  115
42.485843  116
42.487676  121
42.500471  111
42.508781  121
42.557683  129
42.569763  137
42.589995  130
42.605703  148
42.614193  127
42.636456  125
42.640841  128
42.644627  135
42.657361  132
42.663539  121
42.673790  142
42.684967  129
42.692059  123
42.735299  116
42.759057  128
42.763342  121
42.773285  126
42.775058  137
42.790944  125
42.801327  132
42.816954  134
42.822932  130
42.825324  127
42.835747  145
42.848802  131
42.874919  129
42.885442  131
42.892119  152
42.912465  140
42.922308  138
42.947502  137
42.970946  133
42.983882  138
42.995778  128
42.997471  143
43.007693  140
43.020628  143
43.052534  141
43.061864  165
43.068201  151
43.096870  149
43.103707  170
43.112297  156
43.116083  141
43.135555  138
43.143092  146
43.144745  139
43.151242  160
43.155367  140
43.163557  153
43.166229  146
43.173900  153
43.183389  165
43.194711  146
43.196684  156
43.217149  141
43.221194  158
43.226799  149
43.233716  161
43.248265  147
43.270429  158
43.274454  145
43.283324  152
43.316011  152
43.337076  170
43.348118  154
43.354196  176
43.362266  154
43.379611  161
43.397295  157
43.411348  146
43.418005  179
43.435044  160
43.444925  168
43.460939  163
43.478339  157
43.518623  168
43.522968  165
43.526354  168
43.548798  171
43.553163  181
43.571956  173
43.616230  178
43.625100  176
43.630719  188
43.635683  173
43.645172  212
43.657787  170
43.669783  188
43.674108  190
43.683157  166
43.687442  174
43.691088  195
43.696132  172
43.716792  170
43.728433  202
43.734891  181
43.737024  165
43.750958  184
43.757355  175
43.763414  180
43.767939  184
43.783926  181
43.788351  196
43.814703  179
43.818029  179
43.822134  180
43.823907  204
43.827138  175
43.848710  187
43.870076  192
43.881058  189
43.892480  201
43.909809  183
43.912161  200
43.918578  208
43.923003  205
43.927927  189
43.938409  213
43.949950  191
43.967490  198
43.976680  211
43.989835  208
43.999538  199
44.016122  201
44.066586  207
44.075456  208
44.079541  200
44.109580  209
44.129631  212
44.145272  207
44.154088  207
44.159571  216
44.161324  198
44.165609  208
44.172945  218
44.175038  207
44.189171  219
44.191683  199
44.193856  221
44.230259  206
44.236971  214
44.241735  209
44.266375  207
44.298286  217
44.302671  205
44.313913  203
44.357635  207
44.360187  196
44.362459  199
44.376187  203
44.380731  198
44.383063  193
44.397955  203
44.405171  193
44.416232  192
44.420417  206
44.422769  205
44.430984  205
44.439993  202
44.447089  198
44.453027  204
44.478041  202
44.483684  196
44.494673  186
44.525977  194
44.575747  205
44.585176  209
44.613504  205
44.619402  204
44.687912  202
44.696322  200
44.700806  192
44.739658  212
44.781285  204
44.800189  199
44.844335  199
44.883492  198
44.896459  198
44.922394  205
44.924586  196
44.936007  206
44.940232  207
44.957144  195
44.966133  207
44.973469  210
44.976440  212
44.983636  204
44.987781  205
44.990293  200
44.992545  205
44.996690  210
45.004780  197
45.013249  206
45.021323  197
45.026367  190
45.042547  208
45.056028  207
45.060981  197
45.083028  192
45.108023  199
45.114500  206
45.138635  190
45.140947  185
45.154320  195
45.171223  191
45.188693  177
45.203125  184
45.217765  188
45.224921  196
45.226494  177
45.228806  195
45.234863  193
45.248881  175
45.257171  194
45.261236  181
45.265361  178
45.278255  178
45.280308  170
45.283000  179
45.289497  174
45.295747  179
45.307188  188
45.323618  185
45.325331  179
45.349862  188
45.354207  178
45.374198  168
45.377664  175
45.386393  168
45.389364  173
45.398773  170
45.403877  159
45.418330  169
45.420842  166
45.422994  157
45.427658  163
45.444683  159
45.455812  157
45.460676  157
45.463228  170
45.465800  169
45.467493  168
45.471358  168
45.487060  159
45.489013  169
45.500873  155
45.503305  154
45.505937  165
45.516839  160
45.521683  154
45.541894  157
45.550236  152
45.556713  151
45.558286  145
45.574578  153
45.596841  159
45.599752  158
45.601345  164
45.605630  156
45.627398  149
45.632042  153
45.633675  148
45.637780  154
45.639373  149
45.654200  153
45.670075  140
45.674799  150
45.684043  149
45.694797  147
45.699868  139
45.707328  160
45.711214  160
45.715958  158
45.721876  153
45.745304  159
45.766228  150
45.768800  140
45.773824  147
45.775397  144
45.779282  139
45.785020  143
45.787492  137
45.797008  144
45.799520  138
45.803985  132
45.810483  133
45.813015  127
45.817381  133
45.821626  123
45.833567  121
45.843530  119
45.847934  120
45.849567  118
45.851240  106
45.858396  106
45.867173  117
45.875823  112
45.894844  109
45.900482  104
45.904827  103
45.906580  114
45.911504  111
45.913177  108
45.922073  97
45.923846  102
45.930403  89
45.932655  88
45.935826  99
45.944755  92
45.947223  84
45.973052  73
45.975584  89
45.979649  75
45.984753  73
46.025256  60
46.029961  61
46.035599  69
46.045307  61
46.070820  64
46.086711  70
46.098352  52
46.100085  51
46.102537  60
46.109274  53
46.115572  49
46.126334  31
46.136501  32
46.138254  25
46.146469  36
46.159244  47
46.165402  30
46.179056  42
46.185734  42
46.189839  37
46.200442  29
46.214256  37
46.216329  23
46.227950  16
46.242338  22
46.246863  5
46.251228  15
46.263823  4
46.265995  7
46.270260  0
46.276657  10
46.285447  17
46.292085  0
46.294417  0
46.299022  0
46.308545  0
46.344942  0
46.356723  0
46.370911  0
46.384145  0
46.396010  0
46.410163  0
46.423278  0
46.494383  0
46.538340  0
46.560365  0
46.789482  0
46.917119  9
46.996788  2
47.023077  4
47.035393  0
47.045229  0
47.057624  3
47.071312  1
47.075417  4
47.086879  5
47.093197  14
47.097022  7
47.107505  25
47.114321  12
47.118107  0
47.128469  13
47.139691  15
47.143146  1
47.154567  23
47.190287  13
47.201719  15
47.220212  5
47.233127  12
47.239225  27
47.240918  11
47.245263  12
47.259077  16
47.265155  13
47.271033  5
47.275877  20
47.277590  1
47.331426  15
47.358249  10
47.364767  28
47.373257  27
47.381687  22
47.397733  25
47.406323  20
47.408575  26
47.418498  14
47.429160  19
47.434104  13
47.439962  27
47.446828  30
47.451312  37
47.455597  12
47.468273  15
47.477562  40
47.481807  29
47.495542  34
47.500207  13
47.502220  30
47.508618  21
47.513023  24
47.520883  57
47.545719  28
47.558934  16
47.574681  34
47.585991  25
47.592190  35
47.606244  38
47.607837  49
47.614834  33
47.620652  33
47.622625  29
47.631395  41
47.641678  38
47.644310  22
47.646483  41
47.654695  20
47.675680  35
47.739524  44
47.760115  40
47.767611  45
47.773070  36
47.803384  65
47.817892  46
47.824189  68
47.830666  36
47.832439  64
47.838557  22
47.842262  46
47.846347  48
47.850552  50
47.859960  49
47.867277  87
47.871302  63
47.877220  46
47.883738  90
47.894640  100
47.906555  61
47.908488  60
47.910661  48
47.912773  45
47.921623  68
47.935640  97
47.937653  57
47.957172  46
47.970034  34
47.996563  64
48.005053  62
48.010147  98
48.014412  62
48.016025  64
48.034977  67
48.047771  71
48.052663  41
48.056429  70
48.064959  61
48.114087  61
48.129414  89
48.132980  85
48.145974  62
48.151832  91
48.170678  88
48.172451  58
48.174344  85
48.183614  87
48.203486  93
48.212476  94
48.216821  96
48.227631  103
48.233969  97
48.239527  102
48.250170  100
48.257007  98
48.258640  90
48.269162  100
48.292759  94
48.294532  99
48.312066  105
48.327462  101
48.332386  100
48.338404  106
48.344067  95
48.356763  109
48.384406  96
48.396208  97
48.417000  108
48.446983  111
48.481862  104
48.500062  103
48.507079  71
48.518781  95
48.537881  104
48.616085  96
48.625988  123
48.628200  95
48.642797  103
48.664596  126
48.671593  104
48.685566  132
48.692623  138
48.708818  112
48.710571  109
48.712584  109
48.716709  141
48.718442  114
48.720934  113
48.730617  107
48.734662  125
48.744131  144
48.753540  114
48.773012  145
48.777577  117
48.788799  143
48.790432  141
48.794917  112
48.806179  114
48.834864  121
48.855709  133
48.863919  118
48.865532  136
48.883712  128
48.893161  141
48.894754  143
48.899219  134
48.904323  142
48.915645  130
48.922470  148
48.931320  138
48.942742  141
48.966240  99
48.983640  145
49.027355  148
49.064500  143
49.074284  145
49.076676  139
49.104419  145
49.127321  133
49.136231  146
49.145895  145
49.168998  136
49.173783  146
49.190883  146
49.201246  137
49.207923  151
49.235166  158
49.249853  143
49.262988  153
49.264781  153
49.271357  159
49.324258  157
49.353294  151
49.354927  147
49.381930  153
49.388687  154
49.433844  160
49.438509  158
49.444647  159
49.449472  151
49.453737  155
49.459955  156
49.470917  154
49.472970  158
49.476456  155
49.520142  155
49.545772  160
49.568459  154
49.570492  148
49.577368  158
49.584704  150
49.596925  165
49.599078  150
49.609501  155
49.612093  158
49.614146  153
49.639677  157
49.648546  160
49.668192  189
49.672677  178
49.685073  147
49.691331  163
49.695496  163
49.700141  162
49.705879  165
49.713076  176
49.714909  178
49.721206  188
49.733068  159
49.735081  189
49.745144  187
49.752341  164
49.762411  177
49.764164  203
49.777186  168
49.787869  176
49.801703  203
49.821115  190
49.877348  201
49.879061  154
49.887096  195
49.892934  177
49.898058  161
49.903042  181
49.907327  177
49.919882  206
49.927138  213
49.946670  193
49.955420  207
49.960025  214
49.967916  209
49.977325  178
49.983843  177
49.992573  197
49.998891  204
50.007821  183
50.073795  192
50.103661  195
50.105374  203
50.118889  194
50.123194  213
50.126340  211
50.137142  204
50.139315  223
50.160869  198
50.167087  204
50.171699  210
50.175385  216
50.184893  203
50.194482  210
50.201339  209
50.203032  211
50.218367  206
50.221979  225
50.224072  206
50.239919  223
50.250582  221
50.252755  227
50.263384  205
50.275500  205
50.288235  219
50.292121  216
50.297205  222
50.301829  220
50.326819  215
50.328772  220
50.367777  222
50.401157  220
50.405402  223
50.413572  216
50.418436  221
50.420429  219
50.426307  227
50.428260  226
50.449814  219
50.456372  217
50.461037  227
50.510628  223
50.518084  220
50.522649  223
50.532412  220
50.562525  225
50.592997  228
50.611728  230
50.624327  224
50.642592  224
50.653654  217
50.662511  215
50.664084  226
50.675545  220
50.691272  233
50.732054  227
50.738691  224
50.753089  222
50.761958  228
50.778211  223
50.790970  217
50.805981  222
50.815889  221
50.827051  217
50.829523  218
50.835541  219
50.851466  222
50.885870  216
50.893366  211
50.927451  216
50.931616  217
50.940505  223
50.952425  221
50.955137  215
50.963554  213
50.977847  216
50.984844  220
51.045109  221
51.070904  221
51.145314  229
51.147746  229
51.193969  220
51.223341  218
51.231491  225
51.261969  223
51.267253  222
51.268926  220
51.276302  219
51.297940  221
51.310123  220
51.323702  219
51.334684  229
51.340087  221
51.349276  218
51.351049  214
51.358544  219
51.378200  222
51.390619  221
51.401321  225
51.403973  225
51.407259  219
51.417506  217
51.465882  218
51.484368  224
51.487040  222
51.489272  219
51.537741  219
51.541706  218
51.544917  223
51.549881  219
51.552313  217
51.553986  212
51.562283  216
51.570677  217
51.575369  221
51.584685  216
51.588990  214
51.591382  213
51.600151  217
51.641462  220
51.669141  215
51.684915  212
51.692011  216
51.693744  213
51.696036  215
51.698548  214
51.701080  213
51.707877  209
51.723843  205
51.729786  210
51.731579  209
51.737661  211
51.744597  207
51.751354  207
51.789768  210
51.792420  211
51.795032  210
51.799057  209
51.811436  214
51.813229  213
51.816160  215
51.839622  207
51.842828  206
51.844701  210
51.847432  206
51.855862  205
51.858514  205
51.863278  208
51.894209  214
51.900786  206
51.906449  212
51.908741  207
51.911313  211
51.920996  211
51.923328  210
51.929306  205
51.973146  203
51.981076  197
51.988102  197
51.991173  195
51.992786  196
51.995757  196
51.997450  196
52.004893  198
52.009457  200
52.012169  200
52.030527  197
52.036445  195
52.039416  197
52.043581  199
52.045274  195
52.049199  193
52.051451  194
52.056695  191
52.062477  193
52.064350  192
52.066622  194
52.068275  189
52.071506  190
52.077923  185
52.081453  185
52.083266  184
52.087591  184
52.120302  179
52.145437  172
52.147589  176
52.150261  162
52.154126  157
52.156678  151
52.159070  154
52.161662  148
52.164054  150
52.182906  154
52.185418  154
52.187790  154
52.194946  154
52.229199  152
52.234003  153
52.238648  149
52.241180  151
52.248037  155
52.251552  155
52.253405  151
52.255058  149
52.257250  151
52.261495  151
52.264526  150
52.272373  154
52.277038  144
52.283455  142
52.285108  141
52.288239  142
52.292553  148
52.299170  140
52.300763  138
52.303155  139
52.309605  143
52.313810  141
52.325410  139
52.327283  138
52.332946  136
52.345415  135
52.351792  116
52.373877  110
52.394383  119
52.398328  115
52.400820  114
52.405984  113
52.408596  111
52.410948  113
52.413260  113
52.414953  112
52.420616  113
52.424441  112
52.427592  111
52.429265  111
52.431697  111
52.439113  105
52.446669  106
52.448981  103
52.451094  103
52.457771  114
52.462890  103
52.468373  100
52.469966  101
52.472558  101
52.474970  99
52.489302  98
52.510867  91
52.521630  101
52.531113  93
52.535937  86
52.538229  91
52.551083  93
52.556007  88
52.558439  90
52.561131  86
52.571913  84
52.574405  84
52.576378  85
52.578131  83
52.581821  77
52.583454  77
52.605218  71
52.616180  76
52.620545  74
52.623851  68
52.627042  68
52.629115  67
52.630788  68
52.634733  64
52.637999  64
52.646255  65
52.648028  64
52.649621  62
52.651274  62
52.653946  61
52.656258  49
52.662455  50
52.677616  48
52.679728  48
52.682260  48
52.690690  45
52.694915  45
52.728782  33
52.738610  29
52.741242  26
52.743155  25
52.749453  26
52.755970  28
52.758622  26
52.767452  19
52.771497  13
52.781660  15
52.788037  12
52.789610  11
52.791862  13
52.828069  16
52.846422  7
52.862930  13
52.867674  5
52.879950  0
52.881843  1
52.885628  0
52.907872  0
52.913630  0
52.918734  0
52.925751  0
52.931769  0
52.938486  0
52.949109  0
52.968861  0
53.018416  0
53.020589  0
53.041534  0
53.067325  0
53.111934  0
53.139176  0
53.482993  0
53.512908  4
53.535092  10
53.562903  17
53.638884  8
53.647394  12
53.655285  13
53.723267  11
53.756728  2
53.761293  14
53.767491  5
53.783298  19
53.791908  1
53.805622  14
53.810307  22
53.812140  16
53.819217  20
53.823422  23
53.826014  10
53.843653  18
53.853516  22
53.876173  27
53.880358  18
53.897018  19
53.905728  56
53.938854  7
53.948898  19
53.955615  0
53.960554  29
53.976287  35
53.980592  21
53.987049  28
53.997831  36
54.006262  49
54.020510  14
54.026528  22
54.031033  43
54.034479  27
54.081527  41
54.086032  6
54.104166  31
54.108371  46
54.117140  49
54.140767  61
54.144852  19
54.160799  46
54.164465  56
54.178979  57
54.184617  60
54.190295  38
54.195119  80
54.196912  54
54.213992  47
54.233125  69
54.243168  60
54.248092  69
54.252636  67
54.263226  59
54.276680  63
54.280765  85
54.291967  32
54.319548  40
54.321501  36
54.326980  63
54.355028  76
54.361665  77
54.368582  75
54.383230  82
54.397838  43
54.404695  59
54.410973  91
54.416432  63
54.427378  53
54.449423  10
54.455101  77
54.461858  58
54.474573  68
54.490813  101
54.492426  72
54.496771  71
54.503089  86
54.505441  55
54.523481  85
54.527147  81
54.549552  85
54.551225  89
54.557183  88
54.559196  93
54.568585  89
54.574144  97
54.594055  96
54.597086  52
54.615766  70
54.630800  99
54.654305  94
54.687835  69
54.695191  88
54.720742  65
54.724947  98
54.748763  106
54.755080  103
54.794667  106
54.807922  95
54.825880  98
54.828053  94
54.875569  92
54.888544  92
54.912961  110
54.950666  104
54.968786  116
54.977116  123
55.005257  105
55.011482  106
55.015887  82
55.029581  93
55.035419  118
55.044429  121
55.053539  113
55.055971  139
55.071378  113
55.095256  143
55.104126  114
55.115188  98
55.130502  112
55.149935  133
55.156860  119
55.166620  90
55.177204  123
55.185484  118
55.200910  129
55.213645  126
55.223728  133
55.231918  134
55.238356  118
55.243061  126
55.247086  120
55.264446  134
55.297432  138
55.306442  131
55.341123  131
55.343235  139
55.358023  134
55.389397  135
55.405238  140
55.414108  138
55.416560  159
55.430414  146
55.441205  142
55.445370  159
55.447063  142
55.449854  149
55.466495  155
55.474026  136
55.489452  144
55.506779  157
55.522326  139
55.535341  140
55.544200  148
55.550125  169
55.552657  132
55.569457  138
55.605769  143
55.612286  158
55.622829  159
55.627174  163
55.630380  166
55.639988  143
55.649612  161
55.674715  161
55.678800  167
55.691911  149
55.698009  136
55.711523  168
55.718241  143
55.722206  166
55.730456  150
55.770603  173
55.802216  159
55.804209  153
55.806362  152
55.810527  172
55.812160  155
55.826508  177
55.828840  157
55.840476  160
55.858494  173
55.871616  168
55.880905  176
55.897446  178
55.911674  173
55.917512  161
55.928753  138
55.934910  169
55.942881  158
55.952011  178
55.962554  182
55.968077  173
55.977746  190
55.984064  146
55.985717  183
55.992794  176
56.013446  183
56.019844  194
56.028174  165
56.039037  169
56.052711  161
56.076409  186
56.082866  171
56.103964  181
56.127222  190
56.133300  192
56.155763  192
56.159469  198
56.174125  170
56.187847  198
56.190020  173
56.194665  177
56.205227  206
56.213517  176
56.227091  181
56.245670  195
56.260078  186
56.265037  191
56.296972  194
56.304328  183
56.308473  186
56.311939  189
56.321308  186
56.323201  199
56.334787  198
56.360162  211
56.364874  193
56.373584  210
56.384027  212
56.389925  191
56.401446  215
56.403619  197
56.410676  195
56.415101  222
56.427264  202
56.434581  182
56.439785  208
56.442377  184
56.453279  199
56.467497  215
56.479485  197
56.485403  219
56.494452  216
56.514285  190
56.525067  226
56.532778  229
56.549084  186
56.553529  202
56.576007  211
56.593866  205
56.597811  197
56.612340  214
56.620250  231
56.638309  212
56.646379  221
56.654130  214
56.667704  232
56.678965  196
56.694626  204
56.699270  224
56.703455  210
56.723148  209
56.733591  230
56.737377  211
56.741682  204
56.766378  218
56.805002  221
56.818118  231
56.819931  223
56.826528  211
56.844168  231
56.846880  239
56.875570  224
56.883840  195
56.887486  226
56.897788  233
56.905279  232
56.914575  223
56.918161  225
56.922326  224
56.936001  227
56.940327  228
56.946864  244
56.951109  231
56.953761  227
56.959619  212
56.963804  234
56.980605  233
56.998654  237
57.000787  223
57.020906  252
57.022519  246
57.032088  256
57.040418  232
57.053593  238
57.064655  257
57.076895  242
57.132934  228
57.160581  236
57.176887  236
57.185058  245
57.191076  244
57.211174  251
57.236904  237
57.243661  241
57.249539  248
57.253864  228
57.259802  254
57.277895  242
57.283119  233
57.327640  243
57.349105  252
57.355722  249
57.374955  235
57.376808  236
57.391635  259
57.406543  266
57.409889  262
57.411462  246
57.420391  239
57.422843  253
57.430019  264
57.447178  258
57.451323  273
57.464186  246
57.472496  268
57.474149  250
57.480946  253
57.489675  265
57.495253  239
57.499997  259
57.521229  258
57.540815  256
57.542388  259
57.555597  255
57.559502  253
57.573315  249
57.581565  249
57.601640  253
57.625977  253
57.639160  259
57.668455  255
57.707640  265
57.811046  257
57.825609  271
57.830361  246
57.845188  258
57.918511  254
57.929980  262
57.960398  261
57.980146  272
57.989814  272
58.009586  248
58.018020  275
58.025571  276
58.043718  276
58.046430  274
58.051572  281
58.055897  259
58.065846  276
58.068917  251
58.082091  295
58.095145  254
58.113064  258
58.123726  294
58.128450  297
58.135367  291
58.143817  305
58.150397  261
58.168915  287
58.176371  276
58.181195  306
58.182928  292
58.194909  288
58.196862  261
58.225766  267
58.241345  272
58.246489  269
58.254839  278
58.268672  281
58.278218  295
58.285315  276
58.307091  291
58.320605  294
58.334862  291
58.354792  286
58.369385  278
58.371797  295
58.376342  297
58.381007  290
58.385691  287
58.393035  290
58.395667  295
58.402503  297
58.415877  290
58.420981  299
58.425865  280
58.431129  281
58.463436  295
58.469593  290
58.485685  290
58.491507  287
58.503747  295
58.505979  290
58.508531  292
58.511442  287
58.526677  297
58.557754  296
58.560286  289
58.565071  284
58.568777  275
58.575234  286
58.589762  288
58.604781  293
58.607233  286
58.610688  285
58.617764  286
58.627652  293
58.709868  282
58.722508  293
58.726393  280
58.738553  279
58.741364  288
58.743856  288
58.762873  282
58.803287  284
58.811337  286
58.842287  284
58.860585  282
58.863197  281
58.865629  279
58.875177  281
58.890064  285
58.891657  285
58.903372  276
58.916698  271
58.923954  264
58.928758  269
58.943251  273
58.946222  273
58.949668  272
58.952779  271
58.969923  276
58.972435  264
59.007284  273
59.013662  261
59.028913  266
59.032698  266
59.036983  265
59.044579  270
59.046831  265
59.049403  266
59.051396  272
59.058017  269
59.070897  271
59.082298  266
59.084590  260
59.088775  264
59.090448  262
59.100975  272
59.112076  266
59.113649  268
59.115342  255
59.131927  267
59.144374  269
59.153763  265
59.156375  266
59.162273  268
59.166977  268
59.179097  265
59.188546  261
59.194464  261
59.211895  268
59.239667  270
59.243592  267
59.248596  262
59.258064  261
59.264941  261
59.270958  260
59.276202  255
59.278315  266
59.280927  267
59.283299  266
59.287504  253
59.290176  265
59.297393  258
59.299505  256
59.301458  255
59.322567  241
59.335566  247
59.343616  251
59.355996  242
59.361734  237
59.371901  238
59.373614  235
59.399766  239
59.416491  234
59.425660  228
59.430844  226
59.438680  232
59.451535  231
59.454766  231
59.473154  231
59.480750  225
59.509790  231
59.530580  225
59.535883  229
59.542540  227
59.544153  229
59.545986  223
59.550810  228
59.554520  232
59.556173  231
59.557966  222
59.560418  219
59.565701  222
59.574811  223
59.579555  220
59.583600  216
59.585852  221
59.592989  221
59.595341  218
59.597873  217
59.607442  223
59.614786  212
59.626707  225
59.631631  225
59.636435  221
59.638088  221
59.639821  214
59.642013  211
59.646857  216
59.649329  215
59.655147  212
59.656860  214
59.666348  200
59.670753  209
59.680111  211
59.696803  214
59.721818  213
59.731607  206
59.737665  202
59.747013  177
59.750379  189
59.755407  175
59.781608  181
59.785713  179
59.793609  181
59.798313  181
59.800865  187
59.810433  178
59.814838  177
59.818049  173
59.820281  172
59.822933  171
59.824766  172
59.829765  168
59.843299  173
59.857252  170
59.863390  157
59.867894  156
59.870086  166
59.883441  154
59.888245  152
59.890837  152
59.898468  150
59.900421  147
59.928522  118
59.930375  112
59.935159  118
59.937851  122
59.939664  117
59.941856  118
59.948573  121
59.953951  111
59.960408  115
59.973662  117
59.975515  109
59.979540  117
59.994636  117
59.996249  118
