# t(s) W_ledbat(bytes)
10.036652  65535
10.162762  65535
10.376450  65535
10.519281  65525
10.521793  65520
10.531826  65510
10.535991  65505
10.538543  65495
10.541035  65525
10.545380  65504
10.547812  65490
10.549665  65470
10.552217  65487
10.556343  65453
10.558475  65427
10.560128  65375
10.561921  65349
10.567025  65296
10.576075  65460
10.578248  65440
10.580360  65426
10.582273  65270
10.583966  65398
10.587261  65217
10.589374  65191
10.595161  65136
10.599386  65384
10.601898  65352
10.604590  65109
10.608575  65054
10.611187  65027
10.617016  64972
10.619668  65336
10.621481  64945
10.623394  64890
10.628086  65304
10.630338  65288
10.632031  64863
10.636196  65255
10.640641  65239
10.642734  65191
10.644866  64808
10.646899  65167
10.649611  65119
10.652083  64781
10.657947  64726
10.660099  65090
10.662112  65031
10.666157  64699
10.668130  65535
10.670682  65002
10.672715  64934
10.679192  64644
10.681764  64617
10.683797  64562
10.685909  64900
10.694520  64831
10.703829  64797
10.705882  64728
10.715511  64694
10.718877  64535
10.720970  64480
10.723402  64453
10.729660  64398
10.734305  64625
10.736837  64590
10.747527  64371
10.749540  64520
10.753645  64316
10.759009  64484
10.761022  64411
10.765387  64279
10.767180  64375
10.769073  64189
10.771245  64290
10.773617  64248
10.777922  64163
10.780314  64144
10.782047  64036
10.784379  63963
10.788085  64115
10.790098  63816
10.798847  63743
10.800840  63596
10.803092  63521
10.805125  64019
10.809150  63370
10.811522  63295
10.813635  63144
10.820439  63971
10.824345  63860
10.829309  63068
10.833075  62916
10.838039  62840
10.840012  62688
10.842364  63805
10.843977  63694
10.850814  63638
10.854420  62611
10.858445  62456
10.860577  62379
10.862710  62224
10.865262  62146
10.867295  61990
10.869847  61912
10.871440  61755
10.873772  63526
10.876364  61677
10.878137  63470
10.881843  61520
10.884175  63357
10.886607  61441
10.888500  61275
10.893144  63301
10.899642  61192
10.901495  61025
10.910392  63188
10.913044  63125
10.914917  60942
10.921622  62998
10.924014  62934
10.927800  60775
10.930412  62795
10.932944  62726
10.937129  62587
10.939261  60686
10.942787  62510
10.952531  60508
10.954344  60419
10.959188  62356
10.962259  62279
10.966484  60236
10.968696  62117
10.971068  62036
10.974974  65535
10.977226  60145
10.979059  59961
10.982924  61873
10.985356  59869
10.987429  59684
10.989661  59592
10.993766  59386
10.996078  59283
10.998031  59076
11.005028  58967
11.013298  58747
11.015670  58637
11.019476  58410
11.022128  58296
11.027886  61791
11.030079  58068
11.034564  57953
11.036517  61627
11.039129  61545
11.041102  61381
11.043554  57721
11.048598  57605
11.050431  57372
11.052643  61299
11.054256  57255
11.056069  61134
11.060534  61045
11.062327  60865
11.064719  57021
11.067391  60775
11.069324  56904
11.071397  60575
11.073929  56668
11.076621  56550
11.078534  60475
11.080647  65523
11.082879  56308
11.085051  60274
11.087683  56186
11.089876  60173
11.091649  59971
11.094301  59870
11.096034  55942
11.098366  55819
11.100019  59659
11.102651  65517
11.104264  65505
11.106696  59554
11.108609  55571
11.111081  55447
11.113174  65492
11.114927  65465
11.117379  55190
11.120071  65452
11.128153  55061
11.130046  65416
11.132618  59342
11.137662  65398
11.139315  54802
11.141687  59234
11.143580  65362
11.146012  54671
11.147805  59018
11.150277  58910
11.152350  65303
11.154143  58686
11.156735  65185
11.159187  58574
11.161220  65126
11.163233  58349
11.165705  54409
11.168177  58236
11.169970  65006
11.172362  54277
11.174255  58009
11.176787  57895
11.178880  64946
11.180653  64825
11.183125  57659
11.185257  54013
11.187090  53880
11.189722  64764
11.191675  53614
11.194047  53478
11.195660  57541
11.197813  64642
11.200145  53205
11.202717  57303
11.205429  57184
11.207622  64581
11.209495  56945
11.216560  53068
11.218453  56825
11.222698  52787
11.224511  64456
11.229375  64394
11.231508  56584
11.234200  52646
11.236153  52363
11.238525  56463
11.243370  64269
11.245922  56221
11.248634  64206
11.250667  52218
11.254373  64080
11.256625  64017
11.258238  56100
11.259811  55856
11.261544  55734
11.264216  51927
11.265889  51781
11.269644  55483
11.274238  51488
11.276630  55357
11.279836  51341
11.281409  51045
11.284200  55105
11.286173  50888
11.289384  50573
11.291157  54973
11.293928  50415
11.295661  50093
11.298113  49931
11.300226  49606
11.302558  54708
11.304710  49440
11.306803  63880
11.309455  54575
11.313581  49107
11.315713  63812
11.317886  54296
11.326003  48940
11.327776  54156
11.331013  53875
11.333365  48604
11.335637  53734
11.337630  48435
11.339823  63675
11.342495  65511
11.344767  53450
11.347279  48095
11.349611  63602
11.351284  53308
11.354890  65499
11.359655  47924
11.361608  65475
11.364320  63455
11.366432  47580
11.368764  53022
11.371136  47407
11.373129  52879
11.375182  47059
11.377334  63382
11.380720  52591
11.383232  65457
11.384945  46884
11.389690  46532
11.392242  46346
11.394275  52444
11.396028  65421
11.398440  63224
11.400972  45972
11.402685  63145
11.405357  45784
11.406950  52149
11.409642  65403
11.411735  62987
11.413847  45389
11.416419  45190
11.418232  52001
11.420145  44790
11.424010  51703
11.426602  65352
11.431426  44588
11.433599  65327
11.435232  51553
11.436885  44183
11.439197  43979
11.443103  43558
11.445595  62892
11.447608  65276
11.450080  43346
11.452173  42919
11.454745  51253
11.459789  51100
11.463275  62700
11.465747  42702
11.470232  42265
11.472784  50794
11.477029  42044
11.478842  41587
11.481434  62604
11.483387  50640
11.485300  41356
11.487073  40891
11.494317  50319
11.500914  40653
11.503107  62396
11.505519  50158
11.507592  40173
11.509784  49834
11.512076  62292
11.514249  49669
11.516142  62083
11.518474  61974
11.520667  49338
11.522819  61755
11.524412  39930
11.525985  49172
11.527658  61646
11.529371  39421
11.532282  39164
11.534155  48817
11.536487  38645
11.538220  38381
11.540912  37848
11.543064  48638
11.545257  48279
11.547649  37578
11.549582  61452
11.551994  48087
11.554087  37029
11.556739  36751
11.558792  61355
11.560925  36190
11.564681  61160
11.567213  35906
11.569006  35333
11.571278  35042
11.573131  34463
11.575603  34169
11.577776  47701
11.580488  33576
11.582600  47507
11.584373  33274
11.586126  47107
11.588478  61062
11.590411  46906
11.592264  60866
11.594736  32665
11.597188  60768
11.598761  60571
11.601393  46501
11.603665  60472
11.605618  32355
11.607251  31728
11.612103  46297
11.613736  45887
11.615968  65245
11.618021  31409
11.619874  45680
11.621467  30763
11.623779  60274
11.625951  30434
11.627744  60175
11.629337  45263
11.631969  59976
11.634661  45053
11.636494  29768
11.639206  65182
11.641458  44630
11.643111  59876
11.647123  29428
11.649256  65151
11.651129  65079
11.653801  28735
11.656193  44417
11.658086  65043
11.659699  64971
11.662131  28380
11.663804  59665
11.666296  43988
11.668628  43772
11.670821  27661
11.673413  59560
11.674986  59348
11.677378  43337
11.679870  59242
11.681523  27279
11.683476  59029
11.685708  43117
11.687441  26505
11.689693  26107
11.691706  58922
11.693739  42675
11.695851  25275
11.698223  58699
11.700495  42446
11.702268  58587
11.704001  41985
11.706333  24846
11.708126  23972
11.710518  58362
11.712910  41752
11.714923  58241
11.716696  23508
11.718849  41271
11.721141  22561
11.723253  22068
11.725426  57998
11.727578  57876
11.729771  21019
11.731963  20468
11.733836  41028
11.735409  40539
11.737901  40284
11.739934  19336
11.742386  39770
11.744898  18733
11.746911  17488
11.749243  39510
11.750996  38971
11.753268  16821
11.755401  15414
11.757593  14646
11.759706  13030
11.762058  12112
11.764151  10137
11.766683  8957
11.768256  6323
11.770368  38698
11.772021  4458
11.774214  2920
11.776606  38148
11.778858  37866
11.784676  37298
11.787248  37010
11.791214  36418
11.796238  57630
11.797891  57507
11.800203  36117
11.806681  35510
11.809393  57259
11.817643  35202
11.819636  34579
11.822048  64927
11.824101  34262
11.828546  33622
11.830878  64839
11.833310  64795
11.839808  33296
11.841421  57133
11.843174  56880
11.849991  32637
11.852483  32301
11.856289  56753
11.858282  31622
11.862986  64657
11.867531  64588
11.869524  31276
11.871497  64449
11.874109  30549
11.879213  56493
11.881625  30177
11.885291  29424
11.890015  56363
11.891728  56102
11.893940  29037
11.898086  55947
11.899959  55635
11.902311  28251
11.906796  55479
11.910641  27847
11.912774  27008
11.915486  26576
11.919312  25697
11.928401  25232
11.929994  24284
11.932166  23792
11.935552  64372
11.937165  22785
11.939797  22259
11.944442  64217
11.946894  21182
11.953579  20617
11.955732  19455
11.958264  64140
11.966674  18839
11.976497  17567
11.979009  16885
11.982954  55151
11.991164  15466
11.993416  14691
11.995409  13060
12.002206  12143
12.004339  63929
12.006931  54986
12.011596  54655
12.014308  63823
12.017794  10162
12.020146  63611
12.025110  8979
12.028556  6300
12.031188  4347
12.033241  2920
12.037466  54481
12.046136  63498
12.048109  54132
12.052594  53957
12.058292  63271
12.060824  63157
12.075132  62905
12.082748  53599
12.087313  53419
12.089146  53057
12.095943  62779
12.100668  62526
12.103180  62390
12.104953  62117
12.111671  61980
12.113344  52862
12.125707  52470
12.141074  52273
12.149265  61692
12.159154  61548
12.173422  65476
12.178087  65357
12.180439  61258
12.194052  65298
12.224008  65139
12.235337  51859
12.237929  65060
12.243727  64901
12.245999  51650
12.247772  51231
12.250104  64821
12.254150  51020
12.263440  50595
12.274330  50381
12.280388  64661
12.282061  49951
12.285212  64581
12.289277  64420
12.296254  49728
12.308930  49279
12.311622  64340
12.320112  49053
12.322205  64155
12.326650  48598
12.331354  64062
12.333127  63876
12.335719  48368
12.339265  47906
12.345742  47666
12.349727  47182
12.352319  46938
12.360750  46419
12.365634  46157
12.369560  45629
12.372252  45362
12.374345  61111
12.378810  44825
12.381122  60817
12.385177  44553
12.387789  44006
12.392114  60669
12.393987  60373
12.396539  43729
12.398572  43172
12.405829  60224
12.407942  42890
12.412547  42322
12.415239  59925
12.417671  59775
12.424009  42034
12.425722  59474
12.428354  41454
12.430886  59317
12.436924  59002
12.439596  58844
12.451452  41160
12.453585  40568
12.458249  40268
12.460342  39651
12.462974  39338
12.464987  38707
12.468912  38388
12.470565  37744
12.472857  37417
12.474510  36756
12.477122  36420
12.479195  35744
12.484059  35400
12.488125  34704
12.498727  34349
12.503212  33632
12.508790  33266
12.513135  32592
12.520871  32248
12.529760  31552
12.538577  58537
12.541269  58383
12.546957  31197
12.548570  58074
12.560012  30478
12.562304  30110
12.567572  29365
12.569645  28983
12.571338  28209
12.578395  57919
12.586785  27818
12.599227  27025
12.601339  57607
12.604051  26617
12.614434  57450
12.617146  25788
12.621311  57136
12.623483  25361
12.627648  24491
12.630240  56978
12.632193  56661
12.636258  24041
12.637951  23123
12.648593  22646
12.669139  56502
12.673224  56182
12.675716  56021
12.687692  63793
12.691957  63626
12.693670  63543
12.695243  21672
12.701999  21163
12.706125  20121
12.713182  55698
12.720039  55536
12.721632  19570
12.727370  55211
12.734187  55048
12.735980  18436
12.740904  54720
12.743476  17834
12.749394  54555
12.759897  16590
12.762549  15921
12.766455  54225
12.769107  14527
12.774151  63380
12.776423  54059
12.780549  63299
12.784894  63136
12.791771  53726
12.796136  53558
12.800141  53221
12.809111  53052
12.810724  13763
12.812637  63054
12.814710  12151
12.821307  11238
12.823080  62890
12.830117  9263
12.837214  62808
12.839227  8065
12.843732  5313
12.846324  52712
12.849036  52541
12.850669  52198
12.852881  52026
12.854494  51679
12.856886  51505
12.858619  3221
12.860772  2920
12.864637  51148
12.866330  50969
12.868083  50609
12.870495  62645
12.873646  62563
12.875419  62399
12.878450  62319
12.880063  50434
12.882076  62157
12.884308  50083
12.886520  49907
12.892738  62076
12.909159  61924
12.910952  61848
12.919861  61695
12.930683  61619
12.932516  61466
12.939513  61389
12.958986  61239
12.989221  61164
12.991134  61014
12.995119  60939
12.996832  60788
12.999923  60713
13.001856  60562
13.006281  60486
13.010366  60334
13.014671  60258
13.016764  60106
13.031480  60030
13.040170  49587
13.041743  49426
13.048960  49103
13.055017  48941
13.063408  48615
13.067433  48451
13.084213  48122
13.086445  47956
13.088038  47623
13.099160  47456
13.101093  47120
13.103245  46951
13.111875  46608
13.120965  46436
13.129296  46090
13.205386  45913
13.210390  45558
13.212922  45379
13.216868  45020
13.223725  44839
13.231636  44476
13.260547  44296
13.286785  43935
13.289477  43753
13.299480  43387
13.312782  43203
13.314455  42833
13.327070  42646
13.328763  42271
13.333647  42082
13.352920  41702
13.355132  41510
13.357245  59958
13.361370  59814
13.363842  41124
13.370359  59742
13.372012  40930
13.374145  40540
13.376817  40343
13.378810  39955
13.381302  39759
13.384719  39365
13.387051  39169
13.388724  38774
13.391096  38575
13.392689  38196
13.395301  38005
13.396994  37621
13.399686  59626
13.401978  59568
13.404131  59452
13.406483  59395
13.408256  59281
13.410468  59224
13.412561  37430
13.414174  37045
13.416726  36851
13.418399  36465
13.420831  59127
13.423363  36270
13.426969  59079
13.428842  58982
13.438351  35878
13.440963  35693
13.442856  35322
13.447328  35135
13.449141  34758
13.451553  58939
13.453206  58853
13.455738  34568
13.457411  58810
13.459364  34184
13.461636  58724
13.466001  58681
13.467674  33990
13.476104  58595
13.478336  33600
13.480788  58552
13.484374  33403
13.486307  58466
13.488859  33006
13.494043  58423
13.495916  32805
13.497709  32401
13.502174  58337
13.504346  32194
13.516722  58294
13.518595  31777
13.521027  31566
13.526391  58207
13.528823  58162
13.530696  31120
13.533188  58072
13.535740  58027
13.537873  30894
13.541679  30439
13.546603  57931
13.553540  57883
13.555693  57787
13.564382  57739
13.566055  57643
13.570347  57595
13.587908  57496
13.594752  57447
13.598318  57348
13.609600  57299
13.613725  30236
13.617371  29827
13.621066  57200
13.627363  29620
13.628996  57151
13.631268  57052
13.632961  29202
13.635932  28990
13.637825  57002
13.639458  28563
13.641770  56902
13.644242  28347
13.645975  27910
13.647608  56852
13.649880  27689
13.651973  56752
13.654365  56702
13.656438  56589
13.659110  56533
13.663096  27242
13.667680  56420
13.669932  27015
13.671845  26557
13.674437  26320
13.676630  25842
13.679082  25599
13.682508  25107
13.684900  24857
13.689305  24351
13.691897  24093
13.696043  23571
13.709337  23304
13.711250  22760
13.715435  22482
13.717028  21918
13.739192  21679
13.740765  21196
13.743157  20949
13.749055  20449
13.753659  56398
13.755632  20193
13.757765  56353
13.760317  19674
13.762729  19408
13.764422  18868
13.766794  18591
13.794497  18075
13.798582  17810
13.804900  17272
13.818015  16995
13.819948  16431
13.826685  16139
13.837128  15545
13.839360  15237
13.843705  14608
13.846357  14280
13.852875  13608
13.865341  13256
13.880456  12501
13.882628  12101
13.890479  56331
13.892392  56286
13.897356  56264
13.901202  11273
13.903574  10829
13.905387  9904
13.907959  9399
13.914177  8333
13.916789  7732
13.918442  6436
13.921154  5625
13.923287  3769
13.925499  2920
13.931457  56219
13.940486  56197
13.944012  56152
13.946364  56130
13.952502  56085
13.955857  56063
13.958469  56012
13.962634  55987
13.975100  55936
13.987395  55910
13.989268  55857
13.995885  55831
14.000610  55770
14.002942  55740
14.004535  55679
14.013272  55646
14.021763  55579
14.030952  55546
14.039422  55471
14.043987  55434
14.055863  55359
14.071258  55322
14.072991  55247
14.081880  55210
14.083953  55135
14.087838  55098
14.091983  55023
14.096887  54979
14.098460  54890
14.105337  54845
14.117099  54745
14.121903  54695
14.125689  54595
14.130374  54545
14.136759  54445
14.150113  54395
14.156351  54294
14.163188  54244
14.168626  54143
14.171118  54093
14.210771  53992
14.231686  53942
14.233539  53836
14.241215  53783
14.246954  53677
14.249306  53619
14.255364  53502
14.257696  53444
14.285699  53322
14.287971  53261
14.294229  53138
14.298254  53059
14.308737  52899
14.318565  52819
14.324303  52659
14.333812  52579
14.335425  52418
14.341702  52331
14.344394  52157
14.354397  52070
14.360954  51895
14.372060  51808
14.376984  51632
14.388426  51538
14.402814  51348
14.409491  51253
14.413357  51056
14.420314  50958
14.429144  50760
14.458005  50661
14.463963  50461
14.465696  50361
14.616754  50160
14.626502  50059
14.628615  49857
14.635852  49756
14.638045  49553
14.640657  49451
14.642310  49249
14.644742  49148
14.646675  48945
14.648867  48844
14.650600  48641
14.653312  48539
14.661950  48335
14.664562  48233
14.666275  48027
14.668407  47925
14.670100  47721
14.672552  47619
14.678890  47417
14.681382  47316
14.683155  47113
14.687420  47012
14.689513  46809
14.696370  46707
14.700395  46503
14.705100  46401
14.711238  46196
14.717995  46093
14.722440  45886
14.725032  45782
14.731210  45574
14.747552  45470
14.751378  45260
14.754090  45153
14.756163  44937
14.760228  44829
14.762560  44614
14.764593  44506
14.767804  44289
14.774601  44180
14.776554  43961
14.779106  43851
14.780959  43632
14.783371  43522
14.787097  43301
14.792735  43190
14.795367  42967
14.799492  42855
14.804197  42633
14.811234  42521
14.823110  42297
14.826341  42185
14.830267  41959
14.835151  41846
14.836884  41618
14.843081  41504
14.849559  41274
14.854183  41159
14.860261  40927
14.864386  40811
14.866199  40566
14.875468  40443
14.886412  40196
14.906904  40073
14.910829  39826
14.913541  39702
14.915194  39467
14.921791  39349
14.925817  39112
14.932993  38993
14.936959  38754
14.940844  38634
14.948734  38393
14.955191  38272
14.957064  38028
14.962208  37908
14.964101  37668
14.971278  37547
14.973451  37304
14.975783  37182
14.979129  36937
14.984133  36814
14.987739  36568
14.990351  36444
15.003426  36195
15.005039  36070
15.007411  35818
15.010083  35692
15.018254  35439
15.023078  35312
15.026864  35056
15.029176  34927
15.035555  34668
15.042391  34538
15.044164  34277
15.048469  34146
15.054587  33882
15.056759  33749
15.063417  33481
15.072447  33350
15.076772  33086
15.088441  32953
15.092067  32685
15.094739  32550
15.100477  32279
15.111819  32143
15.130079  31869
15.137336  31731
15.145247  31453
15.160378  31313
15.170526  31031
15.338171  30883
15.353419  30585
15.355551  30435
15.378773  30128
15.384316  29973
15.386469  29662
15.396058  29505
15.402017  29189
15.409393  29029
15.411206  28649
15.413758  28457
15.415631  28070
15.424660  27853
15.426513  27415
15.428845  27193
15.430598  26732
15.432990  26498
15.437375  26025
15.452702  25775
15.454635  25270
15.468109  25013
15.470142  24478
15.472674  24205
15.476899  23652
15.481444  23367
15.489395  22790
15.500077  22495
15.501830  21875
15.504182  21557
15.506255  20910
15.510180  20564
15.513506  19859
15.519983  19494
15.522355  18735
15.526640  18341
15.530605  17535
15.533197  17099
15.535310  16204
15.537622  15732
15.539635  14749
15.543600  14225
15.548145  13138
15.550477  12548
15.554982  11312
15.569930  10627
15.576088  9167
15.581926  8321
15.591635  6457
15.593927  5256
15.595840  2920
21.168434  3202
21.187769  3644
21.196024  4804
21.201592  5244
21.420210  2920
21.420210  3202
21.425154  5647
21.429559  6395
21.458047  6725
21.464105  7353
21.660789  7626
21.680045  2920
21.680045  3202
21.683970  8152
21.709356  8390
21.724013  8853
21.858684  9091
21.862769  3849
21.864482  4925
21.867114  5345
21.869087  6120
21.871299  9556
21.873671  9777
21.875564  6458
21.877357  7099
21.879649  2948
21.882061  2962
21.883654  3133
21.886166  3213
21.888019  3397
21.890151  10209
21.891764  3484
21.893357  10416
21.920604  2934
21.928521  2962
21.967976  7396
21.970188  7967
21.971941  8232
21.973574  8745
21.975427  8986
21.977839  10821
21.979432  11016
21.981584  9456
21.984715  9679
21.986368  4442
21.988780  4817
21.990453  5510
21.993005  5813
21.994798  6387
21.997110  6648
21.999263  11399
22.001735  11584
22.003628  3043
22.005221  3279
22.007333  3388
22.014230  3600
22.022026  2997
22.023859  3067
22.028843  3101
22.035620  3169
22.048240  3202
22.050293  3268
22.052645  3300
22.101288  10115
22.106172  10324
22.110577  11949
22.115601  12125
22.119966  10733
22.122178  7150
22.126483  10929
22.128955  7383
22.130548  12473
22.132940  11312
22.135252  7835
22.137964  11497
22.139897  3699
22.141630  8048
22.143783  3893
22.145935  8463
22.147928  12642
22.150580  8660
22.152673  12976
22.155065  9045
22.157337  3985
22.159110  4165
22.166926  3364
22.169538  3395
22.177158  3432
22.184701  3450
22.203453  3377
22.209930  3340
22.259493  11761
22.262205  11890
22.270739  13135
22.272392  13450
22.289643  12089
22.291296  12186
22.296120  9161
22.298293  9391
22.305289  13569
22.311666  13805
22.314238  12366
22.319042  12454
22.321135  9467
22.330844  9618
22.333336  4251
22.335369  9681
22.337442  9807
22.340074  4420
22.342486  13921
22.344379  9832
22.346292  14151
22.348424  4501
22.350437  4408
22.352689  9883
22.354642  4361
22.356235  2986
22.363531  2920
22.442204  12606
22.446453  12681
22.448406  12831
22.451118  14221
22.453031  14360
22.463433  12885
22.465026  12993
22.472122  9908
22.485229  9959
22.490053  14407
22.491846  13040
22.494019  14500
22.496491  13134
22.521391  9984
22.523004  10034
22.525556  10059
22.527389  4187
22.529701  10109
22.532153  14540
22.534126  4097
22.536299  14621
22.538731  10134
22.540624  3458
22.547021  10184
22.549493  3079
22.560989  10208
22.666837  13180
22.673574  13273
22.676705  13319
22.678278  14661
22.680231  14741
22.681804  13411
22.685039  14781
22.687611  13451
22.689384  13532
22.703326  10188
22.704899  10178
22.710537  14861
22.717194  13504
22.727316  14900
22.729169  13448
22.746812  10149
22.750418  2920
22.752650  10135
22.755002  10098
22.760865  14959
22.768608  10080
22.770920  14988
22.780129  9946
22.793922  9878
22.922117  13420
22.924290  14963
22.926642  13364
22.930647  14951
22.932260  13336
22.934113  13279
22.936765  13251
22.938598  13194
22.945255  13166
22.959149  9716
22.961721  9634
22.966006  14926
22.970151  14914
22.984843  13019
22.987455  12945
23.003145  9459
23.005477  9370
23.012149  9158
23.014461  14863
23.020124  9050
23.021797  14838
23.038848  8723
23.048396  8554
23.058125  8208
23.193906  14733
23.201481  12870
23.203494  14680
23.207240  12719
23.209832  12643
23.213797  12490
23.221373  12402
23.224579  8026
23.226292  7652
23.229283  12225
23.236040  14545
23.244949  14477
23.247261  14340
23.257389  12104
23.261295  11860
23.276583  7456
23.278296  7054
23.284513  6836
23.288478  6385
23.292843  14271
23.294836  14132
23.326843  6121
23.331088  5569
23.356003  5239
23.357696  4537
23.494321  11736
23.505383  14038
23.513973  13849
23.518258  11484
23.526253  11356
23.541679  4132
23.546284  3242
23.548536  11096
23.550828  10963
23.552981  13753
23.555094  10562
23.557486  13560
23.562370  10354
23.567035  9930
23.573672  13448
23.577437  13222
23.581482  9701
23.587919  9231
23.589532  2920
23.600653  13064
23.602786  12744
23.831134  12580
23.835239  12248
23.836972  8966
23.847427  8419
23.878452  8128
23.882497  12078
23.884610  7525
23.887282  11732
23.893779  7200
23.895972  6519
23.898424  6143
23.902869  5345
23.905061  11554
23.908906  11192
23.918015  4843
23.919828  3735
23.926765  10983
23.930791  10556
23.933223  10334
24.172103  10095
24.175529  9605
24.179814  3011
24.186671  2920
24.232003  9348
24.236448  8819
24.255840  8539
24.257993  7960
24.273399  7615
24.280036  6894
24.503531  6477
24.544027  5590
24.548176  5076
24.609279  3944
24.617574  3216
24.642698  2920
52.720609  2941
52.722382  2984
52.725054  2985
52.729119  3033
52.733684  3130
52.736176  3177
52.738189  3270
52.740601  3315
52.744486  3455
52.746059  4360
52.778311  3644
52.780104  4804
52.785782  5244
52.788354  6050
52.802447  4401
52.804979  4881
52.806732  4844
52.811037  5716
52.818353  6399
52.820226  7059
52.830274  5747
52.832946  6114
52.836292  6805
52.841296  7115
52.844008  7709
52.846720  6085
52.852658  6779
52.856923  7090
52.863188  7686
52.864881  3644
52.867353  7961
52.869286  4804
52.871778  5244
52.873751  6050
52.875883  6399
52.877856  7358
52.879769  8492
52.881981  8740
52.883594  7059
52.885347  9223
52.888398  7932
52.890970  9452
52.892643  8198
52.894456  8713
52.896728  9899
52.905877  10112
52.907830  10530
52.918912  8955
52.920545  9427
52.922897  9651
52.925030  10089
52.929562  10298
52.931435  10708
52.933707  4590
52.936039  5050
52.937772  5887
52.940224  6246
52.941837  6922
52.944449  7227
52.946542  10730
52.948375  11124
52.952760  11314
52.954773  11687
52.958758  11867
52.966997  12223
52.971761  12395
52.983223  12736
52.985735  12901
52.987808  13228
52.997337  10905
52.999450  11292
53.009533  11479
53.013798  11847
53.018003  12025
53.024461  12376
53.026833  7983
53.028966  12546
53.033111  8512
53.035303  12883
53.038649  13387
53.041361  13702
53.043793  13047
53.045666  13856
53.047299  14161
53.049631  14310
53.051704  14605
53.054416  13371
53.056668  14749
53.061033  13529
53.062946  8760
53.069384  15035
53.071836  13841
53.074208  15175
53.078254  9242
53.080386  13993
53.082199  14295
53.083872  7358
53.086284  9470
53.088177  14442
53.090010  9916
53.092722  14734
53.095394  15453
53.100078  15589
53.101791  10129
53.103504  10546
53.108628  14877
53.110301  15161
53.115485  7932
53.117877  8198
53.121842  15300
53.123695  15860
53.125807  8713
53.127540  8955
53.130092  15993
53.131905  9427
53.134277  9651
53.136430  16257
53.138562  15576
53.140854  10089
53.145179  16387
53.149564  15711
53.152236  16645
53.157040  15974
53.161545  16737
53.164232  16103
53.165845  7519
53.167518  8081
53.172083  16357
53.174715  8342
53.176768  16482
53.178381  16558
53.180493  16921
53.182286  8848
53.183899  16596
53.186650  16993
53.188843  9086
53.190956  17137
53.193188  16700
53.195540  9551
53.197772  17160
53.202357  17206
53.206702  17228
53.210768  16751
53.212781  17272
53.217126  16854
53.221870  17305
53.223803  17370
53.226495  16905
53.230700  17402
53.232473  17007
53.236398  17467
53.241302  17057
53.243455  17499
53.251446  17564
53.256570  17596
53.258303  17660
53.262628  17692
53.269585  17756
53.271797  17161
53.274089  17212
53.284292  17317
53.293441  17369
53.299839  17473
53.302371  17525
53.306976  10730
53.310522  11092
53.312934  17628
53.314587  17679
53.317219  17788
53.319112  17852
53.321584  17791
53.324176  17846
53.325869  17883
53.330074  17976
53.332346  11234
53.335692  11516
53.338124  11657
53.339937  18040
53.342130  11936
53.344282  18168
53.347568  17946
53.352132  12072
53.354764  17975
53.356857  18033
53.359029  12341
53.360782  12472
53.363394  18231
53.367819  18062
53.369852  18358
53.372763  18120
53.375455  18145
53.377148  10298
53.383266  10708
53.385478  18196
53.387251  18421
53.389903  18235
53.391956  18547
53.394468  18609
53.396521  18313
53.399173  10899
53.403558  11275
53.405850  18352
53.407643  18727
53.412288  18430
53.414700  11456
53.416373  11814
53.421397  18785
53.422970  9708
53.426436  18469
53.428409  18546
53.435166  18886
53.439651  11964
53.441764  10017
53.444076  18936
53.448521  19036
53.451093  12260
53.453685  10158
53.455358  10436
53.460642  19085
53.463214  19184
53.465346  19233
53.467099  19331
53.469751  18584
53.471524  10549
53.473677  18661
53.475849  10773
53.478441  18696
53.480394  19370
53.482587  18766
53.484839  10822
53.488705  19448
53.490997  10919
53.495761  19487
53.497354  18796
53.499227  19565
53.501879  18856
53.508116  18870
53.510069  18899
53.514461  18913
53.516074  18942
53.522292  19603
53.529309  19680
53.533834  18953
53.538399  18975
53.549621  18986
53.551774  19008
53.554466  19019
53.562177  19041
53.565288  19046
53.567201  19057
53.569493  19718
53.571546  19795
53.580415  19833
53.582428  19909
53.592890  19934
53.599468  12602
53.601541  19984
53.603773  20008
53.605706  20056
53.607898  12860
53.610590  19066
53.612343  19085
53.614795  20080
53.619220  20128
53.621932  12986
53.623825  13236
53.626017  20152
53.627950  13357
53.630003  13597
53.632295  20200
53.637159  19097
53.639052  19121
53.641744  20224
53.643837  20272
53.646269  19133
53.648102  19157
53.650554  13657
53.652727  19169
53.656792  13777
53.659384  20297
53.661317  20346
53.665602  19193
53.670406  19205
53.672019  12384
53.673672  12629
53.675365  19229
53.677657  20375
53.680289  20433
53.681982  19241
53.683555  19269
53.686786  19283
53.690831  12734
53.692884  20463
53.695037  20522
53.697349  12943
53.699761  19311
53.701514  19325
53.704166  13037
53.708491  19370
53.714409  19392
53.716522  20555
53.718135  20622
53.721366  10965
53.725771  13225
53.727364  11057
53.734001  20655
53.735954  13322
53.739939  11102
53.741672  20722
53.748030  11193
53.754907  20755
53.759492  13515
53.761764  20822
53.764436  20855
53.766109  20921
53.768381  13610
53.770034  19437
53.772706  19459
53.774879  19504
53.777291  19526
53.779444  20949
53.781117  11238
53.782890  21005
53.785242  11328
53.787854  11372
53.789727  11461
53.793972  21028
53.798197  19571
53.802721  21074
53.806906  19593
53.811031  19610
53.813723  19618
53.815516  19635
53.817728  19643
53.825039  21097
53.829544  21143
53.833549  19653
53.842059  19658
53.848584  19668
53.852629  19673
53.859486  19683
53.861658  13836
53.863251  19688
53.865364  19698
53.870056  21165
53.874022  19703
53.881159  21210
53.887197  21228
53.891582  21265
53.901491  21282
53.903264  21317
53.905816  21331
53.908009  13955
53.912314  21360
53.914686  19711
53.917298  14014
53.919011  19715
53.923616  21373
53.927802  14116
53.930254  21400
53.934579  14166
53.937051  14237
53.939703  21413
53.942355  14272
53.946361  19723
53.948553  19727
53.950286  21440
53.952878  21453
53.954671  19733
53.957363  19736
53.959016  21480
53.963960  14343
53.966632  14378
53.968745  21489
53.971377  19732
53.973669  21508
53.976241  19730
53.982539  13704
53.984712  13892
53.987224  19720
53.991249  21514
53.992882  19715
53.994755  21527
53.997387  19705
53.999679  19700
54.003784  21533
54.005877  13984
54.007610  21546
54.010142  14168
54.012314  19690
54.016619  19685
54.018432  19666
54.020684  21557
54.022857  19657
54.024530  21580
54.031407  14259
54.033120  14439
54.037924  11496
54.043643  11565
54.045755  21591
54.052432  11599
54.054385  11620
54.059109  21614
54.063274  11630
54.069173  14497
54.070966  21625
54.075211  21648
54.079416  14613
54.081648  19638
54.083860  21659
54.085993  19629
54.087806  21682
54.089998  19610
54.092650  21693
54.094763  11651
54.097135  19601
54.099028  11661
54.100781  21712
54.103473  21721
54.108098  11654
54.110510  19582
54.112902  11651
54.119220  21728
54.121832  19573
54.136920  21731
54.139013  19550
54.145650  19539
54.147483  21726
54.149675  21724
54.174671  19516
54.177003  19505
54.181369  19482
54.185993  19471
54.188106  19413
54.192578  19384
54.200656  19299
54.202988  21719
54.204841  19257
54.207113  21717
54.213371  19172
54.215683  21712
54.218195  21710
54.222260  19129
54.228178  21703
54.230830  14408
54.232703  21700
54.234596  19085
54.237248  21685
54.239500  19063
54.241473  21678
54.243206  14469
54.250503  21667
54.252775  21662
54.254628  14499
54.259313  14551
54.261545  19030
54.263997  19014
54.265610  21661
54.267902  14577
54.271368  18981
54.273880  14626
54.276052  14650
54.277925  21660
54.280477  18965
54.288548  14658
54.290940  14662
54.292913  14670
54.294786  18932
54.296938  21659
54.301603  14785
54.304295  14842
54.308600  18916
54.310733  18883
54.315517  18867
54.319563  18834
54.324807  21658
54.329352  21649
54.332044  14944
54.334416  21645
54.336269  14994
54.343326  15095
54.349444  15145
54.355442  11648
54.359547  11641
54.364072  18817
54.365765  18782
54.373142  18757
54.374895  18706
54.383924  18681
54.387350  18629
54.389622  11632
54.395940  11614
54.405009  15245
54.409694  15294
54.411367  18597
54.413000  18532
54.419957  18499
54.421590  18433
54.424222  11600
54.428128  11571
54.430820  21620
54.434745  21608
54.439210  11557
54.440803  18400
54.442856  11528
54.445368  18334
54.452345  21583
54.454937  21571
54.471745  18301
54.473438  18235
54.478422  21540
54.482327  21525
54.489064  14667
54.508077  18201
54.511882  18132
54.514474  18098
54.518740  18028
54.528389  17991
54.534307  17916
54.536859  17879
54.540785  17804
54.550014  21494
54.554738  21479
54.558424  17767
54.560197  17691
54.562429  21446
54.566834  21430
54.576603  21397
54.579255  21381
54.581898  17648
54.583771  21318
54.586203  21287
54.588276  14669
54.589969  14674
54.592441  17562
54.596926  21224
54.605616  21193
54.607649  14676
54.609522  17519
54.611734  17433
54.613647  21130
54.615979  14681
54.617612  17380
54.619205  17273
54.622436  21098
54.624049  14683
54.626521  21034
54.628334  14688
54.629927  21002
54.635590  14660
54.637183  17222
54.639316  14603
54.641768  20940
54.646680  20909
54.648373  17119
54.650525  15343
54.656823  15442
54.659475  17068
54.661288  15491
54.663381  16964
54.665653  11481
54.667686  16912
54.669439  16807
54.674423  20847
54.676975  20816
54.678568  15589
54.680401  15637
54.682693  20754
54.689710  20723
54.691663  15691
54.694135  20660
54.695848  15717
54.698100  20629
54.708863  11386
54.711275  16755
54.713448  11338
54.715481  16650
54.719546  16593
54.723751  16479
54.734273  16422
54.736066  16307
54.738558  20562
54.740750  11238
54.743342  11188
54.744915  20529
54.748481  11086
54.752925  20462
54.759782  20428
54.761975  16249
54.763988  16132
54.766500  20360
54.769092  16074
54.771025  15956
54.773237  11008
54.775010  20326
54.777103  10851
54.781435  20258
54.785900  20224
54.787933  10772
54.789966  20156
54.795210  10612
54.797882  15896
54.801748  15774
54.806792  20120
54.810958  20047
54.826145  15712
54.827898  15586
54.834895  20011
54.840793  19938
54.848050  14572
54.849943  14509
54.861405  15523
54.867443  15395
54.875853  15328
54.884683  15193
54.886935  15125
54.889108  14989
54.893093  14920
54.897278  14782
54.901723  19899
54.903776  19821
54.910053  14712
54.912186  14572
54.916930  19782
54.918863  19703
54.928831  19664
54.936622  19585
54.938914  19546
54.940607  14477
54.942660  14413
54.945132  14501
54.947025  14359
54.949677  14381
54.951710  19466
54.956314  19425
54.958167  19343
54.964784  14287
54.966817  14142
54.970949  19302
54.972862  14317
54.975214  14069
54.976847  19219
54.979319  14285
54.981512  19174
54.983525  13922
54.985697  14209
54.987750  19084
54.992534  14171
54.996579  19039
54.998532  14094
55.000764  13844
55.002457  18948
55.004909  14056
55.006802  13686
55.013239  15712
55.015471  15710
55.017124  13606
55.019137  13445
55.021509  13365
55.025315  18907
55.027547  18825
55.029939  15702
55.031692  18786
55.034384  15698
55.036177  13204
55.041021  18708
55.043733  15685
55.046265  15679
55.048458  18669
55.050331  18590
55.063006  10531
55.065019  13126
55.066912  10367
55.069024  12969
55.074128  12890
55.077734  12730
55.080426  12649
55.089197  12486
55.091649  18551
55.096394  10284
55.098267  12404
55.099940  18472
55.102432  10116
55.104824  10029
55.110762  9852
55.113114  18432
55.114907  12237
55.117039  12153
55.118732  15663
55.120884  15655
55.123077  18352
55.125409  18308
55.127222  11976
55.129854  18218
55.132386  11886
55.134079  9743
55.135952  9522
55.138484  18173
55.140517  18083
55.144882  18036
55.149167  9411
55.150900  17940
55.153452  11705
55.155864  9187
55.158096  11613
55.164274  17893
55.170572  17799
55.181654  11428
55.186439  11334
55.191847  17756
55.196352  17668
55.205461  14010
55.207074  13917
55.223280  11144
55.228471  11048
55.240807  10853
55.245931  10754
55.247924  10542
55.254461  10434
55.256574  10212
55.258706  17624
55.262412  10099
55.264065  17536
55.268769  9865
55.276046  9745
55.277659  17492
55.284097  17403
55.292167  17359
55.293860  13876
55.295833  17269
55.298025  13794
55.300617  9516
55.305302  17221
55.307035  9399
55.309148  17123
55.316364  15639
55.320569  17074
55.326987  16975
55.329319  9161
55.331811  13753
55.333464  9039
55.335197  16926
55.336970  8792
55.339462  8665
55.341315  13670
55.343807  16827
55.346359  13629
55.350904  16777
55.352957  16677
55.357642  13546
55.359894  13504
55.361907  16620
55.363860  16506
55.366312  13420
55.368924  8407
55.376061  8274
55.377954  15631
55.379587  15615
55.382299  8004
55.386704  15607
55.388837  7865
55.390810  16449
55.392683  16334
55.394935  15572
55.396588  15555
55.398281  7581
55.400773  7434
55.407410  16275
55.409323  15520
55.414175  16156
55.416607  15503
55.418740  16096
55.425078  15976
55.430102  9072
55.432275  7088
55.437000  6907
55.440786  8839
55.450135  6534
55.452327  6337
55.456212  5930
55.458684  15917
55.460697  5713
55.462670  8720
55.464803  15798
55.467135  8478
55.473812  8354
55.477598  5255
55.480070  15460
55.482362  5006
55.484175  15439
55.486068  8101
55.488600  7971
55.490353  15738
55.492026  15618
55.494538  4474
55.496870  4177
55.499063  15558
55.500736  15436
55.503348  7674
55.505980  7520
55.508153  15375
55.510266  15252
55.514790  15183
55.518596  3540
55.521188  3164
55.523221  15044
55.525733  7206
55.527945  14974
55.531990  7042
55.538768  14833
55.545005  2920
55.571374  14762
55.573567  13367
55.575460  13254
55.581997  13197
55.583790  14619
55.590227  14547
55.604575  14472
55.609159  14435
55.645912  14359
55.650996  14321
55.656415  14245
55.663532  14207
55.665545  13079
55.668137  13020
55.677107  14130
55.679319  14092
55.692738  15418
55.697482  15375
55.699235  13951
55.711703  12884
55.713935  13880
55.716028  12816
55.720333  13737
55.723025  12678
55.729822  13665
55.731795  12608
55.733508  12468
55.735201  13498
55.739266  13414
55.740919  13229
55.742572  12397
55.744285  12254
55.751126  13135
55.759657  15353
55.761430  15309
55.765894  12946
55.768386  15287
55.772352  12850
55.776497  15243
55.783354  15205
55.785427  15128
55.789332  12656
55.801393  6871
55.803486  12558
55.805079  12360
55.809324  6521
55.811476  12260
55.828456  12088
55.832841  12001
55.834754  6337
55.841212  5957
55.843464  15105
55.845257  15058
55.847529  5755
55.849402  5337
55.851914  11839
55.854526  11757
55.856179  11606
55.858731  11530
55.860644  5128
55.862357  4692
55.864549  11384
55.869513  11310
55.872919  11176
55.875631  4485
55.877404  11108
55.879037  4052
55.889919  10971
55.894723  10902
55.921327  12218
55.923559  12146
55.931609  10771
55.936393  10705
55.948029  10587
55.950401  10528
55.970553  10484
55.982618  10462
55.985924  12152
55.989115  10418
55.991827  12165
56.000917  10396
56.006695  10352
56.011799  10330
56.015565  15079
56.025348  15129
56.027580  10285
56.029153  15154
56.031705  10263
56.035451  12171
56.039736  12184
56.047093  10210
56.049285  12190
56.050918  10184
56.052551  12203
56.056676  3943
56.058469  12209
56.060062  12222
56.062694  10131
56.065026  10104
56.066999  10050
56.069171  10023
56.071164  12223
56.073197  12226
56.084539  15218
56.089183  15249
56.092709  9969
56.097453  9942
56.100799  15312
56.102392  15343
56.104864  15406
56.112281  15437
56.116466  9887
56.119118  15499
56.123423  9860
56.131054  9809
56.133546  9784
56.135459  3718
56.140363  3599
56.162348  9733
56.165020  9707
56.171258  3353
56.173410  3221
56.175263  15530
56.177136  15592
56.179308  2946
56.181440  2920
56.183293  9655
56.190750  9629
56.197047  9577
56.205497  9551
56.207070  9472
56.209582  9432
56.217772  9352
56.219984  9312
56.224050  9217
56.228654  9169
56.267612  9073
56.269405  9025
56.272631  8927
56.282593  8880
56.284226  8785
56.313246  8737
56.315439  8641
56.328474  8593
56.332260  8495
56.341689  8446
56.353585  15620
56.357450  8346
56.359922  8298
56.363648  12227
56.365821  8202
56.374870  12230
56.377282  15676
56.379774  8156
56.381847  8063
56.386571  12231
56.388424  12234
56.390876  12235
56.395182  12238
56.397574  12239
56.403322  8016
56.405754  7922
56.408226  7874
56.410159  12242
56.412651  12243
56.416797  7778
56.425626  15701
56.429432  15752
56.433776  7730
56.440114  7632
56.442626  15776
56.444259  15824
56.451157  15848
56.453150  15896
56.460386  7558
56.462798  7407
56.464571  15902
56.467203  15915
56.469515  7339
56.473721  7201
56.508200  7131
56.509933  6989
56.521195  15920
56.522908  15930
56.529425  6917
56.531018  6771
56.536996  6697
56.546045  6546
56.555302  6463
56.559787  6293
56.570190  6206
56.572662  6029
56.575274  5938
56.579400  5753
56.617411  12228
56.621716  12197
56.624428  5629
56.626361  5374
56.628953  5229
56.634871  4930
56.637583  4772
56.644041  4445
56.675928  4260
56.677581  3873
56.686610  3661
56.688263  3211
56.694720  12180
56.696693  12146
56.712020  2955
56.715866  2920
56.724776  12126
56.730894  15932
56.733366  12085
56.735878  15937
56.748560  12042
56.750593  11955
56.752805  11911
56.758583  11823
56.762828  11779
56.770979  11690
56.783020  15939
56.786966  15944
56.798408  15946
56.802253  15951
56.806718  15942
56.808811  15924
56.812996  15915
56.825852  15897
56.829617  15888
56.882492  15870
56.891062  15861
56.971489  11642
56.979120  11544
56.981492  11495
57.035305  11444
57.037577  11419
57.059975  11412
57.062207  11409
57.064380  15906
57.067052  15928
57.075902  11406
57.078494  11405
57.082480  11408
57.084872  11409
57.090370  11412
57.095234  11413
57.096847  11416
57.112374  15981
57.114786  16007
57.127921  16059
57.131846  16085
57.134378  16137
57.136930  16163
57.147593  16225
57.150265  16256
57.210835  16318
57.212408  16349
57.288445  11445
57.290298  11504
57.341404  11538
57.343097  11607
57.366874  11641
57.368547  11710
57.371079  16449
57.375031  16499
57.376904  2963
57.378857  3048
57.382802  11744
57.387127  11812
57.389239  11846
57.391012  11913
57.397929  11944
57.399782  12007
57.402054  3089
57.404067  3171
57.406379  12038
57.412817  12101
57.419474  3211
57.421387  16598
57.423799  3290
57.426191  16647
57.427924  3328
57.429757  3404
57.440159  16746
57.444924  16795
57.446657  16893
57.454807  16941
57.457519  17033
57.459911  17078
57.462024  3441
57.466469  3514
57.469895  3568
57.475573  3674
57.523271  3725
57.525444  3827
57.531981  17167
57.539062  17211
57.550383  17299
57.556680  3876
57.560625  3974
57.616497  12132
57.618670  12194
57.676934  12223
57.678887  12281
57.703424  12306
57.705557  17342
57.707490  12357
57.710022  17429
57.712374  4021
57.714167  4115
57.718492  12356
57.720205  12353
57.725349  12343
57.727082  12323
57.733679  12313
57.735852  12293
57.738204  4080
57.739957  12283
57.741990  4008
57.746415  3972
57.751200  12263
57.753572  12253
57.757458  17472
57.759371  3855
57.763895  17559
57.765908  3795
57.770313  3673
57.772525  3558
57.776930  3321
57.783787  17587
57.785880  17644
57.789945  17658
57.798395  17686
57.804912  17697
57.806565  17720
57.808897  3194
57.810770  2930
57.814975  2920
57.878917  17722
57.880870  17726
57.889061  17734
57.893666  17750
57.965344  12238
57.976027  12207
58.027286  12192
58.028879  12161
58.049844  12137
58.051457  12089
58.053969  17758
58.060646  17774
58.063158  12058
58.066584  11995
58.070649  11964
58.079199  11901
58.084063  11870
58.086196  11806
58.097198  11774
58.099291  11710
58.106602  17782
58.109014  17798
58.122048  17808
58.124161  17829
58.132151  17843
58.134124  17871
58.143173  17885
58.145106  17913
58.213493  17928
58.215466  17958
58.222163  17978
58.223896  18017
58.226488  18036
58.295449  11680
58.309538  11652
58.312549  11638
58.361878  11609
58.373160  11595
58.390840  11566
58.395564  11552
58.403455  18075
58.407500  11523
58.409173  18094
58.411425  11509
58.422627  11476
58.425159  11460
58.431877  11405
58.434429  11378
58.442840  11319
58.445412  11290
58.447045  11231
58.458167  18133
58.466997  18152
58.471162  18191
58.477339  18210
58.481424  18216
58.483736  18219
58.489974  18221
58.497050  18222
58.563845  18224
58.568689  18225
58.575167  18227
58.579492  18228
58.660155  11198
58.662288  11131
58.706530  11095
58.711195  11023
58.734453  10987
58.736306  10914
58.745575  18237
58.749480  18241
58.752946  10878
58.757351  10805
58.768033  10768
58.771879  10694
58.776803  10657
58.780709  10582
58.783181  10551
58.787426  10487
58.794183  10455
58.795996  10391
58.801394  18250
58.803766  18254
58.812096  18265
58.816980  18270
58.827423  18281
58.831428  18286
58.835753  18297
58.838305  18302
58.911650  18313
58.913962  18318
59.008440  10359
59.010193  10294
59.058207  10262
59.062572  10197
59.088089  10154
59.089762  10067
59.108894  10023
59.110827  9935
59.117144  9891
59.122543  9802
59.126448  9757
59.131112  9666
59.134458  9621
59.138683  9529
59.142748  9483
59.149845  9390
59.156681  9343
59.276276  18309
59.278349  18291
59.283233  18282
59.289252  18264
59.374717  9296
59.376850  9201
59.412362  9151
59.414055  9050
59.446643  8999
59.454114  8896
59.463850  18247
59.470688  18213
59.477245  8837
59.483523  8718
59.486055  8658
59.487948  8536
59.496158  8457
59.500563  8298
59.507580  8199
59.511686  18196
59.518303  18162
59.522668  7998
59.531997  18145
59.533690  18111
59.540667  7895
59.542480  18090
59.544473  18048
59.561100  18027
59.569051  17985
59.576387  7687
59.578739  17962
59.583104  17915
59.645327  17891
59.649592  17842
59.653677  17821
59.655710  17779
59.725752  7577
59.749789  7332
59.756646  7206
59.786902  6948
59.791566  6815
59.822935  6543
59.826740  6401
59.845340  17758
59.852238  17716
59.856363  6111
59.861567  5959
59.863520  5647
59.865712  5483
59.876855  5144
59.881480  4964
59.892083  17695
59.894196  17652
59.898201  4556
59.906344  4334
59.913162  17631
59.915155  17588
59.919420  17567
59.923965  17500
59.928310  17467
59.945624  17400
59.947457  17366
59.959218  3837
59.963503  17293
59.965995  3557
59.969541  17257
