# t(s) QueuingDelay(ms)
10.097911  0
10.102891  0
10.113116  0
10.117671  0
10.141156  0
10.158450  1
10.172127  3
10.258062  15
10.259675  15
10.268544  18
10.278687  26
10.289170  21
10.293155  58
10.318456  70
10.324254  70
10.335636  33
10.350983  72
10.355708  35
10.366891  49
10.368604  86
10.384291  50
10.392841  56
10.395513  109
10.400198  118
10.432536  60
10.455321  62
10.465444  122
10.478719  80
10.489589  83
10.501438  125
10.516466  174
10.529081  180
10.539524  89
10.546261  192
10.571937  104
10.580248  1
10.593302  110
10.605797  156
10.614507  198
10.618713  178
10.627482  189
10.663743  209
10.666355  216
10.689893  197
10.707173  264
10.712671  12
10.725565  228
10.731843  289
10.744938  39
10.764950  91
10.786635  229
10.796738  101
10.802716  228
10.816270  323
10.821839  342
10.828217  105
10.842735  389
10.849193  126
10.863941  131
10.889730  38
10.894055  399
10.904277  43
10.916333  248
10.918865  127
10.929888  257
10.938098  410
10.947308  429
10.953646  264
10.962975  432
10.975862  280
10.984312  71
10.999720  453
11.002072  288
11.012634  300
11.014627  146
11.020465  76
11.030014  457
11.033900  151
11.051231  315
11.056363  84
11.066506  480
11.068539  158
11.080914  175
11.089871  505
11.093596  337
11.095609  181
11.113928  515
11.115901  193
11.128956  348
11.136478  367
11.140104  194
11.151285  198
11.153517  373
11.161428  386
11.163820  94
11.169578  208
11.180800  113
11.188610  218
11.192576  386
11.204844  291
11.208929  286
11.214827  388
11.220051  123
11.222084  282
11.236441  143
11.252842  224
11.259339  402
11.273917  408
11.282068  417
11.293770  150
11.308184  226
11.338819  168
11.358077  294
11.364774  232
11.375357  336
11.383827  353
11.396563  345
11.398696  247
11.409937  249
11.449082  260
11.459864  187
11.470906  286
11.486219  456
11.498814  290
11.509983  539
11.516221  299
11.531349  362
11.539879  311
11.543571  418
11.552161  419
11.556246  334
11.560451  556
11.567562  338
11.574359  200
11.579383  338
11.581296  559
11.601468  345
11.608345  574
11.615182  231
11.624051  345
11.648602  242
11.664128  268
11.685721  293
11.687933  349
11.699435  299
11.701428  356
11.712231  368
11.713884  402
11.717050  400
11.722808  423
11.730843  286
11.732596  397
11.755259  370
11.765864  370
11.792896  374
11.850428  428
11.868601  383
11.880802  445
11.893058  390
11.905393  300
11.929675  460
11.935774  319
11.950721  391
11.981209  396
11.983601  335
11.992810  402
11.994803  427
12.007210  471
12.013208  422
12.015800  480
12.025429  433
12.031367  478
12.043269  475
12.048114  429
12.052899  464
12.059377  462
12.107322  461
12.129327  437
12.135065  354
12.153865  438
12.158329  466
12.166200  453
12.177022  362
12.180867  479
12.192363  473
12.195015  12
12.206064  598
12.210249  491
12.225456  618
12.235499  580
12.247655  494
12.267626  394
12.273644  516
12.277509  414
12.281914  1
12.295189  525
12.310347  467
12.312440  537
12.323643  470
12.350733  546
12.361875  479
12.366280  549
12.367853  506
12.374311  555
12.384823  484
12.390047  515
12.401289  488
12.405954  601
12.407987  559
12.418010  607
12.422395  493
12.438806  487
12.462053  618
12.466558  43
12.480971  616
12.491561  121
12.493554  34
12.510874  167
12.516892  607
12.536698  173
12.561607  185
12.576466  489
12.590934  194
12.613040  505
12.653463  618
12.663626  632
12.669444  519
12.672535  626
12.686974  612
12.703374  469
12.729504  593
12.748417  614
12.762065  580
12.786623  603
12.795635  50
12.823188  166
12.827533  58
12.831578  539
12.874670  608
12.895480  477
12.899725  67
12.905124  487
12.928821  68
12.938215  489
12.940408  613
12.949517  550
12.965325  498
12.971943  555
12.978601  557
12.986831  500
12.989023  575
12.998592  583
13.007722  527
13.021937  547
13.037224  547
13.041729  587
13.059648  588
13.062280  618
13.063953  581
13.067759  542
13.069951  603
13.091026  637
13.101070  610
13.108067  538
13.113725  650
13.172510  653
13.186544  83
13.237490  625
13.241795  664
13.250552  221
13.271238  543
13.324111  544
13.352473  561
13.367620  578
13.379885  79
13.410227  233
13.424360  602
13.426473  631
13.439927  683
13.446884  736
13.451169  734
13.464172  716
13.478400  584
13.497612  3
13.524064  725
13.539076  711
13.566025  675
13.578880  66
13.585637  89
13.623084  101
13.625396  100
13.672791  111
13.674364  128
13.694931  688
13.728052  180
13.738335  725
13.778103  626
13.793210  247
13.812843  600
13.823725  690
13.830243  661
13.856552  674
13.873651  685
13.877836  743
13.879589  699
13.899085  116
13.919276  304
13.936696  187
13.942554  753
14.032092  754
14.051385  313
14.076708  85
14.080354  695
14.139812  317
14.191141  87
14.225201  328
14.243861  330
14.267578  141
14.271703  724
14.284798  121
14.294501  726
14.310967  670
14.313000  762
14.321470  776
14.327908  668
14.347181  145
14.413886  755
14.422696  207
14.447835  757
14.465881  210
14.479556  235
14.501661  179
14.507959  257
14.536366  271
14.538858  15
14.540970  184
14.559074  677
14.602157  277
14.619736  687
14.654075  332
14.661846  356
14.691494  763
14.708175  776
14.719877  694
14.723962  815
14.739190  790
14.773889  216
14.791729  363
14.804205  79
14.832792  89
14.839017  4
14.849880  22
14.857256  396
14.864233  30
14.893709  396
14.918380  827
14.928583  117
14.966687  418
14.975636  857
15.034892  162
15.057157  423
15.104394  425
15.112924  242
15.117529  291
15.165312  780
15.192151  828
15.228760  271
15.238508  847
15.240641  708
15.274722  439
15.282198  878
15.295234  714
15.327388  254
15.329441  880
15.342896  884
15.363028  922
15.374549  293
15.385092  28
15.397847  956
15.418939  288
15.423783  313
15.428108  753
15.446470  343
15.462424  125
15.474600  378
15.487814  296
15.498037  416
15.504794  772
15.516036  858
15.524766  871
15.533436  131
15.541986  292
15.556954  326
15.559386  805
15.563132  422
15.578219  913
15.580252  840
15.584457  790
15.605272  870
15.614137  482
15.623266  445
15.625239  872
15.640826  435
15.643178  124
15.651448  876
15.684944  944
15.695046  458
15.697578  878
15.714030  879
15.719373  512
15.734342  557
15.739900  886
15.753485  926
15.755680  194
15.771846  500
15.776131  400
15.784960  214
15.824445  600
15.832536  935
15.834229  801
15.866288  502
15.919212  981
15.938814  814
15.959920  587
15.988048  382
16.000344  1024
16.121062  324
16.272631  878
16.279088  525
16.297338  545
16.306307  870
16.311750  383
16.328141  382
16.349155  602
16.370534  402
16.378609  133
16.380362  443
16.406870  927
16.423915  562
16.505395  388
16.507028  229
16.583303  257
16.596976  861
16.605419  959
16.616408  963
16.641644  1286
16.645789  448
16.651212  138
16.671483  553
16.673915  1340
16.684377  1334
16.694469  923
16.701614  447
16.802625  922
16.890810  261
16.915153  386
16.994405  982
17.009551  1060
17.095969  1219
17.110996  867
17.126147  1253
17.146186  1210
17.157272  1134
17.186741  665
17.196649  553
17.228991  389
17.238379  398
17.247587  592
17.252651  557
17.274593  813
17.286428  553
17.308495  552
17.323378  394
17.337945  811
17.350784  391
17.357665  391
17.372073  549
17.376957  388
17.379409  547
17.391374  447
17.427880  153
17.456805  551
17.463342  450
17.466014  193
17.469959  194
17.478361  457
17.491700  463
17.496544  458
17.509144  390
17.510582  972
17.524936  54
17.534844  451
17.542360  57
17.548078  59
17.549691  260
17.559019  259
17.561471  257
17.566969  52
17.568842  969
17.570455  384
17.572667  437
17.575359  376
17.579544  248
17.581042  916
17.582655  374
17.584308  847
17.588879  430
17.591710  234
17.594002  900
17.596953  419
17.601278  229
17.605543  24
17.616374  838
17.621837  418
17.624469  160
17.634796  833
17.637368  160
17.639201  160
17.641753  511
17.644325  155
17.650467  510
17.652899  11
17.655211  395
17.657044  395
17.659456  140
17.678193  323
17.683816  321
17.686368  926
17.688740  380
17.694597  378
17.737003  325
17.742007  495
17.750282  207
17.752534  329
17.754347  330
17.759251  489
17.761523  487
17.765897  917
17.767950  485
17.771161  325
17.772774  197
17.775346  481
17.780190  481
17.788405  192
17.798992  187
17.826163  321
17.874470  322
17.876802  336
17.880967  197
17.885571  337
17.900974  484
17.902587  498
17.909923  499
17.939840  207
17.951001  331
17.956225  201
18.020266  378
18.044213  30
18.050175  372
18.052667  313
18.065366  471
18.066959  470
18.068952  370
18.079234  301
18.087763  355
18.089935  354
18.096205  458
18.121358  460
18.124529  306
18.129393  460
18.141756  305
18.145761  301
18.155250  301
18.170289  463
18.176990  304
18.181814  359
18.185839  362
18.190064  301
18.193115  363
18.218094  464
18.229555  462
18.233540  460
18.238125  296
18.240657  355
18.264608  357
18.267260  362
18.277508  300
18.279780  361
18.282392  299
18.310557  360
18.339821  455
18.341414  101
18.343127  354
18.345439  453
18.347252  99
18.366336  293
18.391568  100
18.404830  101
18.418484  356
18.422509  365
18.429625  379
18.432911  378
18.454799  0
18.462450  185
18.470360  377
18.485371  303
18.493607  1
18.495240  190
18.498570  7
18.502895  192
18.506126  192
18.515482  10
18.517615  914
18.526604  312
18.531308  192
18.535673  196
18.540078  866
18.544283  389
18.545996  196
18.548887  13
18.553392  383
18.555724  10
18.561722  382
18.564154  102
18.567560  112
18.570771  123
18.573163  797
18.575675  124
18.578906  457
18.584010  126
18.588774  5
18.594696  380
18.596389  380
18.607275  375
18.617442  314
18.619897  373
18.621510  368
18.624002  305
18.626374  364
18.639040  306
18.640653  301
18.642226  298
18.669898  468
18.683351  185
18.694146  303
18.704458  304
18.709602  475
18.711954  922
18.731510  185
18.734182  118
18.740200  177
18.753994  307
18.790591  306
18.812060  475
18.823261  309
18.825134  310
18.827806  313
18.847062  477
18.850193  178
18.864066  313
18.866658  475
18.885036  313
18.887588  183
18.924289  347
18.938302  329
18.940694  270
18.942487  269
18.945258  328
18.953513  429
18.985822  332
18.988988  331
18.994746  330
18.997957  429
19.007935  427
19.010866  266
19.014871  426
19.016504  262
19.021887  263
19.049934  262
19.053125  262
19.055257  426
19.057729  326
19.061854  424
19.063467  323
19.067352  323
19.071517  261
19.073210  321
19.089036  420
19.094754  417
19.118419  262
19.119992  321
19.126653  77
19.146829  324
19.151533  261
19.153246  255
19.161441  323
19.165706  322
19.181344  420
19.185589  422
19.220244  324
19.227520  424
19.231769  78
19.236254  426
19.241158  76
19.242771  426
19.245183  75
19.249248  74
19.258577  427
19.269878  324
19.275336  71
19.286138  69
19.300811  324
19.323502  260
19.337622  264
19.347290  0
19.358212  148
19.368979  328
19.396108  153
19.398220  264
19.399893  150
19.401666  147
19.409082  857
19.412013  267
19.419129  332
19.421541  269
19.424153  145
19.426685  335
19.435881  336
19.438513  819
19.447682  335
19.449395  1
19.463328  749
19.473376  423
19.476507  323
19.479538  68
19.522757  325
19.537824  272
19.557555  277
19.569316  271
19.573681  142
19.585582  271
19.605333  432
19.607845  434
19.617114  893
19.619826  437
19.622358  439
19.632094  153
19.634586  146
19.641803  268
19.659542  144
19.673016  0
19.683478  142
19.697418  270
19.714197  270
19.727915  338
19.771397  136
19.801574  318
19.804445  316
19.810662  111
19.819111  315
19.821942  305
19.854443  305
19.856216  303
19.868471  214
19.873655  371
19.878759  263
19.881011  259
19.883443  257
19.885955  254
19.888307  252
19.890539  244
19.906724  229
19.909356  78
19.911309  217
19.919878  217
19.924902  210
19.928887  209
19.931039  207
19.934814  204
19.941611  188
19.958220  179
19.969782  0
19.971735  166
20.026974  83
20.074380  0
20.086947  569
20.091911  640
20.104111  499
20.200006  570
20.363678  0
20.409614  0
20.414478  82
20.447085  0
20.463332  0
20.498110  0
20.569235  403
20.585675  459
20.593989  348
20.730940  514
21.077565  0
21.101329  0
21.111440  6
21.116644  129
21.171234  0
21.218459  64
21.309736  133
21.323790  476
21.497060  153
21.571805  137
21.849105  171
21.995606  108
22.031313  203
22.038210  252
22.081303  40
22.095891  185
22.147250  249
22.175238  115
22.206811  485
22.230707  642
22.260980  183
22.270729  667
22.274914  909
22.285956  925
22.289802  417
22.302417  949
22.306362  948
22.313079  233
22.431074  397
22.513096  455
22.549028  400
22.635839  282
22.780646  424
22.792653  460
22.806990  282
22.917832  41
23.006689  466
23.020981  426
23.027858  186
23.107828  459
23.160808  176
23.183649  295
23.198736  450
23.252358  484
23.275301  547
23.301422  505
23.317487  488
23.442822  367
23.521724  534
23.537095  538
23.596522  281
23.648346  283
23.655462  282
23.780180  182
23.820086  182
23.828116  278
23.834753  179
23.884641  333
23.898618  461
23.912251  138
23.919582  460
23.943467  427
24.007225  485
24.023329  482
24.025501  177
24.041830  504
24.054999  177
24.091371  511
24.144475  508
24.159072  505
24.163177  503
24.184803  380
24.192254  439
24.206855  434
24.209127  432
24.223703  947
24.243832  488
24.248636  819
24.259138  842
24.283618  486
24.285271  486
24.287703  946
24.299523  466
24.475302  681
24.525949  512
24.528561  252
24.530773  247
24.532346  245
24.549339  229
24.551651  227
24.588072  222
24.590604  396
24.610934  212
24.619840  209
24.682666  82
24.688828  401
24.690821  399
24.693153  378
24.695685  69
24.704000  167
24.709568  68
24.718837  166
24.731089  69
24.732742  67
24.753575  329
24.768267  328
24.770240  327
24.795858  424
24.925588  388
24.936590  61
24.965462  405
25.004636  396
25.012479  396
25.014931  394
25.023121  391
25.035301  295
25.049430  392
25.081825  375
25.090295  351
25.095798  704
25.144821  822
25.180243  391
25.246252  171
25.348443  816
25.362176  384
25.371584  379
25.377042  125
25.378655  124
25.380348  124
25.393462  120
25.409927  120
25.414771  119
25.427650  115
25.429523  287
25.438252  112
25.460329  139
25.509439  593
25.524670  22
25.531491  347
25.536655  21
25.545534  809
25.563233  113
25.567318  19
25.569510  17
25.611524  299
25.624543  277
25.626775  370
25.749711  328
25.756688  16
25.769487  12
25.785240  358
25.787672  353
25.804293  328
25.806805  259
25.818227  231
25.824904  226
25.830108  216
25.842103  256
25.844755  245
25.847067  600
25.853604  594
25.858069  223
25.860042  222
25.862474  681
25.866599  699
25.880912  162
25.888728  78
25.909019  524
25.932522  92
25.937327  0
25.959255  0
25.971495  19
25.991913  401
25.996058  0
25.997691  0
26.020493  0
26.022765  0
26.035759  0
26.106793  32
26.110958  29
26.123204  26
26.152686  0
26.158484  378
26.207107  0
26.258807  269
26.263132  268
26.270209  391
26.272821  373
26.292812  0
26.370047  7
26.372659  11
26.375071  12
26.387978  14
26.390130  13
26.392722  0
26.408928  336
26.428585  11
26.430258  4
26.459342  262
26.497599  8
26.522334  369
26.557776  10
26.573268  0
26.651975  250
26.661025  378
26.664810  357
26.792310  13
26.802298  11
26.804430  10
26.806183  10
26.807956  10
26.809649  9
26.813039  8
26.869171  14
26.886570  29
26.914660  19
26.918585  27
26.923069  29
26.930365  25
27.052028  0
27.096505  258
27.131308  9
27.200704  366
27.222687  11
27.230023  12
27.232375  2
27.234787  14
27.241504  35
27.250533  39
27.253065  40
27.263432  41
27.268216  42
27.296279  38
27.300184  37
27.336837  29
27.338970  53
27.358601  58
27.363285  10
27.374806  52
27.385108  57
27.399062  57
27.410004  56
27.442690  51
27.455285  6
27.479492  5
27.493760  20
27.521782  6
27.529153  273
27.545338  279
27.551036  382
27.568056  285
27.574820  23
27.595750  25
27.665596  409
27.707560  53
27.722527  68
27.727271  32
27.731676  69
27.733988  71
27.738932  75
27.740525  74
27.754365  75
27.763394  41
27.767199  340
27.772523  55
27.797759  33
27.802084  59
27.812576  59
27.822205  62
27.824178  55
27.838752  81
27.843636  94
27.866040  103
27.882273  417
27.925022  76
27.970712  70
27.972345  64
27.981335  76
27.999513  84
28.007723  66
28.009336  389
28.015873  315
28.017706  428
28.029182  438
28.036019  71
28.046222  62
28.057742  323
28.073927  67
28.148829  430
28.210734  371
28.221431  77
28.227493  78
28.231598  68
28.244277  90
28.250379  70
28.252032  101
28.260626  110
28.265550  114
28.267243  109
28.268916  109
28.270529  108
28.272202  447
28.277505  87
28.291418  85
28.296642  49
28.300747  386
28.310459  340
28.320454  73
28.331196  64
28.346622  108
28.353937  78
28.368404  80
28.375760  131
28.391191  131
28.393883  126
28.409424  445
28.451504  115
28.465378  19
28.504061  68
28.527283  95
28.531348  87
28.536776  400
28.541915  98
28.572274  448
28.575979  463
28.588215  126
28.601330  383
28.740342  67
28.741915  494
28.801561  111
28.817266  113
28.819738  114
28.821531  126
28.840437  182
28.849461  100
28.867589  107
28.874625  185
28.878015  188
28.879648  204
28.884372  204
28.891208  205
28.909885  125
28.915253  114
28.917206  426
28.919079  201
28.936567  107
28.962830  123
28.982066  136
28.989582  211
28.997677  214
29.006786  212
29.017089  514
29.053060  196
29.071059  90
29.077117  504
29.092085  148
29.119868  444
29.121601  132
29.128798  400
29.142453  151
29.148611  161
29.165657  188
29.167450  154
29.169283  162
29.187090  166
29.208063  559
29.219225  401
29.221837  534
29.230427  223
29.235092  477
29.285966  205
29.300534  170
29.330908  139
29.387459  471
29.394496  569
29.466928  241
29.482599  487
29.488042  203
29.498517  576
29.521739  257
29.524391  196
29.529116  257
29.546440  258
29.553776  263
29.575035  269
29.604155  222
29.607940  190
29.614417  273
29.616709  536
29.620195  279
29.625059  133
29.631457  216
29.633370  236
29.652603  207
29.667871  208
29.680186  214
29.689794  297
29.691447  295
29.695332  294
29.709054  601
29.751695  270
29.763337  204
29.799575  207
29.830153  224
29.856151  234
29.866058  237
29.869923  235
29.881444  245
29.892747  618
29.901237  491
29.902830  242
29.909867  592
29.920022  276
29.927419  532
29.970351  215
29.992599  255
30.054069  252
30.070853  286
30.089570  649
30.106708  305
30.137884  617
30.153075  296
30.167228  540
30.194913  284
30.197944  292
30.213630  651
30.222219  294
30.233141  300
30.238065  298
30.245641  261
30.260094  274
30.271835  298
30.305304  572
30.345612  270
30.353674  599
30.366868  314
30.368461  275
30.386400  280
30.392765  298
30.399841  299
30.403926  311
30.416146  244
30.418299  329
30.445151  294
30.493349  296
30.545651  279
30.567967  298
30.595294  302
30.613526  319
30.616697  551
30.619828  660
30.629596  578
30.639679  328
30.642870  334
30.645122  676
30.650296  331
30.694491  328
30.718437  301
30.851331  680
30.877367  692
30.890102  338
30.926047  699
30.938362  338
30.940614  581
30.944040  304
30.973121  305
30.994729  329
31.031134  372
31.038910  375
31.046106  317
31.067216  314
31.074193  385
31.076805  387
31.079377  390
31.083462  402
31.087347  384
31.089519  383
31.091931  338
31.116574  328
31.119605  316
31.133210  638
31.137515  646
31.141900  371
31.158867  340
31.174508  339
31.177783  322
31.180495  371
31.188852  355
31.193037  382
31.196922  382
31.204837  327
31.215279  382
31.216912  383
31.227838  723
31.265963  388
31.268235  342
31.339133  358
31.363955  373
31.365588  380
31.368240  583
31.392880  588
31.395192  339
31.404862  735
31.407534  624
31.412239  378
31.414451  378
31.416603  378
31.421687  334
31.428484  721
31.461896  382
31.493972  362
31.496264  385
31.522527  317
31.531680  378
31.580640  694
31.582313  687
31.591223  679
31.596048  678
31.598760  312
31.601192  310
31.606136  664
31.612573  282
31.614985  531
31.616698  284
31.652077  268
31.656142  265
31.661425  256
31.672874  250
31.677479  236
31.679731  231
31.681324  213
31.685968  201
31.689414  204
31.694378  204
31.696730  222
31.700256  221
31.709732  233
31.733252  206
31.736403  204
31.741787  218
31.744159  529
31.747365  195
31.748958  205
31.758007  203
31.759580  182
31.778251  213
31.784369  220
31.789253  211
31.793358  214
31.796070  208
31.802407  212
31.813708  215
31.815381  597
31.828368  215
31.830301  215
31.835125  216
31.836718  582
31.840703  578
31.877432  221
31.912702  202
31.915094  201
31.925042  526
31.960990  220
31.962963  220
31.967787  213
31.991809  458
31.993562  206
31.999540  199
32.001153  452
32.002886  194
32.011009  205
32.017366  202
32.023724  583
32.030541  448
32.059961  202
32.094249  212
32.118069  187
32.127358  196
32.182104  556
32.185195  554
32.192611  194
32.195163  207
32.197395  578
32.209256  426
32.217311  154
32.225266  153
32.236168  167
32.240173  152
32.245257  150
32.246830  150
32.258571  153
32.261682  172
32.263894  154
32.284904  160
32.287596  146
32.298770  474
32.300383  142
32.304508  160
32.309312  155
32.312938  140
32.314511  472
32.329463  153
32.331296  142
32.337614  141
32.347342  142
32.349275  145
32.352701  525
32.356726  141
32.366374  139
32.374704  499
32.404458  134
32.427020  132
32.434057  113
32.442886  438
32.463437  116
32.470334  109
32.471987  108
32.490230  353
32.499479  106
32.501212  98
32.503364  104
32.510815  100
32.518805  483
32.557572  102
32.578162  112
32.618342  92
32.625518  417
32.638125  87
32.687004  467
32.704483  352
32.713293  85
32.745933  88
32.754682  89
32.760760  91
32.762333  88
32.765564  86
32.767297  85
32.780974  103
32.791269  108
32.793062  91
32.795554  85
32.798166  416
32.800878  100
32.808249  82
32.813053  99
32.825368  88
32.831766  100
32.836191  94
32.838423  473
32.842548  91
32.862748  453
32.877875  97
32.884293  82
32.937477  407
32.966882  103
32.978284  90
32.987294  94
32.989746  341
33.153435  88
33.172580  88
33.174433  448
33.178259  472
33.185515  88
33.189960  340
33.194105  70
33.200842  69
33.204967  85
33.230071  69
33.234915  68
33.245681  69
33.249806  70
33.260687  59
33.262300  56
33.267624  390
33.272009  71
33.275794  69
33.280199  68
33.281932  385
33.286357  67
33.301164  67
33.305389  454
33.328376  74
33.332881  433
33.341831  74
33.387170  334
33.389822  82
33.398971  382
33.421000  83
33.429050  79
33.434109  74
33.440566  69
33.444751  68
33.452888  73
33.454601  71
33.474488  334
33.480786  329
33.490695  59
33.504783  322
33.516065  320
33.523296  67
33.547218  430
33.615946  69
33.635818  445
33.637551  422
33.643449  66
33.645621  313
33.660588  56
33.676334  73
33.694508  57
33.699252  55
33.708361  59
33.717610  59
33.719223  60
33.724706  63
33.768114  73
33.791811  79
33.804726  84
33.838152  85
33.849214  81
33.893135  77
33.898479  386
33.908783  400
33.999688  93
34.015422  356
34.030689  84
34.191470  65
34.198887  101
34.200940  71
34.217747  101
34.224704  110
34.227376  84
34.239416  115
34.254872  118
34.281690  123
34.284362  93
34.288887  403
34.294925  111
34.304214  135
34.310712  411
34.326819  69
34.332964  91
34.344101  110
34.360107  444
34.365877  148
34.371895  151
34.378432  158
34.385309  153
34.391946  137
34.440256  447
34.448151  103
34.462679  113
34.469396  88
34.481811  64
34.488588  106
34.497437  358
34.503735  79
34.505608  370
34.516750  76
34.522054  127
34.528692  133
34.531104  375
34.539354  379
34.558707  132
34.575092  140
34.581290  466
34.627253  109
34.669489  107
34.691994  487
34.696798  115
34.707901  90
34.722948  123
34.748423  128
34.753175  489
34.764817  136
34.769961  135
34.786028  107
34.788061  112
34.810864  141
34.814769  147
34.823099  126
34.831429  139
34.863317  148
34.895109  146
34.897501  121
34.904098  114
34.913507  153
34.917872  137
34.919805  492
34.935938  160
34.946346  162
34.950531  156
34.983356  116
34.985309  467
35.003848  145
35.025318  117
35.031021  141
35.048401  111
35.058824  149
35.069665  402
35.085832  404
35.088424  490
35.110423  156
35.120851  159
35.140683  515
35.192553  139
35.230337  127
35.241459  150
35.248395  515
35.252125  154
35.259796  409
35.266233  136
35.312865  516
35.323608  147
35.359905  149
35.362057  132
35.373798  157
35.376150  155
35.378782  154
35.390663  141
35.407447  148
35.429131  160
35.446656  172
35.458417  160
35.464554  164
35.473164  147
35.478962  159
35.498497  178
35.513089  178
35.515401  177
35.517733  175
35.520145  173
35.554847  475
35.585173  489
35.587605  165
35.589717  166
35.602097  172
35.603770  136
35.605962  158
35.609847  189
35.622007  153
35.631336  159
35.647003  409
35.659258  416
35.663383  535
35.673271  432
35.679828  173
35.683873  169
35.688418  171
35.759511  173
35.775586  490
35.798148  166
35.807916  165
35.810288  172
35.812740  164
35.820930  539
35.825015  424
35.841500  170
35.847538  163
35.859978  153
35.862250  420
35.878356  522
35.884973  151
35.888683  164
35.897693  526
35.907262  164
35.924801  149
35.933890  150
35.955787  146
35.980961  488
35.999388  167
36.004332  485
36.008996  166
36.023158  541
36.034260  169
36.041057  173
36.050826  175
36.056893  177
36.064369  169
36.071146  166
36.077943  166
36.080135  163
36.147734  483
36.150046  177
36.168924  149
36.170657  172
36.172850  177
36.186843  169
36.191128  174
36.202390  162
36.204602  420
36.227153  548
36.234389  420
36.248096  163
36.253974  164
36.266053  528
36.274682  525
36.325692  171
36.335180  480
36.344763  162
36.368963  168
36.376993  542
36.379165  412
36.389947  149
36.392159  163
36.401448  168
36.409144  146
36.434051  521
36.444358  160
36.451774  519
36.454326  141
36.455899  152
36.469916  137
36.474088  136
36.480804  137
36.485329  134
36.501494  138
36.510903  136
36.525056  150
36.527608  468
36.530060  467
36.532532  147
36.534784  146
36.539788  144
36.544093  460
36.562531  131
36.567335  130
36.578485  128
36.624975  136
36.626628  136
36.633045  146
36.652022  406
36.669621  460
36.678150  124
36.684688  458
36.686261  151
36.690207  151
36.697803  146
36.699816  139
36.702128  131
36.703801  126
36.712391  133
36.718768  125
36.722793  120
36.725844  380
36.732581  380
36.734773  374
36.736366  500
36.738738  374
36.760389  123
36.767505  122
36.770037  121
36.774941  484
36.780999  480
36.837205  123
36.846953  432
36.855423  114
36.864512  108
36.874440  92
36.885421  365
36.887993  495
36.898859  101
36.900592  97
36.903818  108
36.910535  91
36.913067  103
36.920622  360
36.926879  457
36.928652  457
36.937451  85
36.941865  102
36.959773  108
36.974065  98
36.978410  87
36.982539  87
37.000118  90
37.021585  100
37.023378  416
37.025590  97
37.031927  96
37.052485  93
37.054058  92
37.055711  96
37.061035  99
37.065380  89
37.074948  480
37.088102  88
37.101856  86
37.103909  85
37.105482  84
37.112259  83
37.126527  333
37.140360  391
37.148650  61
37.156481  81
37.166764  79
37.168537  69
37.170590  71
37.177407  77
37.179519  73
37.183145  69
37.187350  321
37.202549  321
37.204262  320
37.207433  449
37.215723  320
37.226025  62
37.234335  425
37.240253  425
37.303046  74
37.312315  386
37.336566  49
37.379745  59
37.413324  68
37.424565  58
37.433475  52
37.435787  50
37.438359  49
37.441031  48
37.448861  47
37.460162  51
37.484133  59
37.497012  55
37.500997  51
37.502870  54
37.506975  41
37.532553  445
37.562088  53
37.573710  306
37.592609  373
37.603826  58
37.615177  51
37.617170  48
37.622454  57
37.654291  309
37.656009  312
37.658062  436
37.668684  50
37.674801  52
37.689073  414
37.724127  332
37.739974  13
37.747011  0
37.763117  386
37.769395  0
37.772027  2
37.774259  0
37.778484  0
37.797756  0
37.802341  345
37.839504  0
37.858898  0
37.878175  0
37.880288  0
37.884453  0
37.888838  295
37.908071  363
37.956879  242
37.958632  0
38.018327  0
38.037379  242
38.061375  0
38.195832  0
38.202307  16
38.225010  21
38.258145  20
38.265142  10
38.269547  10
38.274032  12
38.277977  15
38.282861  20
38.284574  0
38.292964  16
38.305986  23
38.329323  3
38.331655  26
38.356846  28
38.395930  300
38.420453  10
38.432928  20
38.451740  368
38.453433  251
38.479382  38
38.532447  301
38.550610  7
38.563230  19
38.591775  378
38.600265  26
38.627033  27
38.629565  358
38.632197  45
38.647285  46
38.648918  43
38.651909  42
38.676908  38
38.696385  41
38.701984  32
38.708601  33
38.710294  37
38.715777  41
38.779739  40
38.810872  326
38.814937  18
38.823367  333
38.829944  34
38.841645  36
38.845830  6
38.847503  17
38.856333  38
38.865163  267
38.871960  8
38.876585  400
38.880451  272
38.896536  412
38.934675  37
38.940613  49
38.961223  361
38.987931  339
39.016454  78
39.034737  70
39.040739  2
39.047156  39
39.054172  41
39.092985  373
39.095138  66
39.099782  69
39.104374  77
39.113482  79
39.118985  283
39.120978  19
39.148706  81
39.151198  43
39.159968  73
39.179479  54
39.181372  81
39.183744  86
39.193093  76
39.221028  88
39.232031  41
39.248152  89
39.274600  40
39.294132  43
39.309240  42
39.322584  387
39.325950  32
39.328662  82
39.333047  44
39.344583  286
39.346396  40
39.350981  98
39.362697  416
39.364370  318
39.385898  445
39.392216  81
39.403653  85
39.423145  90
39.441618  422
39.456505  82
39.473585  374
39.477331  86
39.497636  90
39.502141  49
39.513187  98
39.523350  63
39.529688  82
39.534013  64
39.538677  91
39.541548  450
39.546053  102
39.559797  47
39.561770  66
39.568467  92
39.580782  99
39.583094  105
39.587958  103
39.593341  429
39.608588  327
39.610721  81
39.618872  63
39.640903  106
39.649065  69
39.681312  105
39.688029  100
39.694447  400
39.712961  463
39.719538  118
39.725116  123
39.767417  124
39.773695  334
39.807281  85
39.834370  108
39.838635  45
39.843082  96
39.845714  106
39.858649  120
39.866025  466
39.868657  345
39.881552  94
39.890582  86
39.897200  116
39.911947  115
39.931461  437
39.933414  101
39.962016  89
39.968034  407
40.022703  89
40.029301  108
40.031473  93
40.038230  111
40.044608  486
40.047040  101
40.049173  123
40.053239  107
40.063342  108
40.067627  101
40.072052  112
40.086799  120
40.088532  121
40.090145  122
40.102424  452
40.115219  103
40.130299  357
40.168287  104
40.177856  125
40.202912  126
40.206478  121
40.234678  133
40.238004  111
40.256203  134
40.258555  98
40.285912  115
40.337844  115
40.350039  126
40.356697  128
40.385599  133
40.396031  488
40.399197  363
40.420179  490
40.428996  141
40.451285  136
40.453198  122
40.459935  455
40.462207  133
40.471276  458
40.479686  147
40.505456  437
40.539657  150
40.556190  107
40.571218  494
40.577855  135
40.588417  119
40.597167  115
40.622596  137
40.629033  470
40.661223  376
40.689005  116
40.691617  150
40.704791  149
40.720438  149
40.727075  155
40.733612  148
40.751572  514
40.771484  124
40.780074  130
40.784399  144
40.810735  124
40.812628  161
40.816673  161
40.831301  382
40.869019  132
40.890723  443
40.897999  144
40.900571  140
40.913446  137
40.915519  135
40.919524  147
40.922679  383
40.924552  152
40.943244  387
41.004166  144
41.014329  142
41.031649  163
41.040461  157
41.065896  458
41.091649  147
41.102359  146
41.106404  156
41.115445  157
41.119490  142
41.121343  151
41.125495  154
41.127148  164
41.132631  145
41.138529  153
41.147838  148
41.158781  149
41.163725  159
41.176529  151
41.201424  153
41.223654  157
41.239560  166
41.242886  162
41.259977  166
41.274990  166
41.284019  158
41.285732  156
41.304665  144
41.337291  162
41.346974  160
41.351953  159
41.368517  147
41.380053  159
41.402656  161
41.415295  160
41.426281  152
41.440774  162
41.450782  163
41.454627  164
41.466069  169
41.566468  164
41.582495  171
41.588973  167
41.605218  168
41.675318  163
41.679922  169
41.684307  163
41.686899  153
41.708762  168
41.732375  169
41.775143  167
41.795422  169
41.804891  169
41.812667  171
41.830712  167
41.852967  172
41.857201  171
41.866795  171
41.868368  171
41.885882  170
41.892638  160
41.922748  163
41.946069  164
41.962874  170
41.974015  170
41.987472  158
42.008320  174
42.015886  175
42.019596  171
42.022108  190
42.023801  173
42.026193  190
42.036276  181
42.038808  179
42.041999  183
42.075960  171
42.080904  173
42.108550  170
42.110723  174
42.134144  162
42.145405  183
42.170091  190
42.179779  189
42.182970  179
42.185162  182
42.192678  183
42.194271  161
42.205572  175
42.211175  153
42.212908  180
42.217832  188
42.220504  181
42.223635  156
42.231350  170
42.234945  182
42.240229  184
42.242541  181
42.245093  161
42.251111  164
42.283410  163
42.285083  181
42.305289  173
42.307002  173
42.331736  178
42.351127  177
42.358383  176
42.365958  180
42.387866  185
42.409175  182
42.429371  170
42.434255  186
42.437581  181
42.444078  184
42.448343  181
42.453387  188
42.455739  169
42.472224  186
42.480654  185
42.500939  176
42.535814  182
42.542071  189
42.584697  185
42.591155  194
42.593487  188
42.607560  192
42.630726  176
42.645518  184
42.650602  183
42.655346  187
42.660609  185
42.691315  182
42.696039  178
42.717827  182
42.730553  174
42.735557  181
42.738089  171
42.744846  174
42.748017  171
42.757545  169
42.759677  159
42.764601  179
42.769405  178
42.772037  171
42.780007  176
42.781900  174
42.783493  171
42.785785  169
42.789994  155
42.815363  165
42.824452  162
42.829205  165
42.831837  165
42.851460  163
42.893114  163
42.903217  164
42.905449  157
42.907222  157
42.912760  152
42.917904  144
42.927492  147
42.930144  145
42.937160  144
42.951953  133
42.954525  145
42.957097  141
42.966126  139
42.977588  132
42.980754  132
43.020133  136
43.023958  135
43.042603  135
43.051492  131
43.074897  131
43.081304  131
43.083017  132
43.086208  131
43.088540  137
43.092825  131
43.095377  124
43.096950  124
43.099402  124
43.106358  123
43.108670  119
43.115077  120
43.117609  113
43.126259  129
43.132426  111
43.134778  104
43.138703  119
43.143227  114
43.150263  121
43.154168  115
43.158932  110
43.160765  109
43.170173  102
43.172725  100
43.177469  101
43.202177  100
43.210033  101
43.218530  106
43.221022  111
43.225926  106
43.232184  101
43.242906  94
43.245138  107
43.247530  91
43.249303  106
43.253095  100
43.261725  106
43.263718  106
43.273366  95
43.293831  101
43.301821  96
43.305296  95
43.307209  95
43.351986  77
43.355592  63
43.358244  72
43.360416  61
43.371059  67
43.373591  67
43.382100  66
43.384213  67
43.401340  60
43.403253  74
43.424237  59
43.430809  65
43.459708  56
43.461381  61
43.481117  52
43.501966  38
43.506111  42
43.508064  45
43.512828  45
43.514941  43
43.522971  43
43.527435  41
43.529608  33
43.537848  33
43.548330  46
43.550403  35
43.554688  31
43.557400  43
43.559672  42
43.579623  47
43.595558  38
43.600362  37
43.604727  36
43.606600  41
43.608173  36
43.609786  34
43.614570  31
43.622306  26
43.624878  9
43.633808  2
43.636001  17
43.643098  9
43.645251  0
43.647783  8
43.650295  7
43.652428  0
43.672979  2
43.684241  2
43.686334  0
43.694464  0
43.705346  0
43.709611  0
43.728050  0
43.739292  0
43.759457  0
43.805292  0
43.825278  0
43.838392  0
43.862948  0
43.920757  0
43.933653  0
43.957852  0
44.129217  4
44.143091  4
44.158858  6
44.243445  6
44.285975  2
44.313392  0
44.344765  14
44.371160  0
44.401514  16
44.403407  8
44.423167  24
44.445131  16
44.451728  0
44.502557  6
44.514598  18
44.529447  12
44.533053  53
44.560261  25
44.562413  53
44.606022  9
44.612220  11
44.622528  9
44.626813  12
44.631841  24
44.643007  3
44.656294  1
44.664724  18
44.681943  17
44.694239  39
44.701096  10
44.707394  40
44.711239  13
44.726899  57
44.728872  25
44.733257  19
44.743560  53
44.747905  56
44.763798  61
44.767903  63
44.776653  63
44.798311  25
44.812904  4
44.814917  18
44.821674  29
44.825459  53
44.848163  39
44.850755  56
44.857212  52
44.868893  13
44.872998  42
44.874991  18
44.893922  18
44.897448  57
44.917259  63
44.920685  58
44.946069  51
44.950953  51
44.967692  51
44.977420  58
44.998650  21
45.037561  50
45.039234  46
45.048817  55
45.053062  51
45.063985  47
45.066377  58
45.073274  50
45.093559  51
45.113511  58
45.120128  57
45.135265  30
45.141023  58
45.154597  54
45.156490  58
45.176501  63
45.178474  67
45.192967  44
45.211007  47
45.229266  62
45.249066  55
45.250639  60
45.254105  63
45.287703  60
45.321973  66
45.345396  55
45.347289  56
45.361382  70
45.387919  68
45.398002  83
45.415102  87
45.421480  96
45.425825  100
45.432722  64
45.442331  98
45.480591  67
45.504706  61
45.509031  60
45.513675  67
45.521766  60
45.523599  68
45.533750  66
45.536422  60
45.548051  77
45.573087  78
45.587475  82
45.602711  82
45.609508  71
45.618877  68
45.620630  94
45.645792  92
45.658967  97
45.665984  112
45.678459  121
45.689281  124
45.691673  126
45.718796  82
45.727251  70
45.731276  87
45.733449  98
45.738134  76
45.739827  80
45.748177  100
45.750889  73
45.767031  119
45.779406  91
45.790169  107
45.792761  65
45.827540  106
45.835811  113
45.840815  122
45.849365  115
45.858714  119
45.860547  109
45.871050  114
45.906569  116
45.914804  119
45.922975  122
45.940552  122
45.946989  118
45.953426  98
45.958010  105
45.997211  83
46.001496  112
46.004782  86
46.007034  110
46.014370  102
46.019114  124
46.027664  100
46.032528  86
46.049745  121
46.063699  106
46.069337  112
46.078505  116
46.103902  125
46.115584  119
46.130751  106
46.139101  129
46.146497  145
46.154348  121
46.161565  157
46.187474  160
46.199544  119
46.217242  124
46.235161  163
46.248971  102
46.250924  117
46.261687  135
46.270217  130
46.274422  127
46.278827  123
46.284685  161
46.303043  121
46.307208  162
46.312352  141
46.314145  115
46.351476  152
46.371208  157
46.381611  143
46.390181  157
46.424240  160
46.447817  131
46.449390  163
46.463564  162
46.476799  127
46.478452  144
46.487382  129
46.521084  146
46.525150  163
46.527822  147
46.538185  144
46.544642  147
46.556323  161
46.572109  152
46.578227  163
46.591581  140
46.604936  149
46.634910  167
46.648105  159
46.656535  168
46.682665  162
46.686890  165
46.689602  170
46.717449  176
46.742464  147
46.750654  162
46.767521  124
46.769773  182
46.779622  142
46.805958  162
46.815831  166
46.823107  178
46.827332  171
46.840613  171
46.868135  178
46.882269  164
46.884781  163
46.915660  188
46.919366  171
46.926522  191
46.935551  175
46.942428  195
46.945579  193
46.967544  197
46.972628  196
46.996525  196
46.999756  196
47.001849  163
47.003682  196
47.012232  191
47.036129  163
47.066049  172
47.087073  171
47.095483  182
47.112784  171
47.138602  171
47.144879  200
47.161224  172
47.176378  179
47.195557  181
47.205772  197
47.216479  179
47.244324  202
47.246596  196
47.251280  176
47.253792  194
47.255645  200
47.263775  203
47.295099  206
47.317833  207
47.324290  185
47.331761  172
47.346373  216
47.351297  194
47.375066  200
47.376879  195
47.389174  211
47.392560  211
47.395451  213
47.407675  201
47.410586  211
47.416294  197
47.449310  202
47.453735  201
47.465920  204
47.498355  208
47.515179  208
47.517891  219
47.525028  220
47.529852  219
47.532344  218
47.570804  221
47.590500  220
47.609471  209
47.614842  193
47.646633  190
47.679664  201
47.691017  202
47.705948  204
47.715017  215
47.731861  201
47.736106  202
47.753491  205
47.757616  206
47.759828  203
47.767024  207
47.776352  202
47.780976  210
47.789646  202
47.799654  202
47.819854  212
47.821467  206
47.823819  211
47.854416  198
47.877753  207
47.882697  196
47.895081  197
47.898247  212
47.901713  203
47.911301  204
47.933388  197
47.943915  205
47.948100  204
47.954777  202
47.956929  203
47.958662  199
47.963506  202
47.973094  197
47.989560  197
47.997016  196
48.001321  193
48.022390  199
48.026815  192
48.047445  188
48.054541  194
48.061558  185
48.064150  190
48.070807  182
48.096470  183
48.107331  182
48.109064  182
48.118013  181
48.119606  184
48.125089  180
48.126962  180
48.131027  179
48.146677  177
48.148470  179
48.151421  174
48.196716  191
48.223803  198
48.232513  189
48.241966  191
48.286563  194
48.302188  190
48.305059  191
48.306772  189
48.343208  195
48.347673  193
48.352497  189
48.354949  194
48.364138  192
48.367249  196
48.370615  189
48.375367  198
48.381984  191
48.430373  193
48.441669  187
48.443322  189
48.453729  188
48.514842  196
48.523085  196
48.527629  192
48.557649  192
48.584958  189
48.588903  187
48.591055  187
48.603390  185
48.607715  185
48.610227  191
48.620190  182
48.632180  177
48.634592  177
48.648126  177
48.650678  175
48.652871  178
48.657615  171
48.663413  171
48.669611  163
48.672083  168
48.685437  158
48.715397  164
48.723508  161
48.732258  161
48.740588  153
48.769695  142
48.789591  142
48.802338  144
48.805624  144
48.807237  142
48.816830  143
48.822957  135
48.835416  140
48.837728  131
48.840819  138
48.844405  131
48.846617  129
48.849668  130
48.859456  137
48.866493  137
48.900026  131
48.916112  137
48.924163  138
48.936178  130
48.941581  135
48.950978  123
48.975854  130
48.990048  131
48.994293  132
48.998198  131
49.004495  126
49.012845  113
49.022333  112
49.033555  114
49.041965  108
49.063873  100
49.082038  95
49.087476  92
49.111244  104
49.125457  98
49.134214  97
49.172864  98
49.179801  97
49.224044  99
49.243361  106
49.248006  102
49.268371  104
49.270204  104
49.286830  98
49.291335  98
49.293467  103
49.297732  102
49.301118  97
49.303650  103
49.315431  100
49.320176  96
49.321889  99
49.328587  95
49.375261  78
49.382178  85
49.390189  86
49.398331  84
49.418028  83
49.435669  89
49.441067  92
49.447564  88
49.465515  82
49.503700  86
49.513843  89
49.518747  85
49.522213  87
49.551627  85
49.570071  90
49.580874  85
49.615614  86
49.664166  85
49.670683  80
49.681985  83
49.693207  84
49.705568  76
49.721623  76
49.731411  75
49.733004  70
49.736530  70
49.746558  75
49.751442  72
49.755267  64
49.806389  73
49.823729  80
49.827794  83
49.831660  84
49.835805  84
49.853685  74
49.859962  78
49.863708  74
49.867873  75
49.870465  74
49.882086  72
49.896194  64
49.906656  65
49.936571  65
49.941256  63
49.943768  64
49.945601  62
49.980861  64
49.995968  68
50.003923  68
50.006295  70
50.014726  70
50.046492  68
50.054048  70
50.098957  75
50.361014  86
50.367472  67
50.395074  81
50.408389  93
50.412634  94
50.419411  101
50.457837  101
50.475497  72
50.479642  109
50.512381  77
50.543574  106
50.585924  96
50.623368  80
50.634350  111
50.669942  82
50.675720  87
50.687708  90
50.700763  88
50.721335  101
50.756976  95
50.771244  84
50.785124  99
50.789269  117
50.803617  87
50.817460  85
50.824748  98
50.863992  83
50.867937  99
50.873755  120
50.912658  115
50.927131  146
50.934488  101
50.941525  148
50.962578  149
50.967163  153
50.973687  113
50.975340  108
50.977153  153
50.991565  116
51.000235  152
51.021487  107
51.040819  82
51.042492  115
51.049249  99
51.053774  136
51.078008  80
51.111030  127
51.119521  112
51.125519  143
51.135909  143
51.140494  101
51.145099  113
51.149364  115
51.175122  97
51.217452  115
51.223570  148
51.235946  116
51.262419  118
51.288649  154
51.306921  148
51.317415  136
51.324272  146
51.327538  144
51.329331  168
51.331743  107
51.339239  141
51.346217  139
51.357059  113
51.361964  165
51.368542  153
51.403821  148
51.406113  171
51.422919  172
51.424532  171
51.467762  144
51.471847  121
51.474499  153
51.494864  187
51.518082  155
51.525477  193
51.527749  151
51.535445  180
51.561162  190
51.571249  197
51.573102  157
51.599898  188
51.607194  195
51.613991  136
51.618775  167
51.629118  123
51.677073  171
51.693259  172
51.706153  166
51.708705  181
51.720573  133
51.758962  180
51.767652  178
51.792048  174
51.799085  185
51.808394  186
51.850173  173
51.868786  182
51.886753  190
51.892656  166
51.899034  154
51.907404  178
51.955029  174
51.961846  195
51.973866  194
51.975979  186
52.003487  182
52.015008  177
52.019160  187
52.028369  193
52.030022  188
52.053843  195
52.066602  192
52.070088  189
52.073893  190
52.080210  188
52.095300  171
52.105922  189
52.107735  183
52.113373  184
52.116524  183
52.122981  194
52.130971  195
52.160653  193
52.170062  190
52.230183  191
52.253421  189
52.261736  171
52.273896  191
52.304114  188
52.306246  194
52.314636  189
52.329590  192
52.373096  192
52.403413  193
52.428955  196
52.431227  196
52.439337  195
52.444101  199
52.445774  195
52.460526  188
52.470255  193
52.476792  197
52.526909  194
52.531234  192
52.555243  194
52.557935  193
52.564852  192
52.573601  193
52.580298  194
52.588193  191
52.595089  194
52.612967  193
52.619584  192
52.622276  190
52.641333  195
52.645338  197
52.651755  193
52.654941  192
52.658187  191
52.672400  190
52.682208  203
52.697499  196
52.710633  198
52.719163  200
52.725021  203
52.734689  193
52.749037  195
52.792987  199
52.797292  193
52.799664  199
52.804388  192
52.811185  193
52.822706  193
52.829223  192
52.850920  191
52.852753  190
52.855405  190
52.861862  188
52.868499  185
52.904565  191
52.943173  178
52.960059  178
52.962531  177
52.971041  171
52.973433  170
52.978197  165
52.983022  163
53.052335  171
53.054068  176
53.056720  177
53.066049  169
53.072966  176
53.097882  172
53.099535  173
53.113388  174
53.115421  171
53.117873  173
53.120305  172
53.121898  170
53.133699  165
53.136231  162
53.140556  160
53.143148  159
53.151817  159
53.154289  165
53.166529  167
53.168462  169
53.184328  160
53.189152  161
53.196653  162
53.200598  169
53.202371  160
53.213952  167
53.219156  165
53.227446  160
53.234862  157
53.241419  157
53.245584  161
53.256430  158
53.295053  154
53.300871  153
53.302464  146
53.336397  157
53.347782  164
53.366960  155
53.378348  167
53.389670  167
53.525567  170
53.535000  169
53.569825  159
53.571398  157
53.582005  157
53.620369  159
53.632010  155
53.645464  168
53.671565  161
53.679756  157
53.684561  151
53.689026  145
53.699249  140
53.703215  146
53.709133  139
53.716110  141
53.720195  136
53.724500  133
53.745586  131
53.747699  129
53.756728  128
53.797039  141
53.801744  137
53.808761  135
53.816197  136
53.820869  140
53.836256  143
53.849670  146
53.879823  136
53.885761  138
53.896624  138
53.910918  144
53.966743  129
53.989061  132
54.000702  134
54.019654  131
54.025752  130
54.060251  130
54.062783  129
54.071193  122
54.100362  122
54.102554  114
54.119318  132
54.134032  111
54.142502  117
54.152425  114
54.172017  112
54.185372  113
54.189817  112
54.194422  111
54.210402  103
54.212115  105
54.258675  110
54.263020  108
54.268643  114
54.308267  113
54.348824  118
54.358727  117
54.366398  114
54.382604  118
54.545985  114
54.588783  114
54.608921  117
54.636983  124
54.656803  125
54.680874  111
54.691057  112
54.700885  118
54.702738  132
54.713509  125
54.722677  119
54.768038  117
54.886038  134
54.913185  126
54.929651  132
54.942233  126
54.992312  132
54.996258  129
55.022434  111
55.024367  131
55.053862  141
55.055635  134
55.064984  127
55.069469  137
55.071662  144
55.100084  124
55.110823  142
55.113894  142
55.145460  133
55.154494  142
55.156846  147
55.165975  153
55.186506  117
55.223074  142
55.235841  160
55.244890  145
55.251427  131
55.259957  143
55.297070  127
55.311677  145
55.370939  147
55.392809  124
55.432645  175
55.453129  159
55.455521  161
55.463911  134
55.471262  146
55.483282  167
55.501699  149
55.514808  141
55.535917  155
55.557060  185
55.565649  130
55.572206  191
55.601606  158
55.614772  172
55.619576  182
55.655627  183
55.663782  160
55.675562  145
55.681660  124
55.690430  188
55.697067  183
55.698900  180
55.703824  183
55.706476  180
55.724774  165
55.726467  172
55.736310  175
55.758458  182
55.765239  152
55.795720  174
55.832595  154
55.846129  172
55.864087  177
55.914208  181
55.929060  179
55.941200  173
55.987998  184
56.004094  190
56.017020  182
56.021525  148
56.046460  187
56.053576  167
56.072336  181
56.074908  185
56.112105  152
56.124160  180
56.129264  200
56.131936  200
56.154538  184
56.209156  187
56.229926  172
56.238536  184
56.240928  181
56.253403  179
56.302235  189
56.321052  189
56.375027  175
56.400319  182
56.422177  184
56.442912  180
56.470637  189
56.486703  181
56.489195  183
56.491487  144
56.511138  200
56.545948  188
56.558948  190
56.561080  188
56.562873  183
56.571942  184
56.580253  179
56.582765  177
56.599350  173
56.600963  169
56.607480  172
56.614616  169
56.633294  165
56.638478  156
56.644916  160
56.651653  152
56.662304  161
56.667787  162
56.672651  166
56.679748  162
56.751522  161
56.758398  162
56.760091  162
56.772631  159
56.781940  154
56.787978  159
56.794415  155
56.798999  155
56.827167  157
56.838148  159
56.848211  159
56.854788  152
56.885445  147
56.900092  144
56.907548  151
56.946760  151
56.991653  167
56.993226  168
57.009072  165
57.013936  159
57.031121  161
57.048240  156
57.055117  152
57.060662  154
57.067439  154
57.071893  151
57.158325  161
57.169168  161
57.170781  163
57.173273  154
57.215557  147
57.235408  144
57.242844  139
57.247209  137
57.254426  137
57.261563  143
57.265648  140
57.267641  146
57.274218  140
57.281355  143
57.290944  145
57.294969  146
57.326941  143
57.329313  139
57.360191  142
57.380621  135
57.399587  138
57.402638  140
57.413121  142
57.432397  139
57.440687  129
57.458745  127
57.467075  121
57.471080  123
57.494516  124
57.520518  117
57.527554  115
57.529247  114
57.533272  111
57.538436  105
57.545033  110
57.552269  103
57.569789  106
57.578219  104
57.584117  105
57.596412  111
57.607834  108
57.623181  100
57.631991  108
57.636755  101
57.678680  104
57.691694  98
57.703055  94
57.711785  96
57.721614  100
57.729744  96
57.734508  96
57.743058  99
57.745969  97
57.776244  87
57.840575  98
57.873162  105
57.931283  104
58.019480  92
58.023026  92
58.030961  89
58.032974  90
58.068441  86
58.079589  93
58.091151  93
58.099381  95
58.127895  98
58.129688  96
58.157230  93
58.163447  89
58.175303  98
58.184392  96
58.186425  96
58.197147  96
58.205083  95
58.211381  92
58.239765  97
58.261479  98
58.263052  98
58.284397  82
58.303103  88
58.307068  85
58.311473  84
58.321003  91
58.334698  82
58.340062  76
58.346800  78
58.375801  75
58.388895  74
58.409960  68
58.417636  61
58.424401  65
58.437676  62
58.442180  59
58.460912  69
58.471255  73
58.494972  65
58.516077  74
58.523353  71
58.531423  71
58.585875  67
58.589980  57
58.610527  67
58.699484  80
58.704803  61
58.723495  64
58.734438  64
58.880010  76
58.954366  68
58.977696  78
59.032176  75
59.054607  72
59.069494  76
59.076610  66
59.081175  86
59.114022  81
59.129008  100
59.188913  75
59.198242  84
59.223839  75
59.232169  104
59.241399  70
59.243551  69
59.263662  63
59.279129  102
59.309898  91
59.316942  75
59.323819  100
59.352679  98
59.358297  108
59.362322  91
59.371032  97
59.377429  99
59.407518  110
59.427269  97
59.430875  93
59.437292  101
59.455211  96
59.461629  94
59.464141  107
59.477615  102
59.484352  74
59.511894  90
59.518332  113
59.545625  103
59.556967  117
59.565358  108
59.567490  114
59.591596  103
59.599191  101
59.602617  97
59.609734  115
59.615292  111
59.619457  119
59.659081  101
59.689717  127
59.698687  116
59.701198  117
59.711841  112
59.732036  116
59.753195  129
59.757101  108
59.773666  113
59.820588  122
59.829438  128
59.840820  124
59.850963  128
59.864238  133
59.869996  106
59.874001  136
59.886576  104
59.898722  105
59.921076  118
59.936104  122
59.944734  123
59.963885  111
59.971062  128
59.991754  131
