# t(s) QueuingDelay(ms)
10.192998  0
10.201708  2
10.225313  7
10.236755  7
10.246978  22
10.252956  23
10.259753  35
10.273152  35
10.279050  31
10.285827  30
10.288399  9
10.307592  11
10.314349  30
10.322140  35
10.358418  42
10.362324  46
10.391719  54
10.412204  56
10.418501  77
10.431541  85
10.438958  60
10.462914  87
10.474137  105
10.486512  109
10.489918  96
10.492150  116
10.506238  139
10.508830  104
10.531342  113
10.539792  129
10.560798  135
10.565383  140
10.567575  17
10.579930  143
10.585728  19
10.601335  22
10.622439  56
10.624392  155
10.636439  169
10.643216  67
10.649014  144
10.659956  189
10.661549  186
10.664735  71
10.682214  198
10.687198  227
10.709497  212
10.726556  235
10.735145  236
10.737118  74
10.754097  254
10.761194  264
10.763047  219
10.781800  266
10.783933  230
10.798480  86
10.816460  267
10.820685  94
10.835322  275
10.837175  268
10.843812  140
10.850849  273
10.865397  286
10.867629  290
10.879225  154
10.886382  294
10.890407  300
10.902674  166
10.907079  302
10.923226  302
10.925039  313
10.935762  174
10.938114  324
10.946964  322
10.955034  201
10.957167  317
10.974886  331
10.979092  218
10.988022  335
10.999003  361
11.009506  358
11.011758  226
11.032644  322
11.043607  331
11.058034  360
11.060566  351
11.085038  368
11.101643  368
11.111078  374
11.113510  234
11.122260  358
11.133042  381
11.146856  244
11.150562  386
11.170435  374
11.178985  399
11.186142  68
11.190627  380
11.201437  263
11.203909  73
11.212040  411
11.226947  420
11.231891  299
11.245700  318
11.262651  444
11.264464  388
11.275465  395
11.277418  455
11.287301  466
11.294138  400
11.298623  477
11.304481  320
11.311438  487
11.317816  409
11.319629  334
11.326725  487
11.337668  414
11.340000  338
11.348390  416
11.361186  363
11.363638  431
11.375833  434
11.395906  495
11.410101  508
11.416439  521
11.418851  372
11.428554  519
11.433718  436
11.467489  391
11.482457  390
11.484969  514
11.500051  505
11.504236  93
11.521402  101
11.530003  451
11.548836  358
11.557247  476
11.566616  517
11.579132  531
11.595398  533
11.597051  138
11.607454  544
11.609726  151
11.612418  551
11.627186  546
11.635877  562
11.642024  554
11.651073  578
11.655658  560
11.665561  568
11.669476  620
11.673881  169
11.686626  574
11.688199  625
11.703454  584
11.720854  626
11.725259  177
11.736241  586
11.745725  632
11.749610  594
11.756407  650
11.763224  605
11.773208  631
11.787722  378
11.794399  657
11.798125  389
11.817697  654
11.826387  455
11.839382  486
11.847372  464
11.869337  654
11.884970  673
11.900157  681
11.910599  676
11.934515  480
11.947969  659
11.952434  489
11.968654  675
11.970846  489
11.977244  680
12.001121  699
12.009172  702
12.016968  496
12.029234  707
12.042249  502
12.050399  504
12.080934  709
12.082587  691
12.090138  521
12.095146  725
12.098632  192
12.106508  729
12.117870  748
12.124847  733
12.126820  524
12.131485  756
12.142107  201
12.143720  750
12.168677  834
12.173402  556
12.181931  587
12.197812  835
12.212471  585
12.219108  841
12.226464  757
12.228057  881
12.238720  775
12.245485  899
12.250589  779
12.261925  900
12.266290  802
12.279445  219
12.286302  809
12.298737  814
12.301089  902
12.325980  829
12.328592  300
12.353218  832
12.362168  905
12.370978  837
12.373210  914
12.374803  324
12.395260  931
12.397872  388
12.405443  860
12.415039  979
12.423529  869
12.425522  400
12.431880  981
12.448520  880
12.457297  895
12.463095  908
12.465447  602
12.488246  903
12.494723  605
12.508362  611
12.543282  985
12.551952  975
12.553785  620
12.571324  627
12.589463  635
12.608876  629
12.617505  963
12.713575  651
12.729321  982
12.738816  645
12.770138  642
12.774383  993
12.807570  993
12.822638  634
12.848168  1015
12.863176  407
12.880994  1041
12.888815  1043
12.903802  638
12.910979  1076
12.924161  646
12.934924  1094
12.977735  1100
12.986844  641
12.991269  1115
13.005517  1126
13.017972  1131
13.027062  1115
13.029234  621
13.035672  418
13.046254  1090
13.054504  1075
13.088123  427
13.099464  428
13.119836  419
13.127747  611
13.138410  666
13.140363  405
13.147040  604
13.165179  597
13.173519  668
13.187487  670
13.230498  672
13.236695  610
13.250330  617
13.256948  620
13.286703  622
13.309861  378
13.320664  624
13.373781  650
13.386884  657
13.441756  0
13.497307  348
13.501592  343
13.521224  335
13.583487  288
13.587992  563
13.594489  562
13.633281  292
13.637806  565
13.679984  295
13.722680  565
13.737368  297
13.771168  570
13.783708  557
13.794091  551
13.796044  297
13.813523  1
13.829914  470
13.833840  465
13.860449  256
13.864874  3
13.873604  0
13.939572  479
13.960438  493
13.979750  22
13.986508  42
13.993325  500
14.001715  50
14.092801  4
14.129880  51
14.136357  71
14.176681  60
14.179273  18
14.194281  93
14.202012  97
14.204444  4
14.206916  141
14.208529  276
14.226701  101
14.244620  147
14.253390  305
14.266457  160
14.285769  169
14.290354  389
14.307335  410
14.319003  162
14.333197  449
14.335389  568
14.352130  505
14.369590  457
14.376187  571
14.412899  726
14.419316  731
14.469344  461
14.482997  493
14.493040  512
14.505776  576
14.522205  515
14.536512  9
14.544830  733
14.546723  517
14.563302  739
14.568166  525
14.574364  10
14.588315  740
14.593974  550
14.603523  12
14.618098  515
14.624296  85
14.626149  17
14.635346  566
14.652526  149
14.654659  191
14.657151  525
14.662390  581
14.694977  114
14.696570  679
14.699796  600
14.709963  232
14.733492  631
14.746687  130
14.748799  111
14.757130  649
14.795303  703
14.805726  130
14.812163  668
14.821113  251
14.866536  624
14.877938  230
14.976221  532
14.980606  150
15.018911  213
15.040016  263
15.042328  237
15.052431  220
15.074076  252
15.075949  246
15.096955  275
15.113435  261
15.139099  297
15.228461  275
15.269499  370
15.328374  755
15.345254  763
15.351212  777
15.419917  827
15.434725  195
15.481307  279
15.491930  236
15.546321  546
15.548773  322
15.576517  258
15.578710  314
15.580363  322
15.629729  573
15.657939  593
15.680317  709
15.690853  303
15.721468  324
15.723321  725
15.746946  335
15.759721  791
15.817360  323
15.820072  324
15.842451  850
15.871731  344
15.936653  909
15.952141  339
15.975413  325
16.010727  330
16.024801  921
16.050571  330
16.071064  364
16.080088  324
16.112321  349
16.139012  419
16.190041  340
16.369444  847
16.402831  281
16.417799  847
16.421685  292
16.442849  295
16.461822  371
16.484285  380
16.500111  405
16.503821  381
16.533536  787
16.573874  407
16.587588  420
16.651923  428
16.669941  331
16.703882  336
16.714804  802
16.719129  365
16.734237  388
16.746019  409
16.761767  412
16.774861  406
16.809443  67
16.879499  468
16.913765  405
16.978392  714
16.983795  408
16.995863  693
17.003718  719
17.008362  418
17.014240  418
17.020238  426
17.057164  431
17.148623  678
17.151774  92
17.186812  149
17.196120  827
17.227780  436
17.253533  600
17.269478  487
17.291141  594
17.309939  919
17.355944  897
17.385907  920
17.456159  433
17.461702  920
17.478131  584
17.508835  385
17.523083  389
17.537135  428
17.539727  457
17.560646  829
17.567942  486
17.594403  426
17.619724  519
17.666905  885
17.681018  903
17.686082  426
17.764815  929
17.807955  966
17.836260  445
17.844295  463
17.867321  477
17.890527  453
17.902148  490
17.921360  446
17.982982  459
18.019329  443
18.043009  441
18.047174  449
18.063228  454
18.084596  438
18.086209  436
18.092611  435
18.097655  430
18.099528  430
18.110090  429
18.115238  450
18.116871  449
18.120617  424
18.122250  441
18.123883  420
18.129646  418
18.131259  421
18.204656  444
18.215981  449
18.224670  452
18.234705  455
18.238630  421
18.241856  451
18.254862  430
18.278379  430
18.283203  451
18.294224  451
18.296137  447
18.298489  427
18.301620  426
18.330592  959
18.362983  995
18.370898  990
18.380206  999
18.386348  992
18.406156  993
18.424896  428
18.439857  431
18.443487  428
18.453035  421
18.456301  452
18.460366  424
18.462039  420
18.466513  448
18.470399  418
18.472032  445
18.479088  416
18.489735  445
18.503760  416
18.539746  417
18.543991  446
18.549781  457
18.552872  420
18.564178  424
18.566510  427
18.568103  432
18.572028  928
18.573661  427
18.584248  456
18.598325  425
18.604283  454
18.613596  927
18.633763  455
18.635356  423
18.637848  454
18.662167  450
18.720108  924
18.748328  420
18.763075  419
18.764728  419
18.769552  416
18.772603  419
18.774975  416
18.780154  413
18.787409  416
18.800243  406
18.802735  410
18.806161  409
18.824260  410
18.826812  410
18.832375  440
18.836400  438
18.841384  438
18.849019  437
18.880012  405
18.921659  443
18.923951  443
18.935204  409
18.939449  418
18.957642  456
18.967617  457
18.970548  420
18.976251  424
18.991317  461
19.002119  462
19.024314  424
19.043291  425
19.050811  425
19.055675  410
19.058866  429
19.073230  430
19.074803  428
19.083932  423
19.097655  426
19.100167  421
19.101860  425
19.122677  420
19.125029  420
19.127441  416
19.129114  420
19.133179  419
19.166434  415
19.169066  413
19.180591  155
19.187403  152
19.193405  151
19.194978  148
19.196711  146
19.202274  141
19.205445  140
19.207258  138
19.208871  393
19.210584  137
19.213495  381
19.215927  135
19.236409  380
19.247151  371
19.249423  370
19.286622  893
19.291266  316
19.294996  314
19.297628  872
19.315391  312
19.320175  312
19.342996  310
19.349613  312
19.351226  311
19.354656  340
19.379484  297
19.381117  296
19.384727  298
19.392547  295
19.399044  293
19.402734  297
19.416352  285
19.422749  279
19.431639  279
19.433232  276
19.444323  267
19.460719  263
19.469173  255
19.502981  521
19.507126  232
19.528179  239
19.536709  739
19.581474  236
19.588965  240
19.597759  243
19.600391  246
19.614280  248
19.616692  243
19.624787  249
19.629631  249
19.631344  246
19.636188  254
19.638700  256
19.640573  258
19.647964  248
19.650236  252
19.654321  252
19.663217  251
19.670853  231
19.690353  228
19.711547  227
19.731941  214
19.745874  243
19.789282  214
19.806601  212
19.816575  210
19.819027  215
19.857754  218
19.859327  210
19.930531  0
19.952082  0
19.957106  1
19.958959  1
20.022645  723
20.027429  710
20.042835  148
20.047060  148
20.050686  146
20.054296  145
20.075038  173
20.094689  136
20.103758  132
20.170920  375
20.200426  587
20.334042  31
20.408717  0
20.426261  0
20.485954  0
20.511927  2
20.525742  3
20.534412  7
20.577114  542
20.581838  535
20.590767  0
20.603886  0
20.686752  223
20.720396  440
20.842421  0
20.863491  1
20.971225  0
21.021322  431
21.031258  430
21.098314  119
21.100347  116
21.102959  113
21.105092  113
21.117786  101
21.120138  317
21.124463  310
21.128668  305
21.164310  0
21.280868  252
21.332859  2
21.336070  3
21.338682  6
21.344073  9
21.378591  328
21.467928  74
21.598197  364
21.604115  16
21.725197  12
21.738850  13
21.751261  14
21.755346  69
21.759931  78
21.762643  84
21.768141  81
21.778016  80
21.923160  99
21.932713  285
21.938651  292
21.951605  299
21.954077  105
21.966397  116
21.974555  372
21.983305  151
22.043372  59
22.062374  119
22.115212  119
22.117245  62
22.124241  122
22.126034  161
22.155719  361
22.423636  153
22.430213  159
22.446993  167
22.460148  150
22.461721  150
22.464413  148
22.465986  147
22.468338  147
22.470391  399
22.472244  146
22.473469  146
22.547305  111
22.548918  70
22.573275  10
22.584218  352
22.592967  90
22.595120  95
22.610007  80
22.615725  129
22.617538  88
22.620110  129
22.622802  135
22.625334  134
22.628605  129
22.632131  116
22.634343  120
22.649877  106
22.724861  58
22.727553  67
22.744612  66
22.761776  92
22.765182  92
22.838556  151
22.876670  400
22.904759  156
22.919147  405
22.924291  132
22.934934  134
22.948722  133
22.975671  134
22.981949  141
22.984661  142
23.001541  142
23.027116  365
23.041448  113
23.057134  109
23.061399  106
23.063452  112
23.065565  105
23.092293  95
23.104269  86
23.157826  72
23.181123  73
23.190751  73
23.201653  73
23.217300  354
23.288857  154
23.321288  148
23.374403  424
23.410080  86
23.416378  426
23.450838  150
23.456976  149
23.460202  144
23.480062  111
23.484348  112
23.486620  381
23.489152  111
23.493217  119
23.497762  126
23.502366  124
23.509363  124
23.511436  123
23.521444  113
23.544501  88
23.562427  127
23.573890  421
23.590083  84
23.609584  426
23.648116  70
23.728814  136
23.752850  352
23.779978  132
23.801837  107
23.804249  130
23.807180  401
23.816269  106
23.823046  71
23.841405  410
23.874749  79
23.902218  339
23.912960  90
23.919338  85
23.925995  86
23.933152  86
23.936878  84
23.941822  66
24.045255  70
24.057491  58
24.060697  56
24.142763  85
24.223266  136
24.225019  342
24.235701  108
24.237394  79
24.239487  138
24.286363  109
24.290328  118
24.297585  121
24.309067  122
24.344919  351
24.387293  95
24.401866  92
24.406191  108
24.412808  83
24.434352  108
24.438058  136
24.454997  81
24.459842  58
24.469944  407
24.484831  59
24.500405  55
24.574036  119
24.604749  337
24.662769  57
24.672733  395
24.676698  120
24.696010  403
24.707152  75
24.730515  92
24.740918  90
24.760579  335
24.762752  87
24.775866  86
24.780131  74
24.786209  66
24.806415  73
24.830967  391
24.857816  55
24.873822  70
24.882732  400
24.931286  56
24.935392  57
24.984406  117
25.031776  335
25.063105  333
25.070262  119
25.084850  113
25.110699  96
25.112971  399
25.123214  93
25.136129  90
25.155360  66
25.157293  66
25.163770  322
25.190148  59
25.210047  73
25.228154  74
25.236791  74
25.241255  389
25.256702  77
25.267045  51
25.291461  65
25.305257  50
25.346499  48
25.477049  121
25.481674  325
25.515021  122
25.577424  106
25.585414  338
25.593593  341
25.602163  83
25.617811  68
25.645873  94
25.659502  90
25.680794  89
25.712247  79
25.724762  81
25.729346  52
25.735024  400
25.770163  57
25.812525  69
25.855082  125
25.883464  345
25.894506  131
25.900544  346
25.910926  140
25.925633  359
25.965842  408
25.969648  405
26.016917  354
26.026807  89
26.051348  85
26.069527  101
26.089759  100
26.098109  408
26.104886  98
26.106519  94
26.112177  84
26.113890  407
26.116062  54
26.137847  111
26.150842  140
26.156840  65
26.180037  413
26.188707  61
26.223927  351
26.233755  103
26.235828  97
26.294031  140
26.325684  136
26.370900  85
26.467207  351
26.477870  355
26.526143  94
26.551523  122
26.555968  125
26.559334  123
26.570555  86
26.581158  97
26.594872  103
26.610338  104
26.635748  62
26.639713  414
26.680750  364
26.710351  99
26.729223  114
26.740300  146
26.742752  145
26.763749  152
26.784815  372
26.797810  432
26.810665  155
26.834081  170
26.836114  380
26.856305  173
26.873130  168
26.878688  426
26.895204  435
26.922986  127
26.931477  387
26.948517  126
27.007431  131
27.017419  130
27.033860  108
27.040837  69
27.045102  444
27.051739  119
27.053832  132
27.075397  117
27.082494  438
27.084147  82
27.103219  89
27.109917  440
27.111630  90
27.123350  92
27.141430  137
27.170706  134
27.213695  135
27.246868  133
27.256211  132
27.258823  165
27.264606  385
27.304306  93
27.329897  449
27.352548  99
27.360240  174
27.403723  145
27.432964  391
27.491401  156
27.518810  161
27.538682  446
27.541174  175
27.545280  141
27.577092  103
27.581237  451
27.601550  464
27.609820  102
27.627060  125
27.651277  399
27.675493  164
27.682010  161
27.717169  185
27.736102  164
27.737855  190
27.752083  147
27.762666  462
27.766712  402
27.778813  403
27.780526  193
27.796966  418
27.817396  415
27.825207  198
27.835969  197
27.847431  194
27.860026  472
27.872762  470
27.894486  157
27.908834  412
27.926018  162
27.951349  137
27.959999  148
27.977159  137
27.995518  121
28.007653  472
28.022228  157
28.030278  158
28.042463  160
28.051632  128
28.076782  475
28.078895  147
28.085572  132
28.099660  480
28.114468  131
28.123977  131
28.141417  161
28.163262  162
28.192150  169
28.214773  173
28.263093  174
28.270965  204
28.286192  206
28.291256  414
28.306124  423
28.355611  207
28.362667  211
28.377495  481
28.381880  474
28.430413  426
28.453371  161
28.472129  171
28.489468  173
28.491101  156
28.499351  196
28.512350  162
28.536322  196
28.540927  475
28.550710  198
28.552283  163
28.561651  199
28.563604  483
28.570261  182
28.589073  181
28.628899  498
28.656742  162
28.673292  175
28.690017  178
28.711582  194
28.754111  195
28.760888  214
28.776895  202
28.778928  490
28.780941  220
28.787398  203
28.804798  441
28.811475  232
28.813508  138
28.829155  444
28.834479  511
28.851446  151
28.862148  232
28.870518  450
28.914245  512
28.923474  511
28.949423  187
28.970427  450
29.006975  206
29.041741  208
29.062606  182
29.082138  210
29.092022  196
29.103303  216
29.106829  194
29.111094  218
29.120283  167
29.128833  215
29.148104  516
29.159547  165
29.170489  517
29.173081  167
29.196563  455
29.205472  173
29.254309  206
29.286608  208
29.292546  204
29.300881  239
29.313740  238
29.317146  209
29.328791  208
29.368809  521
29.375826  164
29.384935  228
29.394711  455
29.396509  449
29.442417  508
29.449094  518
29.478818  200
29.483682  208
29.487527  212
29.499188  199
29.508776  191
29.515473  189
29.548927  187
29.560348  174
29.590252  186
29.601173  503
29.618118  186
29.620430  500
29.628860  184
29.640321  156
29.647944  507
29.656633  176
29.670786  505
29.678022  156
29.691020  154
29.693552  505
29.750388  187
29.772057  187
29.795724  170
29.807005  483
29.814221  208
29.816693  166
29.820658  164
29.833937  141
29.841353  116
29.871532  392
29.878548  105
29.900451  433
29.904720  442
29.907052  439
29.935078  139
29.937430  137
29.939203  134
29.964138  115
30.003568  115
30.010744  108
30.012202  106
30.026260  115
30.028552  113
30.031244  101
30.043883  422
30.053251  413
30.062240  402
30.073262  390
30.088792  42
30.092997  38
30.094890  388
30.117185  38
30.122823  36
30.125155  35
30.187661  59
30.198163  371
30.205998  98
30.233222  27
30.242890  27
30.257247  309
30.275105  33
30.304027  386
30.318360  368
30.323264  66
30.380506  46
30.405044  45
30.407157  33
30.423230  360
30.424903  360
30.431765  359
30.438942  20
30.440895  365
30.449984  363
30.465739  16
30.470923  15
30.490381  14
30.541226  21
30.559819  61
30.584854  0
30.609650  274
30.615068  270
30.635557  318
30.641801  304
30.653131  10
30.685798  0
30.704290  0
30.725435  281
30.740707  287
30.765304  0
30.776826  281
30.841381  0
30.864005  11
30.929288  241
30.933913  240
30.967066  0
31.013681  3
31.058463  0
31.134589  226
31.197691  0
31.278000  285
31.341661  13
31.380745  13
31.390709  283
31.471584  1
31.490935  12
31.499345  15
31.518358  13
31.539403  16
31.546100  18
31.553037  18
31.555050  231
31.572677  235
31.582046  237
31.586271  236
31.589497  292
31.642337  10
31.646222  8
31.652958  12
31.656903  12
31.660409  12
31.662601  290
31.680834  2
31.705091  23
31.709963  299
31.715721  28
31.793568  11
31.870644  22
31.911162  244
31.922319  11
31.997142  29
32.010443  292
32.031848  24
32.048389  29
32.061244  32
32.133362  27
32.140359  27
32.168089  20
32.189593  28
32.206493  32
32.226225  246
32.238700  246
32.243345  306
32.245597  252
32.249902  311
32.263077  304
32.273780  18
32.306128  22
32.310693  30
32.330046  22
32.334471  33
32.336364  311
32.353344  23
32.358208  311
32.374095  315
32.383065  36
32.482516  28
32.505222  43
32.516324  31
32.526907  34
32.542574  37
32.558081  51
32.575860  253
32.586722  255
32.594158  317
32.600236  267
32.604761  274
32.609246  20
32.627785  315
32.629658  27
32.673917  35
32.675770  40
32.682287  36
32.686612  38
32.688365  315
32.694862  58
32.707937  33
32.714235  323
32.720733  53
32.741711  322
32.743504  46
32.766187  54
32.815233  45
32.819897  47
32.823543  31
32.830739  49
32.835004  47
32.860594  38
32.904563  56
32.906136  54
32.909482  53
32.921842  332
32.933579  279
32.948446  280
32.957076  338
32.968812  281
32.973017  44
32.986111  58
32.988204  343
33.055710  336
33.069459  47
33.073484  73
33.084786  339
33.121456  347
33.136124  73
33.199264  285
33.209707  49
33.214012  73
33.228787  80
33.244054  59
33.275530  68
33.280554  73
33.306311  287
33.310616  285
33.323091  281
33.335446  55
33.348821  347
33.365216  343
33.388768  58
33.402361  57
33.415702  69
33.449582  62
33.460944  344
33.462517  72
33.472900  68
33.504353  77
33.529663  83
33.564643  71
33.568269  74
33.652105  71
33.654477  77
33.691877  282
33.703339  302
33.716828  55
33.732375  347
33.742818  58
33.788499  64
33.800655  70
33.820465  78
33.824870  80
33.826603  349
33.834534  90
33.841491  73
33.859724  74
33.873045  361
33.892659  366
33.912951  95
33.923673  303
33.929612  103
33.968024  82
33.986223  96
33.996306  100
34.013505  80
34.017810  82
34.044662  78
34.047214  91
34.051819  94
34.056484  99
34.060549  104
34.088031  308
34.095247  317
34.101884  367
34.103537  73
34.109954  75
34.115872  320
34.124482  321
34.133551  371
34.138296  379
34.142321  78
34.152924  364
34.177421  369
34.188863  83
34.197873  92
34.207062  95
34.212026  102
34.233866  95
34.235939  370
34.242017  102
34.251086  87
34.261509  106
34.270319  117
34.290631  379
34.300274  386
34.336374  108
34.341618  118
34.353993  89
34.386640  93
34.397383  111
34.403720  114
34.416802  119
34.432416  103
34.438535  103
34.462239  121
34.473402  107
34.477627  110
34.488590  128
34.510815  386
34.514601  325
34.524924  326
34.553984  97
34.558249  355
34.569271  359
34.588064  393
34.592609  105
34.623672  398
34.645195  117
34.649700  121
34.667099  124
34.672917  127
34.678944  414
34.698842  144
34.704820  115
34.709325  128
34.713830  142
34.728797  120
34.736234  419
34.747077  420
34.751062  120
34.789415  360
34.800458  153
34.835999  124
34.844389  127
34.851066  122
34.859456  150
34.868033  158
34.876424  140
34.880389  165
34.890733  169
34.895378  144
34.927312  134
34.935782  140
34.942899  150
34.951269  154
34.965977  366
34.981403  368
34.994338  372
34.998523  164
35.000256  136
35.002249  429
35.006754  371
35.009406  139
35.043053  430
35.054055  422
35.089574  150
35.092840  144
35.110064  153
35.131630  157
35.147816  422
35.158259  161
35.162364  437
35.168841  168
35.189221  151
35.199564  161
35.212858  442
35.217902  171
35.230977  437
35.270142  171
35.295752  167
35.315644  162
35.324374  160
35.353443  154
35.357488  169
35.386084  157
35.399278  160
35.426841  163
35.449299  378
35.467079  386
35.486618  441
35.495987  390
35.508762  448
35.524669  155
35.531127  450
35.561422  451
35.573977  170
35.618219  173
35.623203  174
35.696967  453
35.701572  174
35.718013  453
35.736180  174
35.741938  187
35.755992  191
35.786445  172
35.814594  174
35.816287  176
35.826756  180
35.828868  187
35.842603  196
35.855459  203
35.901158  166
35.906923  185
35.920304  202
35.933468  205
35.963917  164
35.966030  394
35.976972  409
35.981437  194
35.983090  432
35.991800  458
36.001223  170
36.018903  458
36.025620  469
36.031338  171
36.079309  197
36.099955  183
36.104100  188
36.133264  211
36.141893  185
36.151242  462
36.153055  211
36.164117  487
36.174649  216
36.177361  206
36.183319  181
36.206076  196
36.210800  492
36.223216  212
36.230672  492
36.235257  495
36.246159  195
36.257775  218
36.268198  219
36.291002  204
36.292795  202
36.308642  205
36.326841  202
36.333758  220
36.342467  212
36.349164  210
36.353729  222
36.364571  220
36.375852  211
36.404333  217
36.438674  434
36.446470  219
36.455300  220
36.481429  435
36.503453  445
36.513436  207
36.529883  445
36.543357  498
36.556695  444
36.601945  491
36.611134  206
36.629094  209
36.634577  204
36.643667  209
36.664358  487
36.692671  219
36.697790  222
36.722274  217
36.736148  215
36.747789  499
36.752273  502
36.762540  222
36.849034  222
36.851566  222
36.857704  217
36.887445  223
36.893487  222
36.939895  217
36.992364  220
36.998442  440
37.031043  209
37.057536  447
37.067124  503
37.071309  506
37.107794  211
37.114001  493
37.122523  493
37.125015  206
37.156321  208
37.168961  218
37.177870  223
37.181915  222
37.199074  495
37.204657  218
37.206310  216
37.214620  208
37.220917  205
37.234311  201
37.236004  205
37.240568  200
37.245452  485
37.258500  425
37.290611  206
37.299245  199
37.356379  212
37.362097  205
37.364549  200
37.394489  214
37.396462  209
37.399174  213
37.409062  213
37.415899  198
37.447295  209
37.486556  210
37.497147  209
37.499639  424
37.507195  212
37.550670  183
37.553282  469
37.557347  178
37.582891  173
37.592379  161
37.614127  167
37.642543  162
37.644416  165
37.648461  449
37.652673  171
37.666427  183
37.675923  172
37.680088  174
37.684432  182
37.693101  180
37.704902  180
37.713691  176
37.720528  178
37.727245  469
37.728818  467
37.731090  467
37.742211  182
37.753412  181
37.761702  178
37.763595  180
37.769178  167
37.803026  178
37.821320  176
37.830868  170
37.836511  165
37.844910  165
37.847262  164
37.865959  173
37.867832  171
37.878459  159
37.885016  159
37.893845  163
37.903494  162
37.936026  163
37.951633  158
37.975670  145
37.981788  374
37.995682  443
38.004852  156
38.043409  147
38.055684  145
38.057337  155
38.072903  144
38.077328  134
38.079201  404
38.090502  133
38.098832  401
38.103776  123
38.109200  117
38.119148  111
38.122554  108
38.126659  386
38.140273  102
38.160224  99
38.162776  86
38.195801  99
38.216511  88
38.232478  86
38.244353  83
38.255035  73
38.257427  356
38.267989  78
38.276279  77
38.278991  72
38.339742  59
38.342354  284
38.346899  58
38.355069  347
38.363799  53
38.377992  336
38.383690  42
38.390647  43
38.401668  53
38.417203  42
38.423141  322
38.435276  50
38.443506  42
38.447911  40
38.460886  50
38.469876  327
38.491101  49
38.497019  46
38.501804  37
38.526280  38
38.544019  27
38.554841  29
38.570735  28
38.580544  21
38.584689  308
38.658034  310
38.663338  21
38.667703  248
38.686515  20
38.689147  32
38.717029  19
38.723147  29
38.730144  18
38.738794  22
38.745132  23
38.746865  303
38.757308  27
38.760794  21
38.766352  297
38.779886  27
38.798065  310
38.819730  29
38.821423  17
38.842255  23
38.859559  17
38.896629  10
38.901173  291
38.918253  18
38.935393  17
38.979022  13
38.984780  240
38.986693  12
39.007598  11
39.018520  301
39.075024  27
39.103107  26
39.139759  26
39.193872  23
39.241660  24
39.314851  12
39.336476  24
39.358581  11
39.362986  23
39.377454  14
39.409107  18
39.417818  300
39.448865  305
39.457655  45
39.464392  40
39.496140  24
39.509896  27
39.530650  35
39.541532  22
39.549942  25
39.555381  302
39.584183  39
39.600903  19
39.609713  19
39.673935  314
39.684778  24
39.692948  48
39.701278  316
39.709928  22
39.723622  26
39.725914  37
39.739268  48
39.750830  41
39.753262  30
39.771945  312
39.797154  59
39.810050  319
39.811883  62
39.829922  66
39.871612  66
39.896249  59
39.913517  61
39.922567  43
39.926812  62
39.935602  335
39.952582  61
39.981603  35
40.027072  335
40.051009  49
40.067946  53
40.071312  75
40.095858  76
40.097591  48
40.106400  348
40.110445  52
40.112518  70
40.128665  62
40.150531  47
40.170790  335
40.182412  346
40.186957  69
40.208696  363
40.210908  97
40.217645  99
40.233092  76
40.243934  100
40.277754  102
40.285984  71
40.308009  88
40.310142  66
40.325418  70
40.331176  352
40.345309  372
40.351667  72
40.358684  105
40.366215  61
40.376498  77
40.386201  73
40.452733  79
40.466901  96
40.473379  101
40.481909  101
40.486274  366
40.502995  99
40.509992  375
40.511565  107
40.516390  83
40.529065  94
40.540841  95
40.549510  96
40.553775  97
40.560272  104
40.569381  374
40.582280  96
40.606536  379
40.629414  91
40.648426  108
40.652711  109
40.667706  112
40.709204  260
40.716041  96
40.722019  111
40.831525  385
40.896659  116
40.929505  101
40.943333  106
40.959039  107
40.984176  108
41.005061  381
41.015384  392
41.022281  112
41.034576  114
41.054589  120
41.067443  130
41.086936  133
41.095806  134
41.099651  113
41.127365  115
41.143851  58
41.148216  112
41.150269  118
41.158999  133
41.178021  122
41.184039  121
41.201919  125
41.206424  128
41.228389  107
41.245508  121
41.268405  122
41.337902  130
41.345259  115
41.360826  104
41.366845  127
41.373902  108
41.380978  123
41.384903  132
41.400111  135
41.404176  138
41.408701  118
41.415018  130
41.425221  125
41.427274  129
41.433552  135
41.459590  132
41.482987  132
41.491085  140
41.493757  134
41.511256  139
41.522138  142
41.531048  159
41.539378  161
41.563375  169
41.571944  169
41.582966  128
41.597114  104
41.603152  138
41.610449  136
41.616527  143
41.636467  144
41.651921  145
41.659891  148
41.662583  152
41.671333  153
41.696583  149
41.706826  137
41.776873  168
41.784924  152
41.826303  162
41.839877  144
41.858270  153
41.871065  160
41.885872  160
41.889877  156
41.891710  148
41.901319  159
41.920712  153
41.950547  164
41.972052  164
41.974304  160
41.995290  168
42.024271  127
42.028377  144
42.032582  170
42.057226  148
42.072783  162
42.075075  139
42.081253  159
42.115033  158
42.117086  158
42.131574  164
42.145128  166
42.153739  167
42.172891  161
42.188932  163
42.267053  164
42.287692  171
42.294130  148
42.316262  161
42.354553  175
42.360720  178
42.367285  180
42.381654  179
42.395921  186
42.425142  170
42.436025  178
42.451572  182
42.470985  189
42.479675  177
42.490538  200
42.536047  205
42.545336  212
42.555619  213
42.557772  170
42.573838  178
42.575991  160
42.589666  177
42.593911  188
42.615543  189
42.620028  194
42.630946  186
42.656316  196
42.681786  191
42.685791  180
42.706577  182
42.719292  183
42.766529  190
42.793952  164
42.810493  199
42.824426  190
42.830884  182
42.837201  204
42.843259  183
42.866863  210
42.877805  203
42.886455  211
42.890880  199
42.895265  188
42.903995  200
42.906108  201
42.912526  200
42.932999  193
42.948070  203
42.953713  194
42.960230  213
42.964375  208
42.972745  217
42.988152  195
42.990245  215
42.996563  210
43.005752  178
43.030763  225
43.064663  235
43.075445  231
43.078831  207
43.081263  229
43.082896  212
43.098703  197
43.114613  217
43.138729  216
43.143334  221
43.156509  218
43.172375  222
43.203264  223
43.210700  214
43.233563  214
43.289041  210
43.293765  208
43.305881  207
43.324746  217
43.348724  212
43.359961  217
43.362293  211
43.376366  209
43.378459  207
43.410457  221
43.424190  219
43.426542  215
43.434973  217
43.450560  211
43.464917  206
43.476619  220
43.551333  207
43.571064  223
43.593487  203
43.607801  206
43.669298  216
43.693633  218
43.701628  219
43.727842  217
43.740077  215
43.790010  209
43.817261  227
43.856510  212
43.883926  225
43.887057  212
43.899617  218
43.924137  215
43.940782  218
43.942994  217
43.949871  214
43.970741  213
43.988200  208
43.995716  212
44.006643  223
44.043223  213
44.058215  202
44.069197  220
44.077827  220
44.098118  219
44.119342  204
44.127959  219
44.140920  213
44.142398  202
44.144790  215
44.146503  212
44.149374  210
44.167872  197
44.185391  196
44.216173  183
44.220078  194
44.227035  183
44.246151  190
44.299428  191
44.307918  171
44.330162  181
44.338197  164
44.344355  166
44.363973  163
44.376528  147
44.378980  145
44.380793  145
44.387590  145
44.394027  145
44.412385  140
44.420265  145
44.429334  139
44.440236  150
44.441989  149
44.450144  151
44.475606  145
44.488900  143
44.498303  133
44.508717  147
44.516667  146
44.538692  132
44.543456  145
44.545469  131
44.552346  145
44.559363  134
44.563488  143
44.573717  135
44.575710  128
44.577843  133
44.606057  135
44.657794  142
44.660206  135
44.683864  140
44.698732  137
44.720156  128
44.728786  116
44.747404  122
44.782976  105
44.786782  103
44.800364  110
44.819801  106
44.834689  104
44.862027  117
44.876954  107
44.891167  100
44.901010  98
44.910339  107
44.938122  88
44.942467  103
44.955961  91
44.968835  93
44.987754  101
45.002507  100
45.006812  98
45.025430  98
45.029615  96
45.041915  90
45.052637  80
45.062360  77
45.070670  85
45.077407  82
45.097173  85
45.108714  75
45.114991  72
45.123301  81
45.155288  75
45.159333  80
45.161246  73
45.167703  77
45.171149  72
45.186316  63
45.193607  65
45.221719  66
45.232461  59
45.250340  56
45.258830  48
45.268060  65
45.273818  63
45.296206  50
45.316951  62
45.323288  54
45.338195  53
45.346525  46
45.349851  43
45.365418  42
45.373708  36
45.376060  38
45.386228  28
45.402529  33
45.427865  34
45.433703  45
45.447338  32
45.492041  30
45.497839  38
45.524288  31
45.528773  27
45.546133  39
45.646080  45
45.658261  36
45.671376  57
45.679826  33
45.692961  65
45.728289  42
45.762896  28
45.800836  75
45.821762  33
45.830092  38
45.872608  42
45.890308  56
45.908087  58
45.931145  63
45.950157  42
45.983916  47
45.988361  78
45.992246  42
46.034304  55
46.060774  67
46.065619  74
46.071797  87
46.084792  89
46.093662  83
46.107077  82
46.109769  57
46.115187  65
46.131654  53
46.133507  73
46.148854  63
46.150987  75
46.173985  83
46.224345  67
46.241045  56
46.269368  50
46.293748  73
46.307082  74
46.338710  81
46.380941  69
46.387839  96
46.392404  65
46.403066  71
46.419887  67
46.426464  103
46.452573  77
46.456758  109
46.466062  95
46.473738  110
46.516108  101
46.518400  82
46.533887  88
46.544050  79
46.550927  90
46.559177  98
46.578589  112
46.606039  71
46.627064  92
46.633361  81
46.649802  77
46.662457  103
46.675852  91
46.695604  103
46.697477  90
46.712104  106
46.713797  91
46.747791  114
46.760366  96
46.766684  115
46.779779  101
46.781712  117
46.795606  115
46.837003  96
46.868331  99
46.883679  107
46.887964  111
46.905231  118
46.913401  122
46.928908  97
46.941863  112
46.949934  120
46.963608  123
46.974891  108
46.980649  111
46.989599  98
47.003474  106
47.019301  124
47.047590  111
47.064250  113
47.095565  106
47.100190  118
47.108380  129
47.112745  99
47.132478  103
47.148605  105
47.151137  131
47.161021  111
47.164227  133
47.168552  137
47.181927  126
47.199587  120
47.209470  142
47.215128  141
47.223578  134
47.243411  101
47.254034  108
47.258419  122
47.266469  78
47.281237  132
47.298562  129
47.313809  115
47.322459  150
47.329037  138
47.368350  120
47.376780  139
47.389795  134
47.394440  139
47.397052  140
47.407542  153
47.424183  126
47.433931  138
47.448079  134
47.459121  136
47.475268  152
47.521191  137
47.529361  132
47.556750  139
47.567761  142
47.571866  154
47.591179  137
47.592852  134
47.614635  146
47.644470  155
47.646043  156
47.660237  156
47.691071  156
47.718214  95
47.719867  146
47.722279  143
47.724931  158
47.738026  159
47.742570  144
47.760084  145
47.767575  154
47.771560  159
47.773133  146
47.803327  161
47.814209  151
47.828158  156
47.851502  157
47.856326  151
47.867269  157
47.943545  110
47.979004  154
48.036208  165
48.062918  167
48.083943  161
48.089167  161
48.097318  169
48.118123  161
48.134350  176
48.144812  166
48.160052  164
48.171968  183
48.193652  148
48.210513  157
48.212426  136
48.234698  165
48.273582  159
48.287690  171
48.299946  173
48.324802  162
48.331879  175
48.336144  169
48.344694  170
48.362113  164
48.370224  167
48.374429  169
48.395655  167
48.406598  167
48.417660  182
48.426210  167
48.446962  169
48.466948  162
48.496056  170
48.513835  178
48.532228  164
48.540558  169
48.564848  177
48.572411  172
48.616753  176
48.629229  180
48.633773  147
48.637359  189
48.653999  192
48.668832  192
48.697115  190
48.699607  167
48.720472  171
48.737732  182
48.757744  170
48.774804  174
48.803521  173
48.827198  181
48.829011  181
48.844038  170
48.882724  171
48.892667  183
48.899903  171
48.904628  173
48.928426  170
48.934604  161
49.049895  175
49.057212  183
49.067395  193
49.119542  183
49.128292  203
49.139495  203
49.150658  184
49.155442  207
49.172623  208
49.186378  178
49.208701  176
49.231958  191
49.237936  199
49.249358  184
49.256115  190
49.263626  182
49.304719  182
49.328555  204
49.349068  205
49.357518  185
49.386374  191
49.392792  208
49.412604  208
49.416929  192
49.419062  189
49.446584  177
49.455353  201
49.485049  200
49.522961  193
49.531751  196
49.543787  200
49.551303  211
49.559653  202
49.585696  204
49.609473  207
49.650611  215
49.652304  207
49.679193  214
49.692027  204
49.700857  203
49.759774  207
49.788990  210
49.854096  209
49.864264  218
49.880065  203
49.899397  207
49.934657  215
49.936370  203
49.955842  211
49.968877  213
49.981912  198
50.016551  216
50.048085  221
50.062860  206
50.077107  213
50.079479  225
50.081552  219
50.109854  210
50.160542  226
50.162734  232
50.171671  224
50.179941  227
50.190624  237
50.194929  202
50.201007  234
50.231234  217
50.244289  207
50.277023  212
50.286173  225
50.288565  225
50.293090  219
50.297295  226
50.310829  231
50.319439  230
50.322031  222
50.333201  231
50.344243  218
50.360389  225
50.385565  226
50.403619  213
50.408244  219
50.430367  215
50.447606  232
50.497858  225
50.505089  229
50.511526  233
50.513918  225
50.516410  220
50.526634  226
50.566008  235
50.620012  225
50.645254  226
50.656223  232
50.673667  235
50.698922  240
50.733166  241
50.734584  241
50.744059  240
50.762522  223
50.769159  222
50.778767  218
50.792860  223
50.797464  224
50.801969  219
50.809185  218
50.816721  223
50.826569  227
50.837551  218
50.844495  224
50.853703  224
50.863336  217
50.877769  221
50.901449  217
50.917895  216
50.920467  215
50.938693  211
50.968538  217
51.021452  214
51.026096  219
51.042921  213
51.045114  212
51.081419  217
51.086243  214
51.116333  215
51.161643  209
51.165808  208
51.176355  203
51.181159  212
51.200256  208
51.206054  206
51.224272  192
51.233421  198
51.235314  186
51.263082  197
51.275337  193
51.281834  184
51.290483  187
51.304661  190
51.307113  189
51.309485  184
51.319747  177
51.320446  175
51.322019  177
51.329909  180
51.352061  178
51.366833  175
51.374624  178
51.384627  171
51.392163  174
51.411627  169
51.413025  174
51.414738  176
51.425050  169
51.432990  169
51.468804  157
51.471496  157
51.482746  158
51.486052  154
51.506650  158
51.547914  160
51.569497  145
51.577033  151
51.583590  151
51.589033  142
51.603366  137
51.604979  145
51.626208  145
51.651291  150
51.674129  136
51.679627  150
51.688296  146
51.708174  134
51.714919  128
51.720043  126
51.723968  123
51.730645  128
51.732678  127
51.742366  119
51.747151  126
51.749344  125
51.754228  127
51.771287  121
51.795536  126
51.827468  112
51.831833  123
51.840722  111
51.847147  111
51.875273  121
51.879378  107
51.881490  106
51.900723  104
51.911075  100
51.922556  99
51.950103  101
51.964576  94
51.967148  95
51.974225  93
51.990993  82
51.995498  92
51.999663  89
52.015516  91
52.030223  88
52.035267  89
52.057372  80
52.066182  91
52.088966  78
52.093271  74
52.100008  75
52.109018  78
52.120679  73
52.124964  77
52.133574  82
52.150654  78
52.172642  82
52.189207  78
52.201742  70
52.211371  81
52.217988  67
52.243722  71
52.257575  66
52.271228  84
52.310233  76
52.322908  71
52.362336  64
52.366781  73
52.379716  64
52.390478  62
52.400441  63
52.420333  60
52.425871  67
52.431509  66
52.438306  65
52.449727  58
52.453812  53
52.462862  57
52.467147  58
52.473404  47
52.476650  52
52.482308  48
52.523792  53
52.544198  39
52.596803  52
52.646690  52
52.665009  48
52.668275  50
52.674952  51
52.713922  48
52.720160  53
52.740052  54
52.745460  57
52.763433  64
52.766005  54
52.779859  55
52.808501  72
52.825161  54
52.848032  65
52.861166  61
52.869716  59
52.879165  59
52.976745  53
52.985195  55
52.989280  50
53.003428  54
53.098620  63
53.111595  67
53.119805  67
53.128275  60
53.132720  66
53.145075  64
53.153465  70
53.178141  54
53.182846  55
53.194962  51
53.199287  58
53.205105  52
53.207697  62
53.250857  67
53.275219  72
53.292759  71
53.346072  58
53.354502  59
53.357134  64
53.368077  65
53.372282  54
53.398698  62
53.438297  73
53.451272  73
53.459742  71
53.498908  74
53.515528  74
53.521546  64
53.530956  71
53.543951  72
53.553135  59
53.554748  82
53.558953  61
53.565590  64
53.569775  69
53.574200  70
53.578745  70
53.584943  70
53.602502  70
53.609419  73
53.611991  60
53.621280  75
53.644818  76
53.662696  63
53.736194  71
53.754341  71
53.758566  67
53.770635  78
53.777333  84
53.779306  64
53.788795  77
53.794573  80
53.831917  84
53.851190  73
53.865898  83
53.870603  93
53.875088  93
53.887683  93
53.892128  89
53.902651  91
53.909628  72
53.913513  92
53.932133  73
53.938551  96
53.946661  69
53.953322  83
53.960199  83
53.965243  71
54.058126  92
54.090667  84
54.119768  78
54.126425  85
54.130770  84
54.139020  89
54.142546  86
54.160372  82
54.164977  93
54.171275  86
54.173907  85
54.182357  97
54.200296  83
54.216022  68
54.230020  100
54.242815  101
54.261668  102
54.279108  107
54.289191  106
54.300507  102
54.317052  105
54.334886  98
54.340624  100
54.349733  92
54.352245  109
54.358862  88
54.367512  90
54.373650  90
54.375822  91
54.379727  100
54.394215  94
54.410861  97
54.423277  100
54.462190  93
54.491285  99
54.537216  95
54.554656  101
54.569254  110
54.587493  101
54.591698  103
54.593671  104
54.614956  95
54.618761  100
54.640366  103
54.672634  106
54.685589  108
54.706194  110
54.722674  105
54.724807  107
54.744379  113
54.748504  94
54.753248  96
54.755441  112
54.764451  99
54.768936  104
54.794485  110
54.805327  104
54.810092  107
54.811825  108
54.818902  111
54.831956  95
54.840426  107
54.865616  110
54.874366  98
54.887381  112
54.943778  104
54.964437  104
54.966010  110
54.978285  100
54.986895  109
54.990900  104
54.999230  102
55.038655  110
55.044893  110
55.055795  110
55.072476  108
55.087363  108
55.123716  108
55.157515  105
55.159648  119
55.175435  102
55.181753  103
55.201446  111
55.211016  115
55.225090  109
55.229155  103
55.241890  110
55.270352  113
55.286019  112
55.294689  120
55.305631  113
55.386253  109
55.395922  114
55.409311  122
55.415009  120
55.423799  105
55.433942  111
55.436334  134
55.438407  107
55.451939  137
55.453512  107
55.455405  130
55.467246  140
55.475277  109
55.489385  123
55.523271  108
55.540831  150
55.546636  155
55.574488  155
55.584771  157
55.586804  152
55.591229  138
55.605636  125
55.609581  125
55.613906  156
55.616118  117
55.622356  169
55.647487  140
55.652172  118
55.658030  142
55.661855  119
55.666699  147
55.675429  154
55.685812  152
55.753072  159
55.770772  132
55.775077  161
55.805613  150
55.849422  134
55.856718  147
55.864876  144
55.870974  144
55.874440  148
55.895665  150
55.904614  153
55.909718  155
55.914243  165
55.918528  166
55.920860  160
55.927198  162
55.935708  160
55.939733  155
55.944078  122
55.956454  162
55.960779  164
55.962832  170
55.988341  157
55.994638  166
56.013451  163
56.024533  165
56.033443  165
56.040200  164
56.045958  163
56.062918  157
56.069335  169
56.078445  155
56.093213  147
56.099120  151
56.112315  154
56.114527  173
56.122338  185
56.150640  166
56.199388  146
56.201081  167
56.211643  162
56.229042  166
56.266435  164
56.305547  180
56.352928  164
56.357013  166
56.365963  167
56.395619  167
56.409687  167
56.418976  163
56.487604  176
56.493842  167
56.502572  178
56.510243  181
56.523365  175
56.549842  167
56.559186  162
56.582356  150
56.592859  168
56.599196  167
56.600789  188
56.607866  194
56.612431  174
56.616377  171
56.631944  172
56.640035  186
56.642387  185
56.665205  186
56.674354  181
56.682964  165
56.687249  186
56.726673  166
56.730299  187
56.763886  176
56.817866  183
56.836299  177
56.840404  189
56.843730  185
56.862547  181
56.866592  189
56.871177  182
56.910261  183
56.913627  171
56.929574  189
56.982147  194
56.996895  179
57.009910  175
57.022785  173
57.024957  169
57.028143  182
57.032608  173
57.036453  173
57.038126  166
57.045123  170
57.058178  181
57.064376  177
57.072726  175
57.076931  174
57.086308  167
57.100415  160
57.130708  170
57.147109  178
57.159684  176
57.229850  180
57.265416  179
57.273706  171
57.307394  167
57.329398  175
57.355487  172
57.360431  179
57.377051  168
57.421840  174
57.423873  166
57.445362  175
57.453018  180
57.465474  184
57.480181  186
57.512295  175
57.565627  196
57.570571  176
57.574796  196
57.594029  182
57.599474  185
57.604358  186
57.605931  175
57.623351  184
57.649840  179
57.651453  187
57.708581  187
57.772236  182
57.792449  182
57.817600  180
57.829948  191
57.836765  190
57.855238  195
57.861815  171
57.874397  203
57.878882  174
57.883667  198
57.890944  181
57.896522  189
57.904773  202
57.933035  182
57.960427  188
57.973362  197
58.003177  191
58.007082  211
58.023762  179
58.028087  194
58.037056  209
58.039209  187
58.048019  195
58.054736  210
58.060954  214
58.063166  194
58.090961  206
58.092654  190
58.097059  220
58.110753  207
58.114638  193
58.117944  185
58.128634  221
58.148047  215
58.181733  216
58.205930  199
58.219104  214
58.275907  215
58.280252  205
58.282405  221
58.289082  204
58.305749  190
58.326638  216
58.332516  209
58.377581  196
58.383160  209
58.385113  213
58.392669  195
58.404710  209
58.418524  205
58.473260  193
58.475453  210
58.546218  195
58.550543  198
58.597186  205
58.604202  205
58.605915  231
58.610579  199
58.626470  231
58.640204  198
58.655871  196
58.676581  217
58.697757  219
58.718208  195
58.725045  197
58.730783  215
58.795420  218
58.799585  205
58.815730  196
58.838828  190
58.846639  204
58.852996  213
58.858534  213
58.872946  203
58.879463  209
58.894217  192
58.954984  203
59.044683  219
59.086933  199
59.093490  194
59.103952  195
59.108716  203
59.113500  215
59.114499  195
59.121316  214
59.126660  190
59.139779  214
59.141612  189
59.145797  189
59.148049  188
59.162801  188
59.165592  187
59.174681  203
59.177233  197
59.180444  197
59.191382  182
59.214166  179
59.222656  179
59.227001  202
59.235356  192
59.278734  169
59.286964  153
59.305442  150
59.326512  146
59.337818  137
59.359162  140
59.360735  132
59.362348  130
59.366433  125
59.371457  123
59.429452  119
59.433777  114
59.469078  111
59.471230  113
59.473782  113
59.482052  107
59.490841  101
59.492834  102
59.502902  100
59.506188  102
59.508520  91
59.516870  100
59.525940  106
59.532437  90
59.544477  89
59.556051  90
59.564741  83
59.573631  95
59.575204  93
59.585012  77
59.605604  76
59.616566  79
59.620871  99
59.628467  96
59.666204  81
59.675753  75
59.689088  69
59.722554  84
59.736562  66
59.749237  67
59.803614  58
59.847770  62
59.890639  64
59.896497  68
59.898170  62
59.900642  74
59.908692  61
59.922880  62
59.924573  78
59.926905  59
59.933482  60
59.978198  62
